28
1284
7 3 48
15 27 93
1 5 77
23 13 17
22 8 21
1 17 23
19 6 94
7 21 81
10 10 30
16 23 78
1 8 50
4 27 16
27 14 6
1 6 15
9 5 11
15 25 96
9 12 38
15 21 86
26 3 26
10 6 93
28 22 59
14 13 48
2 3 35
23 23 71
2 3 40
3 27 87
23 16 54
8 9 48
2 23 47
1 21 41
12 7 72
4 15 54
6 24 44
12 8 10
2 24 82
24 9 66
4 9 54
18 1 5
24 20 43
8 21 99
12 3 2
12 28 53
22 26 46
12 20 71
1 1 11
8 27 72
28 15 20
21 24 74
25 15 20
8 16 78
19 21 14
26 11 28
15 16 38
22 12 99
6 2 26
14 3 96
28 4 74
9 17 86
17 6 85
28 15 70
11 5 84
3 18 66
8 21 84
16 16 95
21 1 34
27 24 74
17 5 40
15 10 49
12 6 79
26 4 44
23 27 24
17 15 18
19 1 92
14 5 71
18 1 64
12 9 35
25 11 96
10 22 48
27 19 55
3 18 58
12 10 97
14 18 59
17 8 3
25 24 29
16 2 6
9 26 74
5 19 82
10 4 11
18 18 99
6 19 74
11 17 97
23 24 18
9 27 59
24 16 12
2 24 81
12 15 72
21 4 96
20 9 83
21 9 55
18 13 57
7 5 47
28 16 46
2 10 38
25 18 57
2 22 85
22 14 50
20 28 95
9 16 85
9 13 98
28 3 30
17 4 36
6 15 59
14 17 26
23 5 82
16 11 35
24 1 68
25 23 56
12 22 49
22 24 2
2 21 34
26 15 8
5 2 49
7 24 46
28 26 77
6 17 81
10 9 57
19 3 9
19 4 18
1 17 21
25 26 95
15 25 54
6 2 97
2 17 46
27 24 4
10 27 38
11 13 76
24 4 34
15 1 20
16 1 3
1 14 64
20 18 49
7 19 37
27 22 85
22 7 81
13 22 84
15 23 59
7 5 76
24 27 37
8 13 21
13 18 81
1 8 41
28 13 24
26 4 61
21 19 19
19 28 61
19 15 1
26 2 50
6 1 10
22 4 18
7 15 62
3 16 16
10 9 24
23 28 94
19 9 98
15 25 4
23 5 93
13 16 27
26 8 85
15 11 55
2 28 17
4 13 36
11 5 88
26 27 68
20 13 18
20 17 24
17 23 23
15 7 55
18 24 58
6 5 19
5 10 53
15 21 74
17 22 10
3 11 4
27 22 87
2 3 80
18 10 0
15 28 49
24 18 17
23 25 55
15 1 13
18 23 55
8 8 25
6 1 0
21 21 47
12 4 57
20 1 7
5 16 90
14 15 67
12 18 62
25 8 35
26 28 27
2 14 85
21 15 10
1 23 41
11 1 63
12 19 60
6 24 80
16 22 84
16 4 45
25 28 7
26 13 87
13 16 48
15 13 26
2 11 62
8 6 48
13 2 72
2 9 51
25 2 14
3 24 95
8 8 19
24 6 73
20 26 43
3 6 70
25 7 27
12 24 7
12 27 92
28 11 50
13 16 98
17 7 6
28 20 68
8 11 50
10 15 26
1 24 95
8 21 74
1 9 24
11 24 81
27 28 30
24 23 77
11 27 78
18 26 52
7 15 67
20 12 92
23 13 25
20 16 77
4 14 29
28 9 40
28 16 80
13 17 77
21 2 25
17 21 92
2 11 55
17 19 75
12 20 71
23 18 6
20 18 17
10 21 81
16 21 87
11 6 47
2 3 10
7 1 56
12 16 1
4 4 18
9 21 49
22 28 2
6 4 64
22 26 45
6 1 50
21 22 31
2 17 56
25 20 19
23 16 46
22 15 15
1 7 52
5 28 53
3 3 7
5 27 13
5 21 71
15 6 35
23 28 59
17 16 43
11 28 18
4 10 71
11 13 68
7 5 17
13 20 3
5 9 45
19 15 48
27 13 97
4 4 100
10 7 62
5 7 100
22 2 93
7 7 57
22 6 23
26 6 71
11 15 52
1 12 8
22 7 66
19 19 38
6 8 91
20 5 15
28 11 69
23 12 14
4 6 55
3 26 45
6 26 93
26 22 34
15 2 55
15 9 81
20 14 18
13 17 98
2 27 56
13 1 7
4 23 98
16 26 47
13 7 56
11 2 15
18 11 32
21 18 20
3 13 77
16 12 21
22 10 38
17 4 4
4 1 39
20 5 98
20 25 70
19 5 77
25 25 9
10 14 64
18 27 9
10 10 14
20 5 24
8 18 74
26 4 42
5 19 13
26 1 48
13 1 2
8 28 68
10 9 31
20 21 16
3 7 26
15 11 44
22 10 57
17 21 49
17 12 37
8 4 27
11 14 81
11 15 66
5 7 42
17 16 75
11 23 90
7 8 22
26 20 42
21 9 39
17 16 41
19 26 46
14 5 85
19 2 30
5 16 80
15 19 54
6 15 28
1 7 61
14 27 82
28 11 69
22 13 84
1 15 86
14 14 76
9 11 67
24 26 99
18 15 97
8 27 52
28 16 32
24 22 15
28 23 50
22 23 54
17 22 100
25 21 13
16 9 19
3 25 35
26 22 95
10 6 4
21 21 11
21 4 14
26 21 27
2 27 68
5 14 85
8 23 51
3 9 83
7 8 20
9 8 59
9 4 45
8 13 11
2 2 68
22 12 10
22 14 19
20 1 32
19 20 87
1 12 81
25 10 37
19 3 79
21 22 17
6 11 51
16 13 77
28 20 60
18 5 93
28 14 56
17 9 52
26 21 28
16 26 7
7 11 46
9 21 54
25 27 59
24 17 15
10 5 15
14 25 54
23 3 83
18 2 15
15 19 53
19 17 2
11 15 41
18 14 45
10 25 91
28 8 91
15 17 52
15 26 10
25 20 56
7 23 84
6 9 93
28 1 15
3 24 41
6 26 31
13 11 46
13 14 61
18 24 64
26 1 12
19 1 75
12 22 43
11 25 66
15 24 70
2 7 5
4 5 55
17 10 84
28 20 56
22 1 48
6 17 76
1 10 92
2 18 72
17 28 74
1 17 18
3 7 79
20 3 89
27 11 33
12 1 37
9 28 46
9 4 83
10 13 92
14 7 47
17 13 3
9 22 5
23 17 97
8 17 89
25 8 13
24 28 98
4 22 28
28 26 43
9 23 23
26 9 90
8 26 74
6 27 92
1 8 65
26 5 77
5 23 44
11 4 54
7 8 17
15 9 36
2 8 19
13 26 76
27 28 77
12 1 29
1 14 82
13 2 21
24 1 57
5 25 32
14 13 91
8 1 16
22 13 27
16 14 43
10 6 90
4 15 35
11 26 68
25 4 96
16 13 63
14 7 18
16 8 77
26 18 73
8 9 78
4 20 93
7 17 79
3 10 70
12 16 74
26 9 0
19 18 21
12 18 93
23 24 1
11 19 70
1 6 41
21 3 67
27 27 0
4 26 94
20 4 42
7 27 93
28 1 83
23 21 87
11 12 38
20 2 80
27 27 66
26 22 40
8 28 20
2 24 41
20 26 54
25 17 94
24 12 72
4 20 39
10 13 81
6 9 1
17 21 42
5 3 99
15 10 44
13 8 52
5 5 34
22 21 38
1 19 13
16 9 72
2 22 88
19 12 89
8 17 83
12 1 27
24 6 54
22 16 98
15 17 91
8 15 98
8 3 92
23 16 27
12 10 47
23 21 89
2 9 30
27 4 5
20 18 30
5 20 4
6 27 91
10 13 1
5 17 36
14 16 8
23 9 44
19 4 99
26 13 7
15 22 25
1 25 56
26 25 17
17 18 71
10 27 78
16 24 53
9 13 7
9 19 48
4 20 47
25 6 98
15 9 91
10 8 36
4 21 19
27 12 67
6 3 54
20 22 58
14 6 46
5 11 61
3 5 0
9 21 43
27 2 14
27 3 2
11 2 11
12 28 78
20 6 45
1 16 91
3 6 98
4 3 32
25 27 26
11 26 22
15 2 12
24 10 73
28 5 68
10 3 95
6 18 73
10 10 99
24 23 39
17 17 56
22 27 16
26 16 58
20 6 6
22 8 69
27 23 73
12 25 57
11 20 1
21 25 95
26 2 38
6 7 43
24 2 84
9 22 18
18 7 83
23 21 32
11 12 68
23 21 78
9 10 25
3 5 20
11 24 37
3 20 54
3 22 56
15 5 85
9 15 61
21 19 53
2 4 96
15 7 77
21 16 95
12 3 69
18 6 8
17 1 61
23 23 23
4 23 21
9 5 31
20 28 40
7 17 69
9 1 0
3 6 61
13 12 85
6 4 93
22 22 62
10 24 27
16 26 55
27 20 47
4 12 68
19 15 44
2 12 72
5 14 67
4 19 39
1 23 99
1 24 93
26 6 94
20 4 97
8 13 54
23 14 81
8 12 89
11 24 88
4 25 40
5 9 89
9 20 60
19 23 23
16 19 73
10 17 88
27 21 28
21 14 86
23 12 44
27 10 12
24 22 94
2 10 76
6 12 35
28 21 4
2 16 76
25 7 1
5 20 79
5 24 74
26 10 60
13 18 42
2 27 58
9 2 15
2 19 40
1 23 26
18 22 14
26 12 48
6 26 70
5 9 17
21 8 21
4 17 54
15 2 49
27 27 89
24 24 14
22 27 48
26 23 8
24 14 32
25 8 14
18 11 5
16 6 66
18 2 43
5 16 74
5 14 15
17 21 77
14 22 59
19 2 25
6 16 47
16 25 100
3 11 53
15 24 22
8 5 49
11 23 35
16 1 9
8 18 98
25 14 10
16 6 33
11 18 39
6 3 79
20 26 60
28 24 55
19 13 99
20 1 38
3 25 82
3 9 48
8 9 24
23 14 63
8 18 66
4 20 72
8 19 4
5 16 81
16 3 35
24 17 64
24 15 46
1 23 65
9 3 7
15 14 56
2 20 0
2 13 11
20 15 89
18 7 76
16 12 64
25 15 67
23 6 1
15 14 77
6 14 70
15 25 39
6 25 100
27 7 5
23 5 32
18 27 25
20 28 23
6 21 81
11 16 4
15 3 36
27 20 89
9 6 54
14 11 71
27 5 8
10 28 23
5 24 73
19 1 84
18 4 26
10 25 92
22 6 63
1 10 4
3 26 91
16 10 68
22 7 6
5 9 30
1 19 27
23 4 49
13 7 79
21 15 90
7 23 97
22 12 22
27 9 76
17 3 57
15 7 60
21 22 22
11 19 29
16 25 19
22 2 14
15 28 53
18 15 18
13 13 84
20 18 0
15 8 42
20 6 100
22 18 14
18 10 49
15 23 70
19 6 23
6 18 42
4 26 1
8 6 87
27 3 18
15 16 86
23 2 49
13 5 97
13 3 43
6 13 63
12 13 58
12 22 97
14 20 50
7 25 95
23 25 75
22 12 72
26 23 11
12 10 36
20 12 38
3 2 13
16 7 93
17 23 73
8 17 32
6 23 83
5 7 76
27 18 65
26 14 66
6 20 57
3 3 82
18 15 45
17 8 58
6 28 28
24 11 22
15 22 89
4 28 62
19 26 26
26 6 99
13 19 16
17 24 65
26 28 14
20 11 18
12 24 95
6 7 39
26 23 40
12 22 93
25 21 49
9 21 38
10 27 84
2 5 56
21 24 7
5 11 54
24 5 0
5 15 96
17 14 22
22 4 93
28 2 70
21 26 2
26 12 63
25 6 19
28 27 93
18 28 61
21 14 65
28 8 88
14 18 89
11 15 60
20 28 63
22 17 64
27 11 14
23 7 88
17 21 78
22 10 90
4 2 61
18 13 26
3 25 4
13 6 59
10 10 40
7 1 74
19 8 32
23 11 0
24 24 57
18 28 66
4 17 0
16 8 91
21 21 9
14 26 55
27 27 54
21 20 36
14 27 88
5 21 85
11 24 74
17 2 100
12 26 53
18 8 62
28 1 81
9 16 66
14 26 14
14 10 13
8 3 38
25 8 65
18 7 46
20 23 83
13 10 12
14 4 2
18 3 97
12 22 99
14 22 56
13 4 56
7 15 97
5 8 27
23 23 31
22 23 54
13 5 65
10 17 90
17 21 81
8 12 30
17 27 60
20 20 99
23 22 12
16 25 28
18 11 33
13 26 48
6 22 75
3 28 97
17 11 89
21 20 75
12 19 8
14 9 96
27 5 38
27 5 51
7 7 19
22 21 24
10 14 15
9 8 96
5 14 18
23 4 6
8 17 3
8 24 4
21 13 95
17 19 22
24 9 58
21 18 47
22 16 41
2 25 66
6 2 50
12 23 64
18 21 45
8 10 59
8 7 66
19 26 70
24 1 2
14 16 63
22 24 23
15 21 60
10 22 29
16 18 52
7 1 96
24 11 52
9 27 72
23 19 60
18 25 60
27 25 29
2 20 46
17 23 3
20 19 9
5 25 50
19 24 53
21 23 35
7 18 83
10 7 56
26 21 47
10 1 100
25 15 16
21 20 96
6 23 63
26 15 80
25 24 25
19 3 15
5 12 23
5 24 63
21 16 40
2 12 26
19 9 83
20 6 58
13 13 94
8 17 23
17 7 80
11 11 59
19 11 13
2 20 11
4 10 1
27 20 14
28 19 55
10 26 93
17 4 90
28 19 63
14 16 11
15 20 86
16 13 31
3 3 44
3 25 55
25 18 1
6 1 25
12 5 82
18 28 11
5 6 95
25 25 8
28 14 18
6 26 73
10 12 59
16 19 79
7 23 29
1 6 88
8 27 40
12 21 74
7 18 62
18 1 1
20 27 82
24 9 56
1 9 62
21 26 28
25 12 33
18 14 38
2 15 95
10 8 66
10 11 77
7 11 53
9 16 68
14 12 0
13 16 58
3 27 25
18 8 19
18 21 64
3 23 29
15 19 22
18 22 14
2 7 26
10 10 34
24 2 95
9 16 77
18 25 46
6 11 99
18 23 7
11 13 49
6 22 8
14 2 96
28 27 50
1 6 46
16 28 24
24 11 18
21 24 66
3 4 58
24 26 72
26 17 63
19 25 27
15 1 9
24 18 5
22 25 3
22 19 75
16 1 85
18 24 50
23 7 32
10 14 65
27 5 72
2 6 71
6 17 65
26 17 15
26 6 96
17 26 91
25 17 66
11 19 47
8 14 30
13 14 70
18 5 26
19 12 36
5 4 12
15 12 0
19 4 94
28 2 46
26 20 9
23 12 58
17 13 55
2 15 2
12 11 96
2 19 21
6 17 10
8 5 25
8 7 48
15 22 58
27 16 88
14 10 24
8 21 79
25 26 29
3 7 91
26 20 37
18 28 38
24 25 59
14 24 76
9 20 63
10 15 73
10 11 77
16 22 6
26 2 1
21 27 28
25 16 37
11 13 26
11 6 28
22 10 13
6 17 55
16 10 47
21 22 54
17 9 79
10 1 22
2 25 51
13 22 43
25 6 72
27 8 97
26 5 48
24 25 93
16 2 73
5 25 78
20 8 30
1 3 3
23 18 19
9 27 2
21 26 29
9 22 90
3 15 83
25 3 30
6 18 68
16 14 7
5 14 47
26 28 5
14 28 36
3 17 98
24 15 99
24 4 12
23 17 68
1 8 76
1 26 46
17 2 59
16 22 83
8 6 24
20 21 6
11 5 54
7 12 8
15 22 45
15 13 40
21 21 66
15 11 14
23 19 1
28 9 24
11 8 90
11 9 21
17 25 48
28 23 77
28 23 30
23 13 58
17 11 25
17 24 97
8 20 8
19 26 84
16 8 74
21 19 70
15 25 41
2 20 99
22 19 85
6 24 45
5 9 30
23 15 12
5 27 6
11 22 5
4 5 96
28 6 45
7 3 63
21 3 71
13 23 11
5 28 64
24 14 50
15 22 2
4 28 43
23 16 10
26 6 29
18 23 19
19 12 87
24 19 41
24 27 27
11 18 22
7 18 67
6 26 0
17 20 6
10 18 97
15 10 37
5 26 8
2 6 70
18 4 44
28 7 95
26 21 3
27 18 21
23 12 47
14 12 96
19 18 9
27 23 81
27 4 91
9 14 41
24 11 87
4 18 36
3 1 78
15 17 75
25 13 97
26 18 82
7 11 12
13 21 84
22 13 1
28 2 62
26 9 51
10 26 35
14 23 59
22 20 41
4 16 30
7 1 62
16 4 95
24 13 50
13 25 27
12 6 81
1 23 63
23 2 87
12 24 25
19 27 20
26 6 23
27 26 71
2 22 61
7 24 84
10 1 98
26 22 91
14 9 99
21 1 71
26 22 80
28 16 67
1 14 59
23 23 41
15 24 23
7 21 47
4 8 77
19 22 93
20 2 18
7 26 94
18 16 91
14 15 71
5 24 32
27 27 24
4 11 74
12 27 64
8 23 92
15 26 35
25 5 59
5 3 23
16 27 9
15 15 96
26 10 20
15 28 20
8 16 95
7 26 7
19 9 21
21 6 39
7 10 2
1 26 60
11 27 32
1 7 51
20 22 7
20 2 37
21 1 74
25 10 31
4 7 100
6 28 36
23 5 51
7 16 17
5 22 53
26 15 26
1 5 84
2 4 99
9 13 8
10 19 43
23 27 31
7 21 10
16 12 59
17 21 97
14 12 88
6 15 68
4 19 48
23 27 55
2 27 87
1 2 40
10 15 17
12 3 10
23 12 37
2 5 80
7 22 43
22 18 49
19 21 93
26 26 46
15 15 67
21 26 84
9 16 6
16 22 85
