86
290
18 17 91
67 43 6
58 58 62
84 15 31
52 49 35
29 49 24
59 68 78
12 49 15
85 72 20
41 78 80
66 13 79
5 78 73
28 51 26
68 25 72
5 45 82
14 23 90
11 70 83
27 5 17
78 6 78
12 10 32
53 48 34
15 56 65
39 86 65
41 86 33
59 57 97
74 3 30
68 16 61
73 38 66
4 13 38
32 60 7
32 74 74
37 57 48
86 1 11
30 67 8
7 15 37
51 14 56
70 66 22
57 72 24
30 77 50
55 29 56
54 2 23
31 6 18
79 85 73
33 43 65
33 64 46
82 7 98
37 41 63
68 17 14
20 9 40
14 48 17
73 83 61
5 44 68
23 5 58
78 30 20
20 73 55
61 75 17
59 1 7
84 75 7
46 68 90
62 41 70
64 24 79
65 73 97
45 23 88
61 34 79
1 12 91
83 65 19
67 16 16
50 80 4
66 67 35
5 47 59
40 70 96
32 67 92
55 22 7
10 33 26
31 47 51
4 18 7
74 35 46
10 58 28
28 21 47
43 5 74
47 38 25
77 46 88
18 24 47
9 47 84
8 27 74
31 26 96
66 33 9
40 82 95
43 36 9
59 3 27
24 85 91
14 68 39
12 13 21
40 81 41
65 52 25
74 6 79
37 14 26
11 11 42
86 44 6
84 54 10
31 55 95
20 24 86
84 74 88
42 63 95
67 68 10
13 85 42
13 60 64
9 35 63
84 31 18
37 81 65
69 67 27
46 21 25
82 74 77
79 19 15
38 5 89
46 42 81
26 79 4
25 24 45
77 28 5
20 71 16
71 74 0
49 43 37
52 16 84
59 13 26
3 33 80
78 25 64
25 43 9
64 7 6
30 7 43
59 18 100
85 2 56
60 15 92
52 4 74
39 45 4
7 58 58
27 2 45
12 71 43
59 16 74
74 78 48
5 68 26
52 47 53
10 13 99
61 75 10
73 56 81
18 75 56
1 44 8
8 43 76
44 33 44
20 18 22
85 83 67
60 63 85
62 7 39
60 22 57
86 32 57
48 33 75
25 53 18
74 67 74
54 52 80
5 35 81
77 29 80
62 33 92
68 81 33
1 56 49
59 19 50
58 38 98
49 55 63
22 20 6
35 44 30
21 45 95
69 34 0
48 17 30
77 23 24
21 11 45
42 81 21
54 12 16
11 60 11
1 37 52
20 81 95
56 69 40
16 3 41
30 17 55
29 80 6
44 84 52
71 30 32
50 41 29
20 79 76
63 11 62
36 43 34
61 31 22
18 84 2
70 53 91
51 21 72
36 1 49
81 82 6
30 38 11
68 20 69
73 81 41
86 77 53
20 71 95
44 4 46
83 83 30
32 18 72
72 15 27
86 3 17
5 42 90
79 32 17
81 2 81
60 26 46
76 80 81
86 59 23
58 27 51
55 3 20
25 55 77
71 52 54
84 68 78
54 19 68
27 33 47
26 45 52
21 51 28
81 32 25
24 29 46
29 79 38
5 20 5
67 66 16
16 28 19
84 40 3
25 41 6
71 34 14
51 33 33
66 37 12
86 8 50
49 44 95
52 20 92
11 29 8
71 1 42
22 48 100
71 15 83
76 75 66
66 70 52
55 81 71
26 21 85
5 47 61
61 34 15
79 62 15
70 80 17
41 31 43
83 19 95
39 31 29
12 63 16
7 62 17
61 41 50
19 7 78
80 12 67
64 25 90
3 15 7
12 30 3
58 15 32
3 32 27
13 82 37
49 61 35
40 25 52
37 26 24
72 84 63
64 71 88
73 28 98
51 54 100
12 42 70
84 49 98
83 83 22
78 24 43
86 50 93
63 48 29
50 58 32
39 84 99
28 46 82
2 16 41
70 20 56
80 36 56
55 53 1
69 35 5
56 23 17
26 16 71
22 8 90
5 63 6
59 33 10
23 31 56
67 20 91
3 83 82
35 73 47
52 17 1
