40
74
14 39 60
16 30 72
1 32 69
38 35 70
37 14 45
32 40 49
23 21 26
29 18 73
32 9 12
10 18 34
35 33 69
30 23 59
20 5 68
6 8 45
33 22 65
32 35 16
30 19 73
4 5 1
32 11 80
36 22 88
37 19 34
32 36 45
40 20 67
14 22 24
34 19 91
26 32 25
27 3 10
3 19 31
12 15 98
12 37 71
38 17 1
34 4 6
30 3 99
20 31 56
31 35 74
10 24 18
18 14 30
27 11 18
18 18 46
8 26 82
13 23 7
24 38 10
31 32 32
35 13 24
10 2 89
27 29 78
18 1 32
11 6 57
27 40 99
38 16 3
31 30 0
7 36 86
14 21 87
23 1 45
14 23 57
2 36 32
13 40 23
28 24 78
17 35 4
40 2 49
32 20 75
38 28 5
17 17 40
36 35 41
15 30 11
20 12 1
4 17 98
22 33 48
37 10 26
3 17 4
10 39 46
10 16 21
36 24 85
4 34 58
