34
92
28 27 17
24 22 1
1 10 5
17 22 90
18 6 8
20 17 78
32 9 85
32 25 76
10 4 63
30 15 18
25 28 32
30 3 43
14 16 27
17 32 15
19 28 82
28 34 78
2 4 82
27 4 54
3 28 29
11 14 42
31 16 54
27 7 87
7 13 41
10 18 46
11 8 87
27 23 59
20 28 66
2 26 43
27 29 9
5 31 63
8 2 41
34 27 22
1 11 68
5 7 91
6 8 45
20 9 2
5 30 22
13 2 12
24 8 46
22 34 48
9 21 32
2 32 22
12 12 16
6 34 68
29 33 64
27 32 98
5 16 50
27 27 67
28 12 3
17 12 82
33 24 87
27 28 54
18 14 55
33 34 96
26 10 18
9 14 26
24 8 69
32 5 12
24 19 51
3 10 99
10 21 15
23 23 66
16 18 38
15 13 37
23 20 95
20 22 79
31 30 14
34 30 3
21 14 79
15 18 29
9 24 79
13 29 39
34 23 86
26 30 90
6 20 32
13 27 47
10 28 62
31 1 98
14 8 51
27 19 26
4 11 10
1 1 65
9 33 50
7 14 91
16 4 87
4 33 18
26 9 80
25 3 67
17 28 73
29 25 25
30 22 49
31 5 56
