85
70
20 39 22
5 39 46
20 56 51
79 25 65
45 41 69
55 71 53
74 64 95
71 72 23
34 12 97
19 40 80
14 15 40
27 24 75
55 24 25
6 5 37
29 52 41
8 33 19
30 44 2
79 55 34
31 69 71
77 24 58
32 74 69
2 40 95
18 48 90
64 8 23
5 48 48
1 64 83
23 20 15
41 4 72
31 33 5
56 43 70
11 25 61
66 72 21
54 78 60
62 19 20
24 30 34
8 51 75
70 47 39
45 7 100
43 48 4
17 76 2
82 76 17
14 20 99
72 32 85
23 51 34
4 22 74
21 84 58
59 9 88
72 60 1
56 10 61
64 12 23
15 72 50
74 19 44
16 64 80
21 64 58
78 37 26
66 57 39
19 57 80
63 11 9
79 67 12
35 11 48
43 24 55
54 61 1
8 61 41
5 50 74
59 79 87
74 22 88
54 78 51
1 6 70
60 38 63
3 38 98
