92
92
60 19 55
87 66 47
66 38 38
92 40 55
22 23 74
77 9 27
28 56 54
23 86 15
60 85 30
46 71 70
26 66 79
68 88 40
22 33 29
49 85 40
88 61 27
60 61 55
42 23 18
36 62 65
88 24 75
81 60 56
49 71 41
52 56 58
53 21 84
34 76 99
25 52 51
16 52 12
33 21 7
87 52 86
21 25 57
87 55 66
51 58 15
45 42 96
36 7 40
24 22 86
46 62 27
45 45 86
23 38 84
76 20 43
7 4 71
53 47 65
66 68 78
34 36 45
63 17 82
43 20 19
25 85 3
4 59 62
48 75 15
38 14 41
45 65 9
72 74 73
91 34 51
6 34 78
57 41 37
53 89 0
49 53 91
28 62 16
90 81 50
40 68 28
32 10 91
67 75 78
27 57 75
65 27 99
54 18 85
41 79 53
27 81 65
67 25 49
14 61 77
56 58 46
8 34 48
11 81 39
13 50 12
74 5 81
22 35 0
26 71 65
42 53 65
21 59 83
57 61 75
66 39 62
31 92 92
18 59 73
20 54 77
37 35 58
62 39 44
47 41 0
61 41 49
24 26 11
29 83 36
65 22 12
19 19 31
38 58 51
86 29 8
10 15 54
