90
4084
90 23 45
1 44 24
75 87 74
48 33 70
10 82 5
60 84 95
22 37 80
77 6 24
20 74 44
60 88 71
44 76 64
66 40 68
7 60 44
23 67 54
79 55 24
9 82 45
36 17 65
82 61 6
2 46 7
29 7 16
38 55 60
63 72 77
9 14 82
74 51 4
50 71 55
23 50 75
48 11 31
9 47 13
5 16 45
11 54 80
70 73 75
10 25 33
57 4 15
84 58 13
62 78 5
51 16 46
52 55 96
61 15 97
55 57 3
53 69 100
66 80 7
20 45 65
16 84 44
82 77 8
29 46 63
47 69 33
52 14 29
32 88 98
51 69 13
47 56 15
57 34 8
39 50 8
50 60 73
46 60 45
85 26 56
24 39 17
77 73 56
28 6 62
14 64 28
14 80 51
63 18 99
76 80 46
71 20 23
45 13 91
79 41 70
71 86 19
39 29 12
79 88 2
55 1 81
32 19 54
13 79 4
44 4 28
1 21 37
42 20 48
32 73 81
36 83 39
86 49 19
70 1 62
60 40 8
5 4 26
36 89 69
43 30 23
24 84 97
17 84 76
54 79 9
61 30 46
82 46 94
1 54 66
55 32 52
71 90 26
63 54 1
27 76 75
9 10 39
31 83 98
7 13 82
82 78 87
38 49 48
9 14 74
67 43 63
52 37 37
25 6 41
31 37 96
40 65 83
22 39 40
59 42 47
62 68 75
82 47 24
21 87 73
68 30 1
89 42 99
23 53 21
80 52 30
2 14 82
87 76 21
59 29 61
62 69 58
59 48 25
57 7 82
21 49 76
76 7 34
9 45 95
80 47 6
30 14 46
71 75 65
33 5 57
57 78 92
57 8 16
31 61 99
31 28 63
20 11 78
76 90 18
21 40 82
25 83 60
31 43 46
78 50 54
22 90 21
13 57 77
47 28 20
67 22 61
36 4 7
58 10 48
65 2 48
62 1 95
63 7 18
86 43 81
89 33 72
90 24 79
42 79 29
47 11 77
78 53 49
80 87 2
22 41 63
47 70 63
14 38 64
18 73 91
75 5 85
67 79 90
28 73 31
62 81 60
3 75 13
10 63 5
30 79 3
42 15 25
76 24 1
86 81 19
16 48 25
49 57 47
51 26 18
76 21 93
81 69 82
71 17 16
75 90 19
62 76 49
9 40 60
53 43 17
53 4 6
9 13 69
36 22 6
4 9 17
46 33 94
54 31 24
88 81 41
58 16 83
36 70 51
84 16 60
40 13 79
44 8 8
55 43 78
55 13 28
48 65 62
68 67 8
36 53 26
51 58 45
39 53 95
76 76 20
81 31 93
26 49 4
63 6 48
31 1 5
90 36 33
4 22 89
10 55 74
87 61 58
40 37 73
9 16 45
74 36 30
77 4 41
74 90 16
70 26 29
78 85 28
4 61 34
25 51 91
84 8 28
57 44 45
1 36 43
19 59 55
27 12 18
85 68 55
35 53 8
22 74 73
45 11 15
5 42 79
55 10 21
8 21 39
88 89 24
33 48 63
68 39 29
28 38 86
81 56 2
80 90 26
84 51 88
5 82 27
80 7 84
67 1 35
22 6 88
7 59 9
21 44 31
17 41 99
58 13 85
79 44 82
61 1 17
80 9 10
70 45 74
58 10 92
22 41 52
51 16 45
24 63 23
24 16 90
43 47 96
16 88 11
11 87 39
71 53 81
7 68 45
18 71 18
26 75 24
82 5 63
88 51 64
70 16 92
41 85 68
41 45 43
6 7 1
68 55 65
66 3 63
82 85 17
39 54 24
68 67 20
51 76 51
48 77 59
50 75 51
5 5 53
34 45 28
41 5 40
78 31 68
72 42 96
45 53 72
89 79 1
76 68 58
55 19 19
44 84 76
79 88 27
19 64 77
89 16 92
80 89 90
27 4 96
14 65 63
78 31 66
9 6 4
84 32 14
52 11 63
17 8 33
68 88 40
14 75 61
63 5 91
37 51 66
82 85 19
43 12 82
55 11 82
35 22 7
84 49 30
50 82 30
64 89 0
78 48 22
67 16 17
40 25 39
76 26 92
67 85 98
3 51 51
9 1 56
65 43 11
59 18 42
42 75 69
3 16 99
12 44 71
50 31 57
86 44 87
66 19 94
61 35 67
49 58 49
54 24 14
33 43 21
20 37 94
80 90 12
86 61 38
64 86 67
29 84 61
6 84 24
39 62 54
33 55 53
23 39 57
21 53 95
31 69 46
77 44 16
42 37 29
59 10 85
63 52 61
83 67 33
41 72 76
65 53 100
62 58 23
21 83 26
44 31 82
62 15 82
72 84 84
40 39 91
70 9 18
34 11 92
50 32 97
3 80 34
67 75 3
26 12 42
58 24 70
61 69 16
64 7 6
4 69 23
78 72 46
75 61 23
12 22 6
86 17 33
1 41 83
78 3 24
8 67 76
19 42 99
73 21 60
9 90 93
66 26 35
89 83 61
41 38 33
17 3 86
86 69 85
47 51 56
27 53 93
10 28 13
36 25 35
68 46 3
75 54 16
46 82 49
49 23 81
26 71 97
88 52 24
8 57 58
51 74 76
67 10 66
30 17 52
45 51 40
22 70 29
57 34 29
76 58 33
65 5 22
87 70 20
41 16 79
11 25 31
1 52 44
64 67 90
50 22 58
33 64 72
80 59 18
50 44 70
7 87 19
45 68 71
67 70 67
90 5 57
72 19 92
18 70 47
80 9 54
33 33 43
90 3 66
61 2 77
32 27 79
67 9 50
40 25 97
46 21 13
67 69 93
47 76 33
11 71 84
2 45 5
62 23 44
37 7 65
40 1 66
66 10 60
1 37 93
26 44 100
87 11 44
1 2 42
44 85 21
57 51 78
78 83 30
4 4 19
73 35 34
11 53 35
59 13 72
53 87 77
27 55 54
57 42 10
2 88 1
24 10 69
17 46 16
82 86 78
56 82 25
19 20 88
71 71 41
52 23 43
30 12 34
40 40 48
70 35 43
12 6 80
19 23 7
32 89 39
27 21 84
17 46 94
10 83 36
82 61 78
72 31 94
18 49 41
90 60 7
63 33 72
65 30 19
23 71 47
2 10 97
82 16 82
33 85 65
70 79 87
6 22 77
66 67 14
67 15 34
23 69 39
43 44 49
78 12 25
7 3 0
20 49 10
84 65 32
7 5 88
30 8 54
12 70 4
71 52 74
10 41 52
85 31 1
4 35 72
35 45 91
21 71 24
52 80 24
87 52 73
10 49 17
23 35 22
58 65 17
41 29 44
12 75 40
86 74 90
75 41 64
75 41 27
23 9 53
4 9 75
4 72 16
89 31 29
20 86 36
20 12 15
17 11 0
64 61 11
27 43 72
81 84 76
7 35 41
11 79 18
25 39 31
63 18 28
18 40 96
35 17 3
83 40 0
76 49 84
85 24 41
4 36 14
54 37 35
73 30 98
89 58 39
45 64 35
64 41 54
15 80 23
47 59 90
40 36 9
2 2 12
29 67 80
59 50 33
52 6 79
12 72 21
49 82 56
22 20 80
32 61 20
54 76 100
54 45 73
85 13 55
18 77 76
39 74 74
69 14 66
16 54 5
5 78 76
10 37 64
22 15 77
28 53 0
19 41 37
21 19 17
88 9 46
38 48 18
6 34 66
34 67 88
47 36 62
17 86 8
84 28 91
4 31 63
51 34 97
82 49 68
19 50 39
36 5 87
11 27 40
63 36 68
47 50 86
49 69 39
46 71 19
34 19 27
59 24 69
25 34 60
60 47 43
48 84 7
29 83 53
60 51 32
36 6 32
71 84 93
13 59 63
87 35 66
59 25 11
28 70 62
33 89 30
45 1 49
81 51 79
90 27 71
18 29 35
75 14 38
6 10 80
5 22 20
74 64 26
4 7 28
80 58 47
63 5 43
36 70 37
8 9 22
38 44 82
18 21 65
57 29 60
61 17 69
6 85 99
68 52 13
68 19 35
81 81 57
46 21 50
60 18 76
6 41 45
54 78 92
21 44 0
73 83 34
11 51 57
38 45 71
58 64 27
46 71 29
44 61 31
78 54 42
88 43 59
20 43 21
57 83 85
59 18 24
36 79 82
59 90 72
9 21 3
44 56 8
6 4 70
22 8 39
31 21 7
88 69 75
5 12 32
7 76 77
67 21 41
9 81 89
32 66 69
60 76 77
64 27 31
62 60 75
44 87 79
24 59 83
72 89 27
60 4 71
21 74 84
52 36 97
32 13 41
17 27 3
61 40 31
86 84 10
12 76 17
70 36 61
55 40 4
54 69 75
67 54 27
8 28 28
68 42 59
23 64 66
9 11 63
87 11 29
53 47 49
34 76 13
89 30 59
3 1 92
57 80 32
89 49 17
56 52 94
61 34 100
48 48 40
32 32 38
63 5 20
40 72 43
17 37 79
40 6 64
29 90 53
13 48 55
77 5 87
78 36 77
81 11 97
1 61 88
89 28 48
34 89 74
65 24 93
3 40 91
19 14 74
55 55 18
2 40 26
88 74 76
56 88 70
29 76 14
47 52 20
84 76 89
37 55 58
32 70 54
84 59 100
27 19 18
48 21 34
23 13 56
77 10 7
54 68 22
69 74 65
90 16 1
1 60 17
50 30 36
45 50 65
49 15 58
69 83 50
11 83 2
9 66 0
83 26 5
35 41 8
65 87 40
54 85 12
20 27 42
53 17 85
66 38 39
19 35 62
59 19 21
9 24 99
68 86 42
68 73 35
49 86 38
43 70 68
56 18 53
3 35 57
81 55 84
36 90 39
81 10 97
80 45 6
83 88 20
89 5 2
36 69 100
22 15 33
69 15 55
12 4 91
87 17 76
51 66 15
7 67 14
64 12 25
46 86 40
41 1 7
40 59 47
13 26 62
22 77 75
24 75 74
56 63 97
84 26 52
29 60 32
5 88 3
11 52 37
68 51 10
37 73 43
17 65 40
72 48 64
43 73 76
11 65 60
43 50 99
15 29 58
24 33 89
5 77 61
54 73 33
66 79 97
38 7 22
84 74 92
14 18 76
66 83 66
58 72 56
20 14 27
71 56 71
72 52 90
7 89 62
7 45 66
86 54 78
53 33 98
10 86 45
52 40 99
48 25 99
38 49 77
78 65 77
50 13 15
18 76 72
29 39 3
81 52 82
46 36 44
19 71 33
16 14 27
35 69 90
32 11 18
24 32 21
72 15 64
6 86 62
4 89 42
31 12 9
13 19 28
40 25 38
34 87 81
67 56 59
86 76 88
26 22 85
39 84 0
75 16 39
56 42 48
18 69 17
34 50 48
12 71 70
86 50 86
78 2 47
70 19 15
63 36 64
17 62 81
34 6 69
50 41 57
11 89 82
49 26 36
54 17 83
21 56 51
33 36 28
86 33 70
46 59 31
5 20 6
39 56 56
78 59 22
84 15 73
19 40 66
49 24 47
26 78 15
23 22 49
23 78 68
20 21 92
40 6 54
85 37 99
27 11 53
58 67 90
63 21 61
74 65 29
75 26 25
2 40 34
52 57 74
57 22 57
90 2 24
75 16 63
14 48 64
32 34 63
65 77 44
28 45 84
1 40 39
6 4 36
25 22 20
43 27 2
57 68 45
45 40 100
71 90 73
48 68 18
82 51 87
60 55 39
1 47 55
36 76 69
3 20 18
84 89 77
35 76 78
75 81 20
14 45 85
57 90 69
8 17 85
39 86 57
33 65 8
4 4 7
61 88 6
18 3 7
89 22 58
26 53 68
42 13 18
68 34 2
26 88 38
52 13 22
75 22 84
24 48 70
82 83 95
55 41 14
88 85 50
58 48 97
81 81 9
38 6 71
87 51 35
59 69 17
81 86 43
64 9 78
86 86 25
80 28 14
84 18 54
41 89 75
85 78 51
78 51 31
90 74 80
46 40 21
58 46 45
59 70 40
16 69 79
34 81 42
87 7 71
67 51 16
13 30 64
31 18 73
45 21 90
7 57 2
21 40 76
63 30 36
85 13 3
47 28 70
34 49 71
66 40 44
19 26 85
19 44 17
58 37 30
66 36 96
73 15 85
33 19 50
25 13 10
13 58 7
57 73 90
65 84 37
22 20 97
60 17 18
39 47 52
52 24 48
75 43 22
79 79 31
35 31 23
5 47 0
78 23 66
64 35 99
53 12 67
23 60 77
41 9 53
84 41 68
42 30 20
14 35 98
33 76 3
25 31 20
44 65 53
55 15 54
45 79 17
4 67 1
41 66 13
71 79 33
89 83 82
23 25 3
32 19 80
72 21 100
85 62 41
62 42 50
65 55 54
38 76 1
84 19 80
29 86 12
61 7 64
25 8 35
42 60 79
15 12 26
31 75 59
57 72 65
35 4 74
30 52 19
23 79 15
76 46 94
70 89 18
77 82 48
75 80 92
12 82 37
67 58 9
69 4 16
16 72 0
8 43 29
29 24 68
28 71 14
66 56 73
25 68 79
19 6 46
22 44 100
46 20 51
49 50 41
22 41 20
62 88 28
88 19 23
21 87 91
60 58 92
7 11 88
74 35 91
24 20 96
62 34 99
88 65 87
7 3 34
59 52 24
82 4 14
84 41 20
48 15 5
12 78 60
41 67 86
48 32 14
13 64 80
80 26 84
13 72 37
46 66 95
9 74 34
47 64 44
76 73 37
40 64 64
62 18 43
72 44 50
75 45 14
28 68 65
87 79 98
67 44 38
86 49 64
13 73 66
20 81 94
17 6 100
73 44 83
40 90 1
30 89 56
80 83 71
20 30 12
2 81 42
69 77 78
58 13 33
70 15 5
50 1 100
70 89 99
24 6 61
22 32 15
3 68 64
2 2 53
8 43 14
2 71 90
65 17 49
58 80 64
45 39 85
1 36 22
42 31 80
45 52 50
72 69 10
49 80 82
42 71 58
25 89 91
6 82 44
31 29 23
65 71 89
33 29 59
8 67 35
39 20 57
78 27 36
4 4 3
42 47 42
65 4 37
15 54 75
12 12 62
37 10 10
49 31 74
62 13 26
18 44 24
81 3 66
34 6 98
7 26 0
14 38 80
14 19 20
50 55 24
47 56 1
47 66 18
55 22 77
65 59 7
51 22 47
87 70 64
85 55 84
26 83 56
10 20 14
71 47 72
60 24 100
10 40 81
60 85 23
36 50 9
43 37 21
29 77 80
59 22 3
7 32 100
33 41 29
75 70 69
37 42 19
45 52 6
1 37 38
89 46 55
14 67 49
75 84 85
20 24 38
48 38 57
1 30 25
29 83 21
26 8 6
57 70 62
84 64 1
71 65 48
44 79 84
76 88 53
8 57 100
40 64 1
15 36 62
14 27 50
5 59 45
64 52 51
20 55 34
36 74 54
84 45 100
34 1 27
62 29 96
85 82 72
90 43 39
81 33 27
86 17 93
12 52 89
82 76 61
70 71 75
69 28 64
7 57 90
19 56 94
47 67 50
82 75 26
75 17 52
75 43 44
33 81 32
40 47 92
74 28 76
75 51 23
75 79 22
67 8 11
16 49 9
42 43 23
76 16 25
63 71 98
43 68 86
43 57 38
6 34 9
84 49 70
76 55 90
5 81 46
40 50 92
73 49 9
44 36 12
1 8 6
27 16 94
57 29 29
14 21 60
84 70 36
37 24 78
26 38 98
88 61 28
43 50 60
87 43 63
15 36 71
80 40 72
15 46 62
21 13 66
31 67 9
37 68 100
3 71 69
31 77 33
4 68 0
43 25 3
30 38 57
63 77 41
1 73 8
69 89 90
85 61 58
63 29 0
47 24 14
44 23 71
23 70 97
74 35 79
64 90 27
76 81 39
60 58 96
36 44 23
73 43 77
35 30 27
82 3 33
43 36 68
38 59 15
5 58 29
89 26 27
61 75 34
66 17 100
65 45 39
25 37 87
83 73 70
43 74 6
35 15 25
19 36 66
33 85 90
3 73 34
43 81 48
37 73 88
9 31 2
77 71 78
67 71 1
39 21 45
27 82 45
18 49 66
76 41 11
33 88 83
73 12 57
89 37 28
53 42 48
76 13 24
58 62 62
80 36 10
25 16 20
36 4 94
54 40 46
27 24 56
81 49 59
13 44 49
90 59 47
74 2 28
75 85 10
9 35 28
46 43 87
9 60 44
40 10 1
84 79 70
23 9 24
36 24 32
75 77 40
54 64 59
64 9 6
19 36 50
32 80 64
27 64 17
32 72 36
66 66 9
81 17 58
79 49 42
71 71 93
5 30 6
1 60 90
29 5 33
74 70 76
28 80 48
20 81 51
12 89 7
88 53 58
28 76 23
25 35 90
67 72 56
9 83 53
18 24 66
14 56 75
16 75 98
17 7 53
21 90 99
87 62 34
60 14 62
64 79 87
76 21 56
15 35 56
83 79 61
70 43 97
35 57 36
64 7 30
25 42 70
19 73 35
33 67 23
6 62 91
82 65 8
17 69 45
4 16 69
11 55 77
67 25 95
2 36 52
48 75 41
50 30 14
84 65 19
37 79 95
10 26 82
16 20 3
89 73 55
88 68 76
12 81 6
9 60 52
63 31 6
17 87 3
59 34 58
4 45 90
68 58 49
66 46 50
5 78 3
5 43 57
49 71 40
12 67 60
81 74 11
15 14 61
48 75 73
3 79 77
80 9 72
20 41 23
21 88 22
52 75 72
79 13 36
54 82 77
59 18 2
62 76 98
2 17 86
54 11 86
73 73 22
23 22 91
57 76 66
70 8 90
42 6 32
42 37 8
36 42 35
46 40 98
47 64 69
74 78 66
83 15 27
45 60 88
41 16 67
63 77 6
70 38 12
2 82 87
71 53 90
15 3 31
50 55 11
22 83 23
51 7 73
73 6 64
52 79 8
62 23 0
22 86 21
48 17 23
23 26 45
77 62 16
46 57 80
52 5 39
23 90 13
52 60 27
78 46 65
40 50 28
5 7 69
43 6 45
12 5 46
19 27 14
28 8 25
62 55 98
8 87 100
45 81 64
32 53 22
73 73 11
80 5 77
23 36 67
68 21 61
49 18 72
7 14 58
79 34 89
40 88 41
62 20 94
28 37 95
33 56 70
23 67 77
22 11 1
90 45 48
69 35 45
54 43 44
90 53 80
57 77 77
71 52 24
67 35 96
66 11 81
35 73 43
47 46 34
75 78 50
78 21 74
34 22 35
63 86 28
60 42 39
37 8 73
49 27 17
62 53 17
3 62 77
17 9 97
8 1 64
38 27 66
65 64 64
6 58 21
2 5 43
73 64 57
80 20 65
40 79 56
7 1 38
31 81 38
20 83 8
12 31 36
17 62 45
3 35 80
14 37 99
74 69 7
21 52 69
65 58 21
89 48 43
18 36 72
71 33 7
51 68 79
61 41 33
67 63 89
84 2 12
23 6 52
73 79 29
78 4 76
57 12 39
86 75 40
72 29 34
50 17 39
87 24 45
48 30 54
42 29 78
88 26 27
32 52 96
10 75 5
43 90 14
58 69 1
51 1 82
20 35 84
31 22 25
4 44 50
11 71 57
16 48 66
80 57 85
76 82 1
40 90 58
11 8 17
48 66 6
9 20 9
54 51 59
24 70 82
53 34 6
9 51 11
87 67 69
90 40 62
52 16 35
66 83 92
68 7 87
84 83 42
25 16 56
46 24 95
31 43 60
20 83 6
70 59 97
54 88 66
83 63 18
44 41 49
10 24 84
60 68 29
78 45 77
27 68 91
86 9 38
11 35 19
71 22 29
12 52 33
49 44 95
25 18 17
22 67 74
7 38 21
81 29 73
45 2 84
48 44 50
79 89 3
73 47 21
12 88 69
90 65 71
82 7 2
31 72 88
11 41 39
86 85 80
30 50 29
76 72 14
33 3 73
80 67 75
46 10 16
41 30 53
22 27 93
68 8 63
22 15 48
81 27 31
3 65 47
41 46 55
64 69 15
84 42 45
85 12 53
71 68 9
80 59 11
58 15 33
3 30 72
48 81 72
88 68 61
61 67 72
37 3 71
36 82 84
20 61 53
77 8 93
23 7 98
87 19 61
70 4 89
88 69 5
55 54 68
82 69 44
84 71 0
57 47 99
13 63 43
20 57 85
62 57 97
28 8 20
14 53 50
1 13 35
23 42 8
22 67 80
47 53 70
19 1 23
37 32 81
59 81 35
51 8 96
33 15 47
47 24 22
41 62 22
66 49 37
9 90 33
51 79 88
38 45 70
74 22 26
17 30 18
64 2 83
46 55 100
6 3 41
16 40 61
21 55 4
78 59 97
19 55 64
84 69 2
56 9 53
51 47 10
51 89 33
71 15 10
37 72 83
17 64 9
47 90 61
87 85 92
86 65 80
73 48 16
8 24 19
36 88 64
18 53 84
4 46 86
44 78 20
37 52 93
19 30 85
3 81 95
63 51 44
56 4 68
80 18 69
66 16 72
58 37 91
1 84 59
32 9 92
74 86 88
35 1 51
31 52 67
65 15 7
84 58 59
37 90 42
89 34 83
30 31 77
29 74 65
5 13 27
88 72 98
58 56 28
84 7 71
45 35 30
5 26 41
35 18 59
48 85 92
80 62 27
61 25 36
62 60 90
44 3 64
60 34 36
42 23 99
15 15 13
15 41 99
87 59 83
58 42 10
30 69 95
20 40 24
69 4 85
11 54 65
63 78 23
9 27 63
20 19 88
52 65 51
48 19 23
54 43 77
12 47 53
61 19 11
8 70 59
31 21 93
67 85 68
5 42 19
62 64 8
37 13 95
17 39 49
78 59 41
13 5 87
55 53 19
26 73 31
7 69 79
29 86 35
85 66 25
45 70 85
63 61 17
65 40 15
41 78 96
22 52 99
57 17 22
55 25 75
46 3 11
2 39 16
81 85 47
81 16 67
84 17 98
72 76 18
32 88 63
69 39 47
71 44 26
69 21 78
22 11 19
90 2 80
74 40 38
41 58 57
13 49 78
16 30 18
46 85 9
60 48 88
9 24 4
39 32 51
45 35 80
78 54 78
4 22 2
33 83 26
75 43 13
77 42 38
83 49 6
23 24 97
20 42 63
89 55 97
85 48 92
69 7 40
21 71 56
17 57 73
80 23 67
60 70 56
13 40 28
48 12 16
50 31 30
33 58 47
88 50 72
13 38 33
51 12 37
22 11 18
67 84 59
65 5 51
28 76 98
6 36 74
11 53 83
84 80 0
55 90 94
89 1 83
83 56 15
34 4 21
35 43 98
83 18 40
13 65 64
4 14 4
52 67 20
22 8 56
53 36 90
28 50 38
71 30 35
16 12 41
5 53 19
1 42 24
70 49 38
29 27 72
78 23 55
3 29 67
41 74 55
8 70 58
11 17 66
49 62 67
16 45 98
7 44 45
77 2 27
70 42 68
43 59 33
58 40 9
15 24 21
85 39 26
36 43 23
16 79 60
79 77 33
72 13 23
32 14 30
84 50 23
32 43 98
74 71 22
69 31 19
21 71 89
37 58 81
6 66 44
29 74 93
48 6 48
58 38 3
16 46 25
32 45 26
66 25 38
42 11 41
14 60 59
65 30 15
49 85 90
65 39 52
66 76 59
21 58 34
76 83 27
58 77 29
52 64 80
42 65 64
45 60 83
50 21 71
57 81 84
55 89 59
81 59 5
56 2 3
29 81 53
47 85 43
13 82 95
40 31 27
38 53 64
20 61 63
76 55 86
30 2 54
70 87 93
48 66 32
77 12 53
61 31 49
29 10 12
54 49 47
33 10 25
53 78 14
81 39 93
36 70 70
11 31 17
70 84 61
80 89 23
48 21 85
86 58 30
35 37 67
67 11 19
88 20 96
54 81 69
22 77 17
78 68 77
46 50 17
60 87 86
62 33 62
29 31 88
82 41 55
12 28 39
83 45 54
46 3 34
29 19 13
71 20 30
68 16 42
64 55 18
32 19 49
47 21 67
77 43 36
6 34 5
54 70 70
23 11 50
12 60 68
46 83 73
83 88 48
9 34 91
72 81 12
59 46 6
47 10 84
81 22 10
12 44 52
58 50 77
57 73 62
19 53 66
18 48 84
42 22 92
47 80 68
49 28 16
77 41 8
35 48 14
80 24 63
30 85 17
75 63 68
19 79 71
7 59 32
76 57 5
77 51 92
72 48 15
51 79 64
17 81 22
82 4 82
85 18 5
54 3 14
90 45 72
25 89 57
39 38 15
13 67 61
49 48 27
74 12 17
14 3 87
27 29 73
23 62 21
60 66 15
28 35 98
83 50 22
82 78 90
34 70 33
19 36 97
18 36 32
17 8 54
16 17 5
26 47 24
23 80 37
87 13 56
63 24 48
10 13 45
14 83 85
79 27 87
50 44 64
63 8 34
78 73 25
79 28 71
51 30 45
41 19 99
88 73 51
73 29 99
41 60 2
26 24 40
25 73 95
33 43 15
36 90 74
83 41 78
53 12 91
60 32 12
50 53 98
45 45 89
21 2 62
58 42 78
71 16 68
75 88 42
22 19 82
74 51 3
89 72 81
3 35 18
14 72 28
11 34 54
54 12 62
20 10 60
75 9 38
74 1 45
50 7 31
69 17 86
75 48 6
84 26 85
52 65 21
7 75 53
22 30 2
41 53 81
34 74 89
84 70 79
85 79 9
26 90 13
53 40 69
88 85 23
67 89 81
77 1 27
12 32 57
60 25 13
74 19 94
59 71 88
39 34 28
2 48 64
44 14 39
25 83 13
77 77 24
72 20 6
16 37 61
61 23 82
8 69 67
4 28 52
6 48 60
62 90 48
30 24 84
4 21 34
84 1 8
1 27 57
62 57 47
18 22 18
6 48 45
25 14 15
1 86 64
36 28 68
13 55 44
80 3 51
89 1 80
70 83 0
70 52 86
59 73 5
45 13 64
87 60 91
78 51 58
47 77 98
29 10 97
36 34 79
83 66 82
83 20 80
58 20 94
90 13 5
22 11 37
34 50 77
23 23 10
46 52 91
37 63 18
53 76 58
10 77 24
27 14 7
49 62 59
11 40 1
64 55 97
18 34 29
21 2 2
19 70 44
53 76 41
85 20 53
25 53 16
48 59 28
61 72 73
21 8 21
31 66 51
82 27 83
48 81 1
25 7 0
39 90 18
15 32 5
45 18 91
50 52 86
60 18 34
66 39 41
43 12 6
20 23 37
65 22 36
68 13 49
64 20 26
2 89 76
10 31 86
61 49 31
80 40 69
1 35 85
80 40 11
51 41 50
37 23 84
34 85 0
63 14 55
67 10 56
54 57 96
2 82 88
11 36 15
42 6 13
25 43 1
64 37 27
65 49 22
56 37 88
76 36 71
12 41 79
41 78 68
73 52 31
3 48 69
5 88 69
87 42 77
22 34 83
65 11 48
25 64 36
29 7 12
19 6 80
52 82 39
37 78 44
1 33 34
20 44 21
38 42 49
29 80 9
12 54 47
2 66 58
56 22 62
2 38 33
49 85 29
88 63 82
75 68 69
25 69 32
77 49 11
64 57 48
82 30 11
4 9 97
77 26 50
72 42 46
75 21 83
75 26 20
69 89 25
3 44 11
87 7 29
34 16 93
22 17 38
52 73 35
3 5 64
16 60 42
17 77 99
85 44 17
43 10 63
87 76 63
54 81 37
48 39 76
22 17 9
10 11 78
27 87 73
40 25 99
14 30 22
32 4 7
89 12 7
52 88 1
28 2 66
52 18 57
5 43 48
14 77 41
20 18 34
44 61 36
27 38 83
52 17 80
59 75 65
30 48 76
10 57 37
64 61 6
37 80 7
87 50 5
4 61 100
41 31 75
31 13 68
10 25 1
73 70 1
89 67 83
52 19 100
41 72 31
4 24 72
4 50 39
59 64 9
86 8 46
28 70 22
14 69 66
78 33 97
48 73 89
35 15 20
68 22 38
29 47 55
88 58 37
61 57 47
45 32 74
33 44 93
71 79 89
25 56 72
13 62 4
23 42 59
28 62 57
8 45 74
7 35 97
40 8 80
22 23 39
2 90 96
12 46 22
72 81 34
45 67 70
10 88 6
21 26 68
48 15 41
7 77 84
10 90 13
19 35 49
63 85 21
11 26 28
89 65 56
72 45 75
54 22 55
63 45 25
23 16 54
32 67 60
40 64 68
66 48 58
7 33 7
24 83 98
2 19 98
10 66 29
57 71 71
70 40 30
27 19 19
12 70 30
21 70 35
62 43 81
17 79 60
49 15 7
3 80 9
42 63 44
79 16 3
87 24 12
34 50 75
31 63 33
48 46 69
43 38 85
19 75 42
55 81 39
20 58 32
54 66 96
3 86 60
28 38 61
21 89 5
85 58 46
21 2 42
69 50 82
45 32 3
29 30 11
88 2 4
75 42 33
35 83 49
9 48 64
77 89 33
75 33 64
25 88 15
80 27 22
83 8 45
37 43 79
70 49 3
17 86 6
2 71 79
82 21 51
25 16 79
29 6 100
26 51 46
78 66 9
25 32 51
70 16 34
39 62 37
81 36 40
71 35 43
5 86 79
4 7 48
1 11 79
60 58 98
25 49 66
10 21 73
86 62 62
52 49 21
38 47 98
47 77 87
33 4 73
14 72 36
74 74 33
7 47 16
66 65 9
34 46 30
33 30 14
41 45 56
42 48 32
33 40 0
40 7 17
9 77 90
41 25 2
87 35 29
53 33 9
84 1 32
12 24 100
87 36 47
49 6 64
41 66 82
70 56 76
69 52 70
80 1 64
44 13 60
46 74 3
71 33 18
64 25 80
72 8 84
43 1 5
4 64 46
80 53 25
20 10 85
80 78 78
49 49 37
76 40 10
7 78 78
90 17 62
55 35 61
4 36 50
2 51 45
33 40 0
10 2 86
46 64 0
46 84 83
64 83 99
19 60 86
90 37 29
70 76 26
30 28 75
31 82 4
70 25 37
57 25 59
4 61 66
26 40 41
16 42 96
69 59 63
68 36 33
48 35 94
16 59 66
34 46 66
42 28 63
47 55 68
73 3 8
90 88 0
22 24 81
28 45 19
12 42 0
24 65 76
19 74 15
66 89 18
10 54 26
61 22 17
89 58 66
16 71 27
51 75 3
58 54 48
74 12 88
44 15 45
87 43 55
60 88 95
43 2 78
58 67 61
86 27 52
85 80 53
52 8 25
21 5 0
65 35 78
13 53 48
2 31 82
75 1 90
52 27 88
4 17 60
57 23 29
81 28 39
41 35 73
14 52 17
9 65 85
62 48 40
13 23 44
63 89 73
3 6 56
23 50 28
42 45 1
35 89 5
46 20 29
70 31 36
66 16 52
2 8 28
51 71 63
54 36 67
12 76 87
77 25 83
35 64 21
58 28 41
90 76 38
1 27 52
31 66 66
22 27 5
1 35 71
68 31 37
82 74 87
57 56 9
67 50 89
13 42 60
22 36 45
31 21 77
28 17 48
34 90 91
86 77 61
41 10 44
70 37 10
7 68 29
19 69 69
41 11 30
63 20 89
2 63 66
43 79 12
11 32 62
7 21 58
29 34 18
22 56 63
52 15 76
30 73 37
88 51 10
67 74 89
53 57 61
25 84 58
10 43 42
32 81 93
68 81 27
21 52 93
61 72 75
33 55 4
82 62 98
45 50 96
16 37 9
17 16 96
24 10 63
7 88 74
68 27 56
13 38 54
80 26 66
35 75 4
65 31 10
51 15 32
37 54 79
11 33 61
27 63 84
64 90 56
38 51 93
57 23 15
31 13 62
70 25 70
65 57 60
53 60 22
6 54 75
2 83 32
27 25 25
57 73 7
13 51 14
67 24 6
84 35 52
27 52 19
75 24 34
57 13 12
57 67 36
52 19 19
70 71 6
81 84 14
33 1 42
56 30 97
69 43 23
73 30 77
71 61 29
70 59 63
56 22 81
89 78 18
82 60 39
64 8 48
79 71 70
35 50 24
83 75 54
34 26 0
4 66 58
57 26 14
55 26 71
15 69 69
49 10 50
49 68 77
7 38 25
30 3 14
59 83 60
61 82 5
68 13 79
74 48 87
5 47 15
29 43 8
74 36 47
62 15 52
62 7 98
35 81 76
53 29 23
4 76 73
23 41 80
85 57 13
43 43 47
18 28 56
35 15 8
43 81 99
50 80 95
18 3 39
24 21 62
2 18 100
80 3 14
23 10 73
45 21 54
80 8 71
6 82 25
44 39 11
19 69 88
42 14 15
66 72 45
11 35 41
75 10 71
39 25 80
82 34 21
8 9 85
5 71 43
30 31 10
43 33 91
45 76 71
75 40 83
24 18 2
14 70 81
58 9 64
45 15 89
33 45 17
70 43 20
33 42 87
25 2 61
6 60 35
62 55 40
88 33 80
80 64 23
40 20 84
52 15 77
12 27 73
85 37 50
14 88 57
18 60 4
19 2 91
25 19 13
69 13 13
55 65 54
17 83 82
45 80 43
33 21 16
80 10 6
11 41 64
42 68 71
83 8 55
56 37 68
57 41 32
25 70 13
64 75 61
50 38 52
83 65 40
12 41 91
63 22 14
4 2 40
40 7 91
17 85 9
81 86 90
38 4 85
15 68 72
4 37 45
72 47 1
26 27 87
78 15 28
69 67 100
60 15 38
35 1 52
16 83 55
30 1 31
21 78 4
51 9 13
14 89 62
12 21 71
79 90 99
84 19 77
57 26 32
69 49 77
58 63 2
29 34 16
57 85 79
17 58 92
42 63 65
48 56 38
51 31 80
18 11 3
39 32 99
12 5 87
4 31 35
59 20 26
17 86 16
57 18 54
51 38 79
85 82 45
53 62 95
29 51 27
22 72 44
40 39 4
20 68 26
23 65 78
40 47 64
32 64 21
46 55 95
88 35 74
12 16 42
76 28 52
44 20 4
6 32 89
3 72 55
33 67 66
38 72 30
55 19 14
3 3 34
81 29 72
78 54 72
9 9 4
44 55 70
10 84 19
75 38 34
38 7 28
23 67 21
79 36 83
20 22 66
88 84 86
64 6 19
59 27 67
57 81 29
90 17 21
1 6 12
60 30 20
16 65 75
63 84 52
24 20 80
65 71 40
4 71 57
64 58 71
60 30 15
33 44 87
68 82 5
6 6 11
40 66 54
49 37 72
43 61 38
54 83 79
28 20 5
81 74 59
75 18 85
50 79 82
72 17 2
64 55 8
5 18 57
73 18 23
53 3 84
59 18 55
34 70 84
76 83 29
74 83 70
16 6 81
5 1 87
59 42 29
78 52 6
17 5 54
45 85 86
80 8 13
9 39 78
18 63 20
13 88 39
17 46 35
68 54 5
9 32 75
32 43 72
41 61 28
63 27 11
42 1 52
33 22 45
32 53 65
79 68 83
72 73 11
77 8 52
39 29 62
72 67 81
17 74 18
3 51 73
62 7 18
1 19 89
40 49 19
7 84 11
40 60 54
73 66 65
32 19 83
31 46 74
57 70 53
41 66 83
88 80 62
63 18 4
22 87 62
56 54 36
84 74 74
82 78 55
28 16 81
76 32 72
7 61 19
2 66 67
51 34 38
27 23 66
17 45 92
88 4 91
89 34 70
11 59 38
30 63 38
89 64 67
49 12 4
1 88 14
14 16 71
49 49 59
1 86 51
87 50 36
33 50 53
79 39 85
62 47 37
28 69 100
88 11 98
27 46 15
27 52 31
36 60 79
8 74 56
81 12 22
43 61 63
61 16 45
42 47 85
27 30 93
47 40 14
77 23 5
87 40 22
51 78 48
42 13 54
45 79 13
62 26 3
47 26 35
57 48 25
34 64 27
37 51 99
80 39 69
88 28 30
14 55 19
53 23 66
19 29 59
17 60 44
30 54 58
14 53 36
32 39 35
26 57 75
58 70 21
60 63 75
3 71 55
4 35 43
23 29 17
67 49 96
69 27 77
49 58 45
32 57 100
67 8 18
6 30 7
68 60 31
12 21 29
8 75 91
79 41 72
90 73 100
19 86 9
73 19 25
48 72 58
38 34 6
83 42 89
6 20 5
70 45 43
6 20 25
13 32 21
79 54 81
41 17 92
17 55 13
40 14 19
17 14 51
18 41 91
66 89 74
78 7 41
88 24 92
2 67 59
24 75 5
47 32 2
26 42 95
53 13 49
60 56 0
82 40 4
7 70 11
75 2 26
44 72 13
45 43 100
35 22 31
83 44 86
69 4 16
7 70 65
24 52 21
81 5 61
46 27 24
90 22 43
43 14 21
40 3 18
39 47 40
9 85 54
72 60 67
50 54 43
44 69 63
9 26 18
44 2 79
16 38 72
23 39 57
62 42 23
30 54 50
3 38 13
33 53 77
61 22 23
20 63 16
17 88 68
30 65 87
74 10 71
18 73 82
1 58 47
62 31 35
19 39 6
41 24 51
68 28 36
12 28 59
40 14 51
63 14 85
73 15 65
6 72 31
72 11 94
85 53 62
26 7 70
85 21 88
32 14 57
45 81 54
54 13 71
6 63 83
48 30 86
65 11 3
10 58 99
77 52 60
51 24 92
6 84 82
18 46 23
69 38 51
12 16 48
17 3 78
89 3 4
28 31 25
69 13 19
19 29 22
78 57 36
78 37 59
90 74 73
47 62 62
45 63 63
22 84 96
30 39 96
57 12 31
72 82 10
26 37 17
43 87 27
85 38 95
24 47 17
67 60 47
40 67 80
48 62 49
45 50 2
39 49 56
39 81 86
17 53 11
84 74 82
28 84 34
57 29 29
35 87 40
84 31 16
84 18 64
23 14 30
87 89 45
88 39 77
57 21 0
57 8 77
55 39 1
43 47 31
2 62 34
3 57 52
43 47 75
32 71 2
1 5 8
46 40 84
41 18 7
64 60 59
33 71 10
10 33 14
6 24 37
81 18 28
22 45 61
7 46 78
77 34 33
2 62 35
54 2 52
87 77 13
76 72 91
56 5 30
13 70 43
66 88 76
35 74 10
3 80 38
29 73 91
34 83 6
41 69 38
68 14 50
51 42 63
45 42 79
26 21 65
69 1 41
61 37 0
84 10 32
74 86 1
55 10 84
8 57 94
36 50 59
44 42 85
65 44 94
46 56 82
68 64 6
4 40 59
28 71 11
10 64 33
19 23 15
72 22 66
66 52 38
9 38 31
65 30 99
25 25 29
23 72 48
60 23 67
39 10 27
7 9 1
51 67 57
35 26 42
70 88 95
66 27 28
41 9 30
62 41 24
59 77 68
46 64 35
42 84 43
79 38 90
69 69 35
65 35 59
57 54 34
82 43 61
16 58 22
81 45 59
33 3 14
87 64 37
38 14 38
68 87 81
18 80 24
25 56 37
88 71 66
6 49 83
3 33 49
89 55 42
67 65 4
62 72 18
89 86 33
84 30 96
87 9 39
30 77 50
89 15 59
58 62 72
61 56 97
89 18 36
73 5 73
73 82 62
53 75 96
86 77 10
13 23 87
16 11 16
8 36 13
88 40 62
76 52 75
62 17 37
61 10 33
70 28 55
41 58 45
89 84 23
7 53 28
20 49 77
74 87 69
86 78 4
65 85 7
72 43 96
15 31 78
74 4 22
51 63 23
87 28 50
3 69 81
72 70 37
27 77 25
84 52 16
2 4 52
53 16 71
24 79 97
50 71 35
12 63 77
1 82 18
89 89 20
62 53 68
19 8 91
60 47 91
78 5 53
1 84 29
69 67 23
34 22 60
42 77 8
9 36 24
16 25 29
75 20 26
55 64 78
55 55 71
3 36 91
56 38 35
88 53 28
44 18 95
18 85 1
62 69 99
13 17 86
56 89 16
64 82 80
76 20 12
7 71 55
48 20 92
70 82 64
66 90 69
62 51 62
84 9 53
28 52 87
59 74 98
69 83 7
14 71 59
80 62 44
82 15 6
50 2 74
81 77 79
1 18 91
65 82 81
73 27 23
64 62 44
2 47 28
69 55 71
81 85 68
20 27 40
24 40 83
89 53 91
46 51 23
4 73 43
90 66 71
17 32 87
78 35 50
71 16 14
35 36 15
40 10 56
61 75 59
62 18 92
57 85 43
57 41 35
2 22 42
65 76 64
73 15 93
32 33 71
90 24 33
18 27 10
20 40 7
3 20 51
2 82 27
34 39 33
20 40 86
18 27 68
59 35 9
34 49 17
73 57 27
10 18 21
68 46 68
43 39 10
47 23 82
7 90 99
23 70 97
66 34 85
28 40 6
38 1 91
57 69 10
23 42 40
50 63 66
65 64 16
14 39 22
78 34 57
32 85 58
75 84 79
28 25 70
62 42 98
61 72 28
89 53 70
1 60 79
5 80 30
9 82 8
57 35 98
56 49 98
72 9 14
16 31 9
8 32 1
61 53 58
67 74 77
63 43 28
14 15 80
85 34 25
88 49 61
34 77 73
14 54 49
34 10 59
21 81 36
59 82 97
2 44 4
67 3 93
42 56 92
65 56 9
51 11 57
25 50 90
35 5 58
90 33 99
82 83 47
50 69 62
67 9 33
49 64 77
65 78 95
27 68 34
30 27 98
21 67 50
78 89 10
14 4 3
14 41 46
62 16 61
36 74 77
21 77 16
29 73 78
14 54 57
21 69 88
18 26 72
40 79 24
90 18 81
66 61 96
20 43 29
57 31 95
38 14 2
12 13 13
89 18 55
43 55 69
47 34 14
58 24 53
47 61 63
44 90 90
85 28 73
39 85 25
63 51 14
83 52 3
53 3 61
85 79 3
52 20 98
5 21 73
14 68 0
33 80 41
79 70 94
8 30 54
61 55 33
85 28 2
38 61 91
50 21 4
90 13 56
63 32 28
17 67 22
66 33 82
12 9 82
56 77 59
33 73 34
34 57 29
73 26 55
37 80 87
51 46 91
90 56 74
59 53 49
35 83 98
5 71 1
25 39 73
84 45 10
1 58 41
59 30 10
38 40 91
54 71 55
33 59 25
68 68 75
56 29 89
21 83 2
28 51 32
43 35 53
80 70 65
10 62 16
25 22 1
90 5 45
68 28 67
33 83 92
80 29 19
48 1 76
77 58 66
8 24 94
80 5 20
51 5 7
29 58 90
77 54 55
4 19 87
17 44 23
36 2 8
80 22 72
88 59 96
69 37 24
69 2 57
1 29 61
23 66 57
24 41 12
49 86 29
84 78 73
82 51 48
85 4 78
75 15 59
60 30 65
34 3 13
10 70 96
42 1 9
6 77 92
65 77 11
40 47 1
10 61 1
64 34 47
18 16 20
75 11 11
84 7 64
68 28 80
78 51 28
71 15 93
63 17 100
36 45 74
63 18 63
87 84 10
59 37 79
7 65 42
35 80 65
19 51 5
78 81 18
49 71 96
73 87 78
32 10 69
68 3 5
47 7 77
71 26 26
41 73 28
79 29 70
43 19 72
69 82 4
36 12 71
36 42 16
62 85 41
33 22 83
85 9 38
67 39 72
75 54 29
90 44 31
56 81 92
26 63 12
56 64 51
11 87 92
19 10 39
13 5 61
13 51 53
54 45 56
45 81 42
36 51 90
13 74 10
29 78 38
63 72 80
33 58 56
23 49 3
28 21 47
61 20 7
61 32 57
80 10 75
45 74 79
75 71 57
29 27 86
46 87 73
18 37 14
36 80 61
78 71 17
17 17 37
6 26 81
34 31 94
55 12 69
77 29 63
64 81 88
34 79 65
28 24 100
66 78 61
49 17 86
17 81 4
60 87 52
54 42 4
41 31 93
74 64 42
81 43 49
10 63 25
26 58 65
18 14 36
84 25 100
14 81 97
38 41 44
85 46 42
5 23 74
11 49 18
68 47 86
70 65 99
12 48 48
40 8 92
80 25 42
57 67 81
66 73 47
77 17 52
40 67 85
31 28 62
55 71 8
19 80 95
67 14 66
49 38 57
53 21 66
64 4 9
23 44 51
28 47 55
63 55 25
11 6 9
46 49 91
38 85 64
8 31 67
5 83 27
47 12 4
38 20 26
13 27 4
57 71 5
75 58 93
74 38 68
68 72 97
79 77 5
53 4 94
22 35 98
61 42 76
72 22 19
53 79 72
6 59 76
43 52 39
8 86 48
80 15 89
11 52 97
46 78 32
63 29 91
48 4 83
46 55 82
74 68 2
70 37 42
56 40 90
32 1 64
3 56 14
77 30 22
46 43 57
23 40 99
45 50 53
14 39 56
5 5 33
66 7 55
43 57 50
33 70 82
20 83 50
85 18 62
74 67 17
37 35 79
24 34 13
30 50 8
62 39 61
80 22 19
50 11 83
10 79 26
19 32 31
30 81 89
50 84 100
64 24 7
86 25 11
36 25 36
49 40 91
58 28 33
77 64 52
64 2 50
30 87 69
27 36 13
77 53 24
73 35 65
66 12 87
64 32 66
32 64 20
57 53 43
61 86 41
22 30 88
24 60 46
34 9 96
27 38 16
79 74 87
38 49 80
50 37 27
30 78 19
36 2 91
28 68 77
81 2 25
52 48 37
58 82 46
64 52 62
10 71 28
32 26 38
73 87 64
44 34 42
69 2 39
20 31 85
20 14 88
62 57 11
79 75 69
26 27 19
31 67 92
68 6 40
75 45 31
86 3 64
57 4 21
41 57 82
75 9 19
84 20 29
67 9 46
69 24 26
1 55 41
72 39 31
13 7 84
76 35 81
63 6 84
52 13 48
88 54 11
8 64 68
72 59 38
83 16 91
1 46 81
35 81 69
4 72 18
88 23 41
74 72 92
51 1 47
50 46 26
6 68 98
47 49 6
39 74 25
19 61 80
62 89 37
77 9 96
64 48 22
49 6 83
44 28 63
31 14 51
27 27 55
13 9 6
12 7 17
68 2 10
9 64 52
84 72 29
41 24 69
21 43 81
51 12 66
75 33 27
8 18 3
72 10 47
82 47 60
38 34 34
38 66 86
88 64 7
25 17 96
73 46 4
79 64 57
76 39 75
47 38 74
76 26 46
52 74 100
66 56 31
32 21 92
23 25 9
89 86 82
40 52 31
8 40 8
41 56 56
11 60 47
54 55 75
90 84 55
3 10 25
33 48 37
42 22 20
27 67 9
15 74 94
3 29 47
52 29 88
15 31 35
47 23 83
17 30 52
74 36 82
10 33 53
38 49 57
35 38 54
71 73 38
7 45 84
17 79 30
23 33 50
61 1 55
50 32 0
5 53 65
23 65 2
2 30 90
80 48 60
8 23 30
81 36 76
81 23 10
57 19 12
78 78 53
19 34 66
54 53 46
29 86 1
7 2 89
44 43 32
70 39 69
26 53 14
2 40 87
27 9 21
50 60 96
32 27 38
80 49 19
45 17 23
16 30 7
35 33 23
23 59 19
59 7 18
11 34 17
9 9 78
1 23 32
10 67 98
76 18 33
71 89 28
85 22 72
58 66 56
45 32 88
51 10 32
35 10 58
36 79 6
19 23 53
45 16 23
83 55 48
54 27 62
1 49 50
58 87 14
80 12 7
9 54 65
29 70 11
78 80 6
15 9 81
4 14 86
47 30 79
3 89 77
59 84 52
78 66 11
20 70 21
74 54 26
21 33 6
53 8 89
11 21 22
30 40 23
20 33 41
16 18 92
51 19 66
20 86 86
52 68 75
26 19 48
21 14 18
8 4 61
38 24 57
69 24 27
54 64 88
20 60 9
53 74 88
57 77 65
87 16 3
2 71 14
18 12 87
53 38 6
36 87 60
65 68 54
54 77 71
6 12 73
68 82 97
18 7 4
12 1 40
39 22 77
46 57 33
81 10 91
45 41 74
4 38 63
34 43 61
33 19 69
72 33 87
87 84 38
66 66 68
67 30 30
31 23 2
67 53 7
22 86 55
25 11 49
1 90 33
44 70 51
40 69 51
65 83 12
60 55 87
19 7 93
1 42 60
11 40 26
71 8 26
9 26 47
4 20 82
41 68 49
56 35 71
17 68 55
46 69 89
90 87 26
15 25 91
54 32 40
71 70 56
45 80 22
90 76 46
38 58 31
85 42 77
42 26 64
75 68 92
69 86 57
88 90 14
14 61 42
90 47 4
52 34 1
46 67 55
10 73 53
52 44 41
32 84 60
33 53 86
30 16 54
69 20 28
63 49 54
17 59 1
25 15 75
47 43 23
49 35 87
86 24 5
49 81 14
79 6 14
21 74 45
88 1 79
67 67 99
20 9 53
3 90 89
3 14 13
80 79 6
48 55 19
55 79 70
29 75 46
46 65 57
43 40 74
56 10 82
57 66 34
9 87 30
52 86 49
36 14 35
85 24 58
63 29 80
9 72 79
38 55 96
17 31 45
67 53 30
31 3 71
3 39 46
88 23 46
40 33 86
32 14 66
54 65 42
51 32 16
31 60 95
31 78 55
7 18 94
29 49 73
76 17 30
29 68 23
59 43 74
35 63 35
63 86 2
64 85 59
3 74 45
41 41 75
3 74 1
87 68 47
29 5 60
64 17 17
15 58 30
43 55 27
73 53 53
40 5 87
27 49 89
14 83 91
90 90 68
81 22 88
6 24 13
62 52 38
56 44 55
26 3 42
20 62 88
28 32 43
63 12 44
90 21 55
12 87 64
29 37 69
50 76 89
58 1 59
79 71 79
7 35 44
60 33 9
21 32 61
90 89 46
88 19 0
56 70 14
68 45 5
19 4 52
56 33 20
42 27 55
84 14 9
72 56 4
37 18 48
39 38 41
74 36 46
28 6 90
79 61 64
59 54 47
66 45 80
71 28 54
82 47 28
38 3 55
46 4 73
76 87 9
44 66 36
5 24 36
9 16 24
4 16 23
39 87 51
52 72 59
89 74 10
52 69 58
60 5 1
48 56 75
12 8 36
19 69 50
54 79 52
74 54 21
8 35 11
77 8 63
75 32 99
34 15 42
68 80 15
31 22 40
37 4 42
82 44 21
78 30 25
22 16 46
90 75 35
22 26 69
10 28 99
71 66 79
84 60 6
78 87 11
44 52 53
19 20 83
6 28 21
58 57 76
35 90 81
11 11 99
58 39 17
2 14 74
36 16 82
70 90 28
78 62 27
87 44 13
77 80 15
15 5 4
61 53 89
54 66 100
68 72 100
37 76 91
6 20 80
15 74 12
26 19 99
4 28 53
78 11 60
81 60 57
30 62 95
73 82 69
74 90 83
79 19 34
58 85 25
31 47 90
48 88 10
84 70 77
46 19 30
74 64 40
27 46 70
18 49 36
9 89 41
28 9 43
21 33 1
72 11 39
73 2 8
44 10 5
90 12 100
89 51 31
34 68 60
6 49 76
14 10 58
39 19 73
48 64 8
88 37 96
78 72 61
64 22 69
34 37 77
1 8 84
41 5 73
5 86 48
80 3 7
71 85 26
20 66 31
84 80 7
15 58 52
10 55 66
27 48 47
11 47 94
29 70 86
78 79 15
49 13 52
21 13 2
16 87 79
37 74 37
73 86 62
77 86 1
14 6 13
75 35 55
90 8 40
74 69 0
79 63 39
49 81 5
70 32 78
28 55 51
57 28 10
26 5 35
78 33 31
58 21 30
52 32 30
25 26 0
19 8 71
7 35 36
18 66 0
15 62 32
59 38 52
4 13 15
63 61 76
12 78 63
58 51 95
38 76 94
9 35 33
12 33 45
17 36 29
1 37 77
24 26 27
14 45 86
28 2 74
11 90 44
27 71 98
9 77 94
32 16 17
2 30 55
66 68 32
52 68 13
13 33 36
68 11 37
66 10 11
65 28 73
69 50 76
33 40 30
11 32 93
66 6 99
45 12 67
60 11 100
77 80 94
2 24 56
15 35 61
10 12 51
44 31 4
78 14 15
75 40 100
32 85 97
46 36 18
7 2 66
68 79 59
51 13 72
64 71 75
12 68 23
2 2 33
50 62 93
6 40 48
63 20 93
13 82 44
32 76 95
48 86 21
51 58 96
58 30 90
71 44 19
85 76 48
26 76 71
31 37 77
5 31 13
85 27 58
18 4 99
89 66 93
49 32 58
37 35 90
55 44 17
33 74 18
29 32 70
87 85 51
13 24 30
83 62 81
87 58 13
58 41 21
70 81 17
71 50 96
63 89 17
51 77 68
76 62 7
47 8 59
13 46 9
21 4 32
18 81 70
2 60 81
81 19 83
5 34 2
26 10 24
48 54 69
85 6 79
78 48 93
58 53 95
43 33 8
57 20 40
65 49 78
32 27 49
63 4 100
39 34 68
32 79 73
26 78 89
41 73 30
10 56 94
69 72 38
17 84 94
76 84 27
71 26 41
6 40 54
86 23 39
86 74 89
89 36 56
51 32 13
61 77 26
67 87 87
78 4 97
49 33 3
26 1 99
20 65 28
86 57 47
28 8 75
81 56 47
79 57 70
26 67 82
46 41 46
7 58 10
7 20 44
72 18 88
71 90 62
69 30 23
87 82 60
8 50 27
14 68 11
53 57 91
17 30 49
16 7 4
66 21 96
55 77 68
28 89 98
80 75 69
70 49 60
89 49 74
89 38 81
68 59 42
17 63 74
81 22 91
84 2 76
66 86 95
60 85 94
73 34 2
49 24 39
10 63 78
42 16 48
88 54 92
52 3 63
36 1 87
33 15 46
49 28 85
17 18 50
3 21 41
20 5 76
84 14 22
41 70 68
24 31 70
21 19 56
15 63 100
83 23 71
44 17 53
81 55 60
38 63 92
81 70 21
77 74 72
22 15 18
78 39 66
60 47 12
10 79 49
52 73 70
61 28 40
62 29 2
69 88 86
22 9 22
67 47 58
35 33 4
21 25 30
84 69 38
42 38 59
32 51 88
31 86 39
35 43 62
55 10 89
80 80 89
50 9 6
68 59 45
17 15 74
15 68 34
68 24 73
84 16 40
75 64 41
52 31 38
26 68 50
49 25 79
1 5 81
88 34 97
70 31 17
34 2 39
24 71 59
81 59 18
81 2 61
53 10 80
6 87 41
81 46 65
1 83 88
78 81 88
19 61 90
64 86 67
38 53 25
29 87 70
63 38 27
69 12 53
67 18 75
85 42 96
44 68 93
33 26 16
33 38 98
78 21 52
71 24 31
38 52 96
32 83 48
52 34 80
46 87 93
60 22 39
6 82 74
8 57 2
15 44 26
71 1 94
25 9 59
49 6 66
40 61 0
58 68 28
68 76 75
73 49 41
2 50 85
74 82 84
46 61 59
7 17 74
43 70 77
5 81 10
7 15 46
37 83 75
37 81 52
18 68 39
64 89 18
80 43 81
5 16 68
76 70 87
20 56 48
64 67 37
80 71 76
78 57 2
78 90 49
40 23 75
27 48 84
25 45 5
54 10 63
18 7 95
7 47 98
32 1 52
43 30 41
51 48 74
32 34 38
83 15 68
8 86 5
44 53 46
33 82 91
1 42 96
30 19 98
34 52 44
84 41 50
50 83 66
76 81 40
20 71 93
67 6 64
77 55 96
80 10 82
47 10 86
72 43 91
62 11 48
60 87 0
16 59 99
47 46 14
43 85 31
11 22 68
67 7 6
37 11 94
5 49 15
83 13 23
66 90 23
26 54 38
52 80 84
1 81 97
64 82 73
