59
165
11 3 90
25 5 25
40 34 49
56 41 4
26 15 76
16 51 13
20 22 58
44 42 9
26 36 71
43 54 83
53 49 13
36 33 98
3 38 10
27 50 26
37 28 30
37 35 75
31 56 15
23 57 76
29 7 17
51 46 78
19 57 49
14 31 73
27 14 56
26 56 8
32 25 8
52 27 16
6 42 84
40 8 18
54 26 80
19 49 0
42 11 20
25 27 24
38 29 96
18 12 89
15 10 96
43 43 76
13 48 80
6 38 84
30 30 83
15 2 84
2 32 81
43 28 14
20 3 31
16 45 98
43 14 16
47 29 32
58 44 56
1 48 83
10 10 87
40 22 73
36 14 34
42 11 36
44 35 29
41 48 68
50 40 12
45 54 45
23 5 11
35 14 71
48 40 17
40 10 69
21 24 1
24 19 50
47 11 34
42 3 15
47 37 56
27 35 74
48 1 95
39 16 21
39 24 3
16 50 61
38 12 80
48 52 69
25 43 37
25 17 99
52 18 44
15 34 2
30 29 21
44 21 44
21 40 95
4 21 18
47 33 85
27 57 50
50 48 6
54 33 42
17 27 66
52 22 99
52 43 43
18 35 30
45 37 13
9 55 21
8 51 10
18 43 36
17 4 67
51 40 37
44 43 79
35 51 51
37 31 80
32 12 53
28 44 30
10 13 97
9 52 41
37 21 91
30 30 39
4 11 32
34 11 21
58 54 43
30 44 74
49 58 8
46 30 47
30 2 74
59 37 81
34 44 69
29 43 74
4 9 13
15 6 5
11 2 96
30 32 20
58 40 8
24 38 36
36 17 39
58 51 74
41 51 38
15 12 97
21 20 87
35 53 89
27 22 99
7 36 9
57 8 52
50 49 36
6 22 20
40 39 10
43 30 96
57 51 70
8 42 66
29 24 97
57 9 4
42 57 21
59 55 29
5 36 13
46 30 0
24 41 48
52 21 37
14 18 42
6 22 39
3 46 76
45 44 99
9 56 21
16 53 32
56 37 35
17 52 95
47 33 25
28 38 8
35 33 60
45 18 70
9 46 79
7 3 73
35 40 12
35 2 76
31 58 79
33 54 55
50 38 52
34 56 99
10 39 63
49 13 50
21 46 49
