68
5579
57 47 39
30 27 25
19 32 38
35 56 1
58 3 42
6 29 29
24 43 34
38 18 9
19 68 11
45 43 31
21 64 49
11 4 31
15 15 84
7 24 52
48 67 42
53 10 82
61 23 6
41 68 21
38 63 61
40 47 61
18 14 80
9 45 99
40 2 87
43 17 54
38 58 38
65 7 99
24 39 55
44 31 29
46 52 100
6 36 46
10 61 25
27 7 89
27 21 6
62 24 34
5 38 17
9 28 48
60 47 48
35 37 72
23 58 32
51 55 49
65 26 52
40 24 37
3 19 37
33 41 33
2 11 63
49 34 70
55 45 70
24 20 10
43 18 58
30 19 72
64 62 4
52 25 33
10 7 72
47 64 2
22 55 70
55 4 42
64 41 14
13 26 89
50 12 20
12 5 32
16 9 14
61 3 76
52 25 13
65 36 84
5 49 33
59 35 100
14 65 9
38 35 31
40 46 7
56 23 54
48 60 31
29 64 87
22 14 27
32 51 79
5 53 38
35 56 16
2 26 73
23 46 1
33 62 94
38 57 54
47 47 37
35 2 96
40 4 42
43 2 4
17 63 26
60 10 55
65 28 18
39 2 47
36 9 18
25 62 79
54 8 58
9 2 73
18 6 11
34 3 30
43 3 81
8 19 85
15 15 89
27 23 10
19 8 63
52 17 69
60 9 99
44 1 56
40 8 29
6 23 10
66 12 19
68 35 56
36 49 17
4 57 100
14 36 39
54 11 44
54 32 8
52 51 60
39 62 1
22 55 18
56 41 17
61 28 3
21 64 73
58 13 85
2 11 90
19 7 88
24 30 47
58 48 31
45 51 51
21 20 8
57 41 89
35 51 81
27 59 4
24 57 94
4 39 67
61 63 77
58 41 64
48 33 57
53 61 55
13 50 3
27 16 87
30 45 20
64 68 87
49 32 38
5 68 26
26 2 32
14 28 89
67 41 91
34 65 22
4 37 34
50 46 33
44 50 84
67 61 10
15 1 48
13 4 94
25 62 66
23 43 100
33 13 90
61 29 71
59 61 77
68 68 72
62 10 31
46 56 49
42 53 94
35 39 74
58 13 71
49 68 91
5 1 28
37 2 38
20 59 78
33 35 58
14 33 69
56 19 30
28 41 20
42 22 63
68 37 68
58 4 7
11 1 99
21 4 46
62 4 31
11 52 59
13 13 41
33 11 45
45 45 55
30 25 41
17 7 34
60 65 22
49 1 15
66 54 33
65 17 88
1 65 38
29 51 15
68 24 80
43 6 66
8 11 96
41 8 29
12 53 96
33 59 34
13 11 7
67 66 13
65 8 50
26 53 96
21 15 43
6 13 67
55 40 50
7 58 24
55 51 61
2 59 55
39 64 90
39 49 13
30 48 41
43 66 49
9 11 55
45 16 1
68 1 72
54 67 18
38 33 70
39 49 42
38 64 45
55 8 99
15 61 36
45 15 24
62 59 73
27 46 18
22 60 26
41 64 70
11 13 32
21 11 45
21 59 89
55 59 59
26 14 95
1 55 3
50 43 3
53 27 57
49 67 98
50 44 60
39 59 99
57 9 53
47 55 68
56 44 82
28 18 95
16 21 26
10 53 5
19 12 23
32 16 63
44 46 96
28 24 78
58 57 80
50 57 94
48 46 35
32 6 99
8 47 25
47 38 20
53 7 50
18 63 77
31 18 28
14 18 51
28 50 34
30 48 65
46 46 94
45 7 87
10 51 78
6 48 51
58 12 89
34 31 41
17 46 92
22 29 57
47 36 55
39 7 95
10 13 36
58 1 48
17 20 100
7 15 30
12 15 18
44 64 69
6 61 28
3 59 46
3 7 60
46 49 52
65 62 63
25 4 49
10 37 61
4 9 72
48 9 49
17 47 59
45 58 22
4 59 28
9 12 56
23 48 81
7 54 80
15 47 2
48 58 20
49 37 35
31 39 84
67 46 7
37 27 80
64 34 45
33 20 10
60 62 12
2 30 4
39 44 21
50 51 11
16 57 43
67 21 30
58 39 94
64 12 3
54 1 66
24 51 35
33 55 85
28 38 90
47 10 12
37 40 15
60 61 14
22 42 45
60 37 3
12 49 70
2 36 93
62 35 6
50 26 81
51 20 85
67 2 34
10 48 64
29 22 53
34 15 70
50 6 97
29 61 23
44 42 16
31 26 6
50 54 35
13 49 11
18 34 3
28 57 5
39 11 22
37 41 21
15 46 70
35 23 67
28 46 73
33 8 30
3 3 32
30 50 8
12 41 72
4 42 38
15 4 0
28 59 2
48 10 4
45 3 2
45 33 87
52 42 34
28 47 24
19 6 78
4 7 65
34 38 67
60 42 17
35 23 75
41 2 28
15 52 79
49 31 46
32 56 4
37 31 61
18 49 22
38 29 73
65 12 70
33 65 23
7 6 2
57 45 9
47 34 19
37 60 23
14 15 72
3 32 44
16 20 78
36 19 3
55 17 7
17 44 15
67 27 15
62 27 87
44 28 11
21 47 73
33 44 25
16 54 64
16 59 32
3 4 20
52 42 15
18 42 90
26 7 24
20 30 26
40 53 33
65 27 39
6 55 80
32 14 73
45 64 92
1 40 47
68 42 99
9 40 55
26 47 48
50 50 16
63 30 83
63 30 57
36 18 66
24 54 75
13 58 78
37 29 71
4 14 59
3 13 17
67 6 91
44 12 36
59 34 90
21 35 67
47 33 49
9 33 14
7 5 93
40 4 30
66 30 100
59 60 12
38 10 9
61 31 38
14 14 51
2 2 44
16 30 95
21 15 0
31 5 3
36 50 81
56 26 7
21 59 11
1 65 25
12 34 22
66 67 91
22 1 78
18 2 79
43 11 2
40 47 29
12 46 70
32 24 89
12 45 7
21 42 18
65 27 14
40 28 7
4 15 71
9 3 89
59 16 65
20 3 41
46 40 60
51 50 62
58 36 32
61 10 17
4 49 96
3 52 57
65 10 71
43 17 11
24 36 45
50 65 46
10 35 28
47 48 72
15 15 88
29 54 32
38 39 13
66 15 17
30 36 49
15 42 21
46 44 54
9 61 72
1 55 48
41 41 85
62 51 34
60 62 78
51 55 98
50 39 37
22 54 36
21 55 4
62 44 67
59 46 96
63 56 27
39 44 37
30 7 83
45 52 79
20 12 67
37 51 13
5 32 29
54 36 63
55 7 25
10 53 37
8 42 93
59 17 5
39 33 39
20 14 5
43 50 24
48 20 2
54 32 41
59 37 5
45 4 54
38 59 52
28 15 44
4 65 85
29 47 60
36 58 16
61 12 67
4 63 89
41 9 74
40 23 23
58 28 25
62 16 24
29 12 90
60 39 51
46 2 32
62 34 3
63 15 93
68 6 68
22 47 85
1 57 58
43 24 38
43 39 40
13 52 15
4 32 33
42 41 37
56 34 27
24 37 51
56 32 17
41 9 37
38 39 16
64 51 8
3 50 44
44 39 91
25 54 73
16 67 99
14 3 88
32 29 70
34 20 15
55 7 46
32 59 36
38 30 57
38 35 23
57 37 25
16 1 2
41 22 16
47 26 57
16 2 82
4 31 29
46 16 39
57 29 37
34 30 87
66 63 69
49 63 7
37 67 8
18 31 31
36 12 75
49 20 20
20 10 97
61 21 86
61 55 17
51 7 85
41 56 25
53 5 56
12 12 5
10 43 55
67 16 61
2 65 19
18 57 95
1 68 72
59 55 82
52 41 24
30 28 4
67 8 58
52 61 13
19 42 83
14 63 74
11 31 39
34 21 70
42 29 4
8 1 21
16 33 12
20 14 79
35 35 24
47 29 8
40 4 90
50 62 96
38 33 39
33 57 6
53 12 72
26 61 31
16 41 63
16 61 12
31 11 42
9 48 42
2 37 52
15 66 83
67 61 78
50 52 72
54 54 60
38 65 66
12 48 23
13 18 21
16 49 32
5 21 49
51 11 75
57 41 2
52 23 46
56 5 64
43 52 63
16 4 5
49 23 56
31 20 9
11 28 39
24 46 67
12 46 2
67 42 86
51 64 0
41 33 39
68 10 83
52 38 42
46 16 11
45 50 83
2 30 7
43 56 1
58 46 98
12 32 36
18 51 90
35 53 92
67 6 34
56 51 47
48 60 25
63 59 8
26 10 48
15 41 50
5 29 76
24 35 95
16 6 97
54 67 33
38 39 63
12 66 97
19 17 7
34 58 36
21 20 18
56 5 43
2 35 86
67 54 58
33 29 78
19 46 52
68 10 20
51 60 82
62 42 83
65 41 69
55 4 45
10 62 34
42 3 44
64 3 80
59 55 51
32 56 33
65 46 89
47 67 65
66 66 33
32 21 10
3 21 71
58 64 71
18 19 32
63 48 92
39 47 40
4 5 37
23 5 0
10 46 82
37 26 84
28 38 91
11 51 8
43 29 93
4 19 0
19 53 92
29 27 60
10 24 92
37 65 56
37 48 7
24 34 91
1 19 76
1 7 34
37 22 41
6 56 71
22 63 3
66 58 98
9 28 40
12 40 19
28 1 19
34 54 97
49 37 57
53 31 28
56 23 67
15 59 5
23 33 51
53 26 26
31 36 75
26 26 83
54 14 42
32 53 55
57 38 56
17 3 63
53 8 60
6 66 12
44 2 66
37 51 37
13 31 43
66 47 6
47 57 91
41 10 97
25 43 95
11 15 22
25 59 80
25 47 12
53 20 85
62 19 76
8 37 39
46 32 99
14 12 67
14 56 33
10 56 37
9 3 87
62 7 43
21 33 6
67 32 6
57 4 90
1 41 89
7 4 46
12 2 39
36 24 42
2 17 46
40 36 13
20 53 97
57 5 52
38 24 12
42 25 82
19 30 100
15 41 91
19 54 9
20 12 8
31 38 60
4 41 10
61 22 2
67 55 85
5 58 62
34 32 65
54 10 97
17 51 33
62 56 24
66 52 75
19 67 43
11 13 36
34 34 87
1 54 60
60 61 18
28 6 97
1 9 0
41 5 33
3 27 73
49 16 70
45 11 30
31 28 30
2 48 55
8 12 20
25 53 77
10 8 6
12 23 53
8 21 93
65 63 0
28 12 49
41 9 19
1 44 90
16 38 89
30 42 59
57 35 66
45 8 14
35 32 98
19 31 19
35 47 43
38 9 8
37 4 74
50 52 57
36 58 44
3 13 87
68 57 26
13 60 41
41 59 98
68 26 69
64 35 3
26 55 99
13 52 33
23 13 40
47 62 1
68 21 36
60 13 45
1 10 11
24 16 4
41 6 85
7 37 81
45 62 35
55 20 30
26 20 27
34 30 24
54 1 12
52 45 48
29 14 55
35 58 65
21 21 11
22 65 69
67 45 78
47 61 62
53 63 55
20 56 35
34 48 80
15 15 45
39 9 57
61 11 72
39 38 86
24 36 17
68 37 27
48 38 54
9 60 1
55 37 49
65 33 65
15 19 16
24 51 26
35 32 65
54 32 8
2 8 17
22 4 44
58 58 92
9 13 13
47 59 7
16 13 66
48 24 96
21 18 78
49 29 91
58 4 66
53 59 24
21 62 41
23 38 66
17 67 20
65 57 59
29 11 15
63 65 90
30 1 76
46 60 10
17 11 33
8 19 98
68 40 71
50 6 34
21 58 18
16 67 70
2 40 7
56 32 41
57 4 14
30 19 44
10 27 44
48 32 31
28 52 23
43 42 89
2 24 45
6 34 76
12 64 46
9 32 11
1 41 35
15 8 23
16 29 26
52 16 54
43 40 5
8 65 14
20 51 29
40 38 89
11 22 2
47 50 12
34 34 19
42 38 51
24 25 82
22 2 5
24 18 15
21 37 36
13 10 5
47 25 23
60 43 28
28 19 57
23 64 34
48 10 79
34 11 24
50 64 61
26 59 7
2 15 31
27 12 57
54 17 23
6 30 49
33 10 17
13 55 66
26 30 78
40 47 27
28 43 20
20 45 37
33 12 57
62 62 44
37 30 50
12 65 69
20 16 43
10 36 56
11 67 71
35 11 90
2 67 66
45 41 34
44 19 87
63 16 18
56 54 76
49 59 21
34 57 82
47 23 81
3 46 99
32 44 49
37 6 76
50 23 94
46 21 53
28 50 12
60 63 23
53 33 100
46 50 59
36 3 19
58 57 99
24 17 18
26 45 100
54 4 65
65 29 17
13 12 30
30 9 1
61 57 1
46 35 94
8 4 17
61 62 44
2 26 91
30 6 51
33 62 33
17 61 12
33 52 72
15 40 8
51 47 71
47 28 64
7 59 77
51 41 27
47 31 37
62 14 65
68 10 75
68 44 90
41 35 85
4 31 13
4 33 32
36 63 36
6 1 30
58 8 67
68 4 20
2 66 96
40 39 65
53 33 28
21 53 96
59 47 66
44 18 61
9 52 74
66 60 47
49 17 50
39 57 94
2 60 11
4 44 93
30 47 42
67 11 51
57 11 2
35 8 36
48 24 19
27 9 14
46 18 6
49 45 60
26 28 96
61 38 1
51 43 7
41 35 82
20 10 24
28 62 26
60 30 43
31 43 15
3 46 68
27 45 16
23 45 49
54 40 18
65 26 79
40 61 80
64 56 73
48 26 93
33 17 41
29 18 28
1 31 42
45 18 5
30 44 72
16 31 82
37 34 77
56 67 22
61 40 3
5 56 30
55 66 83
11 8 70
55 22 65
15 55 6
16 53 66
58 19 82
43 46 46
20 21 13
17 34 60
9 42 95
16 51 29
52 6 8
22 25 51
13 39 88
20 54 88
17 64 15
42 63 42
58 64 82
45 20 16
57 13 51
62 5 100
30 57 58
33 37 33
20 45 66
33 28 55
42 63 51
12 38 56
5 26 32
32 7 78
24 6 20
24 49 64
23 30 46
41 50 29
26 29 14
24 44 82
20 58 17
36 58 64
45 11 82
5 26 56
62 30 55
2 8 39
39 65 89
16 35 99
34 64 88
53 23 53
13 48 50
2 3 35
52 62 75
44 48 16
52 43 79
16 19 70
37 14 83
31 12 34
62 40 18
57 47 57
2 65 49
64 38 48
44 32 9
60 51 43
22 28 55
6 4 59
1 37 1
15 10 22
58 9 66
11 11 53
59 62 16
15 60 7
33 15 32
28 62 78
13 14 25
43 17 23
54 52 44
47 38 46
2 52 91
15 26 73
50 45 83
59 32 73
56 23 81
54 21 18
37 14 28
54 7 73
50 27 82
58 23 97
49 38 90
3 37 59
24 34 28
60 30 44
28 52 93
46 42 36
47 16 59
2 59 23
34 47 27
55 52 74
43 63 57
48 6 48
17 39 44
57 14 98
60 44 22
25 65 70
30 45 49
31 63 45
28 54 5
37 38 66
67 13 39
53 46 63
53 66 78
52 16 37
59 55 78
25 63 44
54 54 37
66 42 19
47 4 1
63 31 46
42 9 62
51 58 49
9 48 4
57 11 14
61 62 68
18 10 50
19 51 48
65 3 19
57 18 27
48 31 27
23 44 91
21 41 84
24 49 55
58 62 83
45 1 24
31 6 38
25 60 81
57 14 97
36 53 82
63 24 60
9 49 40
26 19 24
38 45 38
54 5 54
14 15 82
66 53 22
36 16 20
20 57 6
17 19 49
53 11 88
58 19 6
22 25 3
64 66 95
19 40 76
21 61 71
47 33 98
39 43 44
67 59 47
29 47 8
1 5 79
20 20 96
40 65 33
61 5 50
30 66 57
51 27 42
37 6 36
48 21 40
20 22 85
60 8 40
50 22 6
64 2 57
54 11 74
7 17 76
1 68 57
41 17 77
11 7 70
60 58 83
38 44 3
44 11 22
59 26 7
47 67 25
17 17 42
12 16 47
50 48 46
55 17 55
57 49 20
36 15 49
13 34 66
23 60 92
22 16 31
49 28 4
2 50 80
29 51 98
63 46 66
32 7 72
19 23 70
54 27 38
32 19 88
38 60 12
5 45 78
44 2 54
19 30 16
39 43 15
49 58 97
64 8 84
47 64 43
14 4 31
21 63 41
31 61 15
54 25 1
27 8 58
34 52 1
1 5 51
17 22 76
22 60 14
26 43 5
1 32 19
61 54 20
58 41 10
42 48 32
66 25 69
63 39 17
1 57 6
8 53 71
51 53 15
34 56 93
42 10 92
4 8 8
56 5 42
12 18 91
60 49 54
65 8 94
35 33 75
50 3 37
10 48 11
7 30 97
10 33 63
64 68 84
34 21 16
40 29 80
53 6 62
37 22 83
16 63 69
53 10 54
36 43 87
31 1 49
32 53 89
61 36 50
68 27 68
3 51 10
8 54 43
63 10 69
13 16 65
52 56 38
12 65 22
25 51 80
61 16 86
50 36 29
11 68 3
19 52 65
40 51 29
68 63 64
61 28 63
41 67 37
65 39 56
31 2 77
7 9 15
68 30 99
8 66 37
44 46 97
41 19 86
20 19 86
54 62 61
16 57 60
58 54 58
38 53 35
62 49 71
29 2 94
23 1 40
28 6 76
54 64 80
62 62 21
61 26 48
57 22 4
40 6 91
8 38 51
7 57 1
56 65 22
45 45 95
40 51 33
13 50 71
40 53 37
14 49 49
11 24 0
18 6 30
7 56 51
9 40 54
59 45 35
45 46 9
14 62 86
11 45 60
2 9 24
45 22 31
48 63 36
42 32 100
59 7 90
17 16 94
57 61 24
16 23 18
33 18 10
9 19 27
32 17 16
8 18 38
15 2 75
39 51 41
48 21 26
44 66 88
42 1 31
47 43 31
31 30 94
66 21 81
43 27 10
6 54 17
59 43 35
14 13 31
44 50 62
17 34 34
65 30 6
54 68 27
32 42 11
55 62 92
15 26 0
30 6 7
41 11 27
58 60 86
1 39 94
34 45 15
4 11 74
44 5 6
58 49 7
67 30 20
56 50 72
39 59 98
8 14 35
22 46 25
51 13 93
17 10 50
42 44 81
52 27 22
14 5 74
59 38 38
15 4 72
59 9 34
66 16 11
32 63 31
12 57 75
33 25 79
20 29 82
38 64 40
14 64 9
25 36 34
60 66 98
22 14 73
15 65 41
3 16 86
16 13 86
23 33 19
28 11 4
56 68 1
65 2 61
38 33 95
1 36 80
67 64 43
30 40 20
62 42 89
53 29 30
26 51 27
28 63 91
55 43 19
26 30 69
13 23 87
11 15 95
39 64 86
1 27 19
40 54 98
23 63 29
14 14 68
56 63 78
26 25 73
55 60 60
31 21 6
17 46 100
61 4 36
50 10 81
47 55 79
6 14 64
62 36 25
9 22 1
22 49 43
1 30 97
8 53 100
22 37 43
53 66 17
66 42 44
35 47 32
12 9 69
62 65 26
28 45 30
62 15 29
9 7 78
62 6 5
33 18 52
5 13 0
6 41 32
50 11 81
45 56 81
31 44 63
68 3 7
33 4 42
19 29 77
37 20 72
45 50 71
48 5 79
1 16 47
7 47 96
54 68 45
16 52 48
30 17 84
63 60 86
54 18 97
2 17 4
61 61 81
3 65 3
32 31 59
22 23 100
38 17 9
14 36 8
47 56 0
56 60 25
25 61 99
13 4 21
65 3 61
67 16 81
8 17 48
33 57 11
62 2 42
24 45 65
67 32 83
67 52 76
57 1 29
49 14 37
15 60 11
6 13 8
12 50 58
41 19 90
58 37 57
19 49 76
59 52 69
66 66 34
38 46 74
55 42 49
5 25 12
44 57 92
5 54 50
28 13 58
21 28 93
34 50 27
55 52 96
5 13 68
33 15 69
33 67 90
34 27 31
8 26 92
67 27 40
14 42 30
13 1 35
23 41 91
62 62 1
26 68 22
50 16 35
53 63 32
18 12 28
40 49 97
37 59 27
33 3 94
36 55 34
63 37 64
38 49 66
30 45 43
59 5 26
50 8 6
31 45 62
14 38 28
10 44 11
30 20 33
37 11 81
11 57 62
22 65 73
60 46 55
64 33 28
37 30 86
59 5 97
11 29 11
5 47 56
17 39 31
28 16 13
35 43 54
21 48 45
33 16 37
45 22 7
58 54 74
42 52 31
42 39 80
23 53 79
4 67 30
23 67 81
40 56 15
48 66 84
68 4 15
27 13 44
12 15 64
52 62 86
8 51 44
57 56 39
43 63 59
35 49 77
45 38 95
15 55 33
28 68 63
38 33 73
22 63 99
30 50 39
29 63 11
67 14 78
47 64 76
55 41 34
52 14 34
34 2 72
43 31 65
53 67 72
44 67 79
5 66 80
51 50 80
20 34 47
28 61 18
43 63 5
22 50 12
62 55 33
44 27 37
33 30 61
46 42 43
5 43 94
52 21 6
42 48 11
31 16 45
7 23 49
34 29 7
1 60 10
40 40 80
1 18 49
24 30 62
46 23 12
62 44 38
63 60 72
63 20 74
56 44 78
29 57 51
63 11 61
34 1 95
41 42 2
4 8 91
40 1 63
28 35 66
28 15 54
7 40 41
25 42 41
14 53 100
23 42 73
61 1 80
50 67 55
22 44 100
37 34 89
18 39 40
51 68 50
7 3 42
37 16 64
58 52 16
25 61 97
9 16 63
55 4 37
34 31 35
51 60 53
26 42 9
60 48 58
68 21 17
16 21 75
43 7 74
12 37 30
13 3 99
3 49 62
61 66 7
9 16 89
1 33 74
33 33 28
20 66 79
16 4 90
67 15 95
29 6 54
13 53 24
14 53 95
36 14 34
36 8 25
45 26 17
22 44 64
45 58 86
4 34 83
48 51 42
53 48 99
14 25 85
31 47 42
49 65 43
25 55 99
47 21 42
14 50 54
1 51 10
65 47 18
17 46 46
31 28 5
36 62 94
46 12 40
26 68 68
18 59 97
7 18 72
41 36 6
35 17 70
58 42 31
48 63 22
31 8 66
30 39 20
66 43 10
48 14 49
38 12 28
15 1 40
14 58 29
4 24 87
9 31 50
14 66 48
3 40 91
53 64 80
41 46 66
11 60 86
59 29 5
24 44 93
35 22 60
35 25 25
11 47 40
60 47 18
20 18 49
37 61 98
56 38 29
67 13 89
54 66 83
60 53 98
9 31 59
57 17 86
40 35 30
24 63 49
57 8 96
61 30 28
20 45 81
36 42 35
32 50 17
15 2 77
22 34 78
17 32 28
58 60 62
24 19 76
6 48 83
57 2 86
17 3 9
8 23 29
26 8 9
8 1 73
57 24 63
68 56 80
27 32 5
18 62 44
21 24 87
54 3 41
56 22 51
3 27 6
55 14 17
52 27 93
55 33 4
5 68 14
44 42 73
34 35 50
51 41 27
4 58 95
16 16 2
4 67 56
21 41 54
26 33 93
25 45 65
24 65 68
67 23 92
12 63 93
54 58 23
51 57 32
10 17 68
63 46 46
45 58 5
14 60 68
38 26 73
17 16 10
19 13 51
36 30 3
33 48 39
22 23 100
19 9 49
46 6 36
6 43 70
14 65 75
3 53 52
2 63 16
56 29 19
60 59 36
18 50 98
9 57 67
55 40 63
65 13 4
41 49 92
17 35 91
26 35 26
5 21 91
3 29 24
57 24 28
40 8 62
56 7 91
36 32 24
58 43 79
7 10 82
28 12 65
47 20 78
9 47 74
46 16 92
34 62 80
56 15 61
48 65 86
39 12 86
2 6 32
47 11 67
40 57 12
13 57 99
47 48 67
30 50 20
21 7 45
55 44 15
51 12 67
61 32 23
26 13 40
40 45 95
7 65 92
9 57 58
29 30 43
50 39 56
51 23 62
55 54 52
41 23 20
56 15 29
16 67 44
54 31 82
44 16 14
36 37 71
50 24 66
15 62 59
44 7 25
21 54 97
41 13 75
55 14 44
13 14 78
54 43 92
53 48 20
7 25 61
53 66 32
55 33 73
32 3 11
2 35 19
38 17 41
36 10 47
42 20 2
60 51 73
40 52 76
67 29 77
24 65 81
54 25 57
29 40 53
63 42 24
36 62 81
66 24 86
44 47 56
60 60 77
54 64 38
34 36 20
35 14 16
61 51 50
58 42 66
40 34 14
8 45 4
11 40 16
68 4 3
18 31 8
34 37 56
42 33 20
67 54 82
2 30 36
39 61 7
15 2 74
54 51 2
6 43 53
5 42 46
40 2 43
64 10 26
4 52 4
47 65 79
65 57 60
20 59 14
13 41 100
68 19 85
54 9 31
39 28 58
51 27 47
11 64 97
38 16 36
6 43 24
52 28 74
15 67 36
32 16 8
16 63 67
40 9 42
40 7 95
67 38 72
64 24 89
63 51 20
6 51 23
55 53 58
2 3 72
63 56 81
33 49 3
17 54 30
9 62 97
7 39 33
41 27 74
27 40 0
49 18 11
45 66 7
19 24 60
38 19 89
22 11 44
47 26 58
52 18 29
37 16 99
5 21 45
23 1 39
31 18 60
18 21 80
68 5 15
63 60 82
64 2 5
21 38 2
59 58 61
32 11 73
48 25 78
42 68 81
29 48 66
15 29 3
18 3 9
33 14 11
24 15 89
15 50 65
9 17 35
22 68 14
16 64 13
51 59 79
16 53 18
16 14 85
29 52 19
30 4 3
41 50 27
62 33 2
38 11 40
21 1 58
17 52 5
49 45 68
13 13 33
61 3 49
68 40 11
64 1 30
45 41 90
34 48 94
14 50 27
25 32 59
16 37 29
62 12 69
53 41 42
66 41 56
16 40 86
21 22 39
16 8 71
5 6 7
28 11 66
20 10 40
22 67 71
31 52 45
11 40 40
62 1 18
32 57 49
11 31 35
5 20 1
38 3 47
35 9 95
16 42 38
62 67 84
54 24 87
58 29 57
11 57 99
9 45 52
35 8 47
27 35 70
8 11 53
34 58 90
15 45 66
66 28 87
26 56 77
27 48 44
5 3 28
52 10 74
3 33 6
61 22 11
2 54 68
8 8 91
26 28 92
44 55 77
30 55 44
64 10 28
13 4 84
11 62 24
45 40 86
14 46 10
8 2 59
14 9 97
43 12 26
37 48 73
54 14 26
4 43 72
41 53 86
59 26 56
4 54 75
8 30 70
17 41 84
24 25 4
63 31 57
11 57 21
3 39 63
40 26 41
63 44 23
58 43 63
38 61 80
15 40 62
62 7 35
48 2 24
63 48 86
62 44 78
32 51 31
36 9 36
66 17 95
4 45 79
47 55 40
56 23 81
20 8 25
48 21 26
57 51 35
58 6 36
51 65 62
57 61 78
65 12 93
28 59 15
60 9 59
33 14 100
62 13 97
27 22 94
6 45 95
52 10 36
3 31 0
41 58 55
6 16 55
51 59 26
28 6 38
45 13 35
28 10 85
27 44 98
48 24 40
51 46 14
18 31 49
33 50 69
53 27 13
39 17 96
6 50 93
59 8 45
48 54 68
64 40 85
21 15 88
45 46 95
59 39 12
38 40 35
30 12 7
14 20 25
11 58 58
13 22 38
33 57 63
54 61 12
39 25 89
13 11 70
68 12 98
45 41 39
50 45 85
2 38 25
47 34 24
40 6 56
5 30 29
27 58 99
10 30 39
11 20 72
45 33 17
57 3 89
68 63 71
42 60 25
3 14 47
19 20 45
67 20 23
49 59 100
36 46 66
42 48 80
26 31 32
7 51 91
43 44 8
29 42 3
46 59 49
5 48 34
63 64 41
23 32 80
65 53 16
51 66 45
14 20 92
52 63 85
61 57 95
13 8 36
59 31 56
61 62 30
29 15 56
41 12 16
66 9 76
8 42 80
49 49 70
68 48 79
6 10 56
40 51 69
52 38 21
66 4 37
26 49 59
11 34 16
55 52 54
7 63 68
3 1 80
14 6 70
28 31 23
34 25 67
24 14 14
1 51 36
62 25 5
36 11 22
57 36 52
42 38 92
40 27 94
16 22 75
20 37 71
29 43 64
43 6 68
45 59 5
59 4 6
65 15 32
68 16 47
47 18 75
67 51 26
31 8 95
37 12 37
6 15 13
26 26 39
24 16 89
64 17 29
7 45 20
11 8 97
52 14 78
44 48 33
41 2 28
50 19 99
22 30 24
34 56 37
48 26 52
5 43 89
30 9 18
2 17 29
19 59 12
39 9 100
34 50 41
21 43 26
67 23 5
47 26 7
30 26 70
3 9 84
34 44 73
49 44 74
13 8 58
28 31 1
9 26 72
58 67 2
33 36 47
34 18 35
13 29 73
67 44 48
19 53 98
41 33 82
32 37 16
10 14 30
43 52 39
36 30 95
1 40 7
43 55 58
57 56 78
66 15 55
63 40 51
46 33 61
23 32 25
26 23 5
47 16 25
61 41 87
18 61 9
54 64 5
44 60 68
35 46 7
10 24 5
59 65 92
20 67 17
2 18 41
59 37 98
53 53 28
43 38 27
7 48 94
58 41 32
62 50 90
51 6 55
30 51 58
16 33 58
33 14 22
27 1 94
27 29 48
23 46 45
31 8 54
16 51 86
25 57 37
63 41 27
20 19 68
54 48 45
60 29 31
55 6 19
51 52 50
52 61 87
42 16 9
63 57 91
29 20 80
51 15 19
17 65 93
57 55 14
58 20 23
53 10 72
65 57 37
37 54 7
32 6 47
15 52 34
7 62 60
48 47 33
36 38 59
57 13 61
25 62 40
60 18 47
7 61 53
9 59 49
21 61 60
31 33 85
26 39 9
19 25 96
9 33 64
66 31 35
14 46 72
22 29 93
15 19 72
37 57 54
27 61 13
9 47 20
44 46 64
19 9 95
18 11 54
49 6 44
49 26 8
61 6 76
46 43 95
54 4 16
15 12 33
67 33 3
3 23 85
27 61 66
6 50 31
47 48 21
40 68 35
10 61 90
32 51 60
46 61 56
40 37 34
52 20 3
41 23 94
42 54 83
15 31 42
25 65 18
47 53 7
46 29 26
42 7 74
63 28 29
4 67 22
46 15 70
1 25 81
5 43 55
67 67 36
61 14 44
7 38 93
60 48 50
4 52 20
44 40 10
64 17 1
25 25 86
11 68 51
18 38 71
18 32 77
66 57 70
4 31 9
67 11 58
53 40 43
3 40 46
36 16 79
53 65 90
57 45 83
23 66 6
21 8 0
27 23 3
54 12 15
55 53 90
30 43 86
66 59 91
42 18 88
26 16 66
40 45 94
62 16 99
53 7 66
36 64 18
46 41 12
5 22 76
27 1 17
28 47 77
49 37 11
33 56 78
18 13 25
43 28 66
45 63 52
50 18 56
8 29 64
14 28 71
60 33 66
20 7 93
15 7 40
36 59 34
25 53 54
12 58 67
30 20 75
49 2 31
57 18 50
32 60 51
65 61 78
4 53 97
19 57 60
6 32 83
38 59 32
61 33 91
58 36 68
29 34 59
19 18 18
2 6 42
60 25 71
64 37 40
23 37 7
30 12 86
34 55 89
53 25 75
11 18 29
59 16 93
13 29 47
65 14 68
50 14 97
49 28 70
17 27 42
54 15 65
35 41 15
15 34 60
65 11 36
38 57 20
45 66 44
49 3 81
59 29 33
30 20 67
29 37 57
50 40 75
50 6 36
33 15 19
64 44 39
1 42 68
46 67 96
64 15 60
39 19 19
55 46 57
55 33 86
22 52 4
55 48 100
63 48 68
35 19 77
65 58 40
8 1 59
35 41 55
55 61 91
55 22 84
36 53 33
37 37 44
45 59 50
16 49 3
47 28 94
27 33 32
18 36 74
30 66 99
34 50 81
68 3 84
31 61 60
1 34 35
64 56 66
39 40 15
61 64 68
62 33 84
34 25 44
50 9 38
51 36 0
48 11 0
14 60 84
48 39 97
51 41 28
59 51 46
27 39 90
52 19 38
15 23 22
28 1 50
39 53 43
8 66 93
10 41 82
28 59 42
4 11 39
6 34 50
33 50 72
57 28 26
16 8 28
65 1 58
28 32 8
5 10 62
43 12 34
11 35 94
64 42 62
56 36 75
11 14 100
32 56 58
30 61 53
25 62 20
11 52 91
27 28 20
39 56 74
30 47 66
9 68 59
13 55 97
7 47 63
63 3 59
27 48 30
48 25 42
27 66 91
41 44 19
64 46 94
27 33 99
28 50 67
10 27 46
7 26 88
10 62 16
59 1 60
25 47 38
7 39 9
33 33 50
37 63 80
32 8 86
32 26 10
44 28 92
3 11 91
41 32 46
49 62 37
30 4 97
40 20 33
10 34 41
3 44 33
51 56 7
33 47 79
28 47 32
52 62 24
26 44 94
20 12 50
47 2 51
55 15 31
28 59 47
9 56 69
67 45 2
37 37 5
13 1 14
27 22 37
47 58 62
43 32 61
63 26 51
56 54 37
5 36 35
47 61 59
10 34 20
61 15 19
28 27 60
6 64 76
56 7 87
51 52 17
3 34 49
13 65 39
45 50 74
14 27 98
53 40 19
34 54 31
64 48 71
45 3 49
27 48 66
67 6 93
5 35 24
60 56 45
3 63 43
21 49 63
30 12 50
59 15 64
68 68 93
48 2 55
34 8 36
30 22 26
65 30 21
58 32 47
68 30 39
12 23 97
51 32 2
57 32 30
54 59 82
56 7 56
31 27 89
21 68 51
62 30 12
29 18 33
59 59 20
5 5 48
30 4 86
45 24 81
5 55 94
4 2 53
33 21 57
5 67 87
47 55 19
8 20 9
44 6 29
31 56 0
48 54 71
22 22 49
16 6 74
26 3 2
11 48 23
46 36 2
31 5 9
35 39 18
9 51 19
10 32 44
23 41 40
39 4 2
48 42 13
59 63 9
61 40 51
47 48 13
63 22 88
42 12 17
5 48 31
51 11 53
55 62 37
60 56 92
15 58 80
64 12 59
6 10 66
31 11 74
21 58 92
37 49 66
6 45 37
65 40 54
10 15 51
49 50 63
7 34 84
64 47 77
7 60 67
50 62 32
64 61 66
44 13 92
21 57 32
9 55 38
45 45 16
7 37 57
22 20 92
35 34 88
50 47 30
37 14 18
39 58 44
68 35 11
61 13 90
15 42 12
21 46 28
49 42 7
44 2 17
3 32 79
40 50 53
43 55 59
11 62 2
43 3 78
49 35 74
50 42 30
64 33 50
49 16 37
19 65 30
29 36 73
31 50 46
66 67 85
19 20 6
24 67 21
59 52 31
54 64 46
33 7 55
26 43 57
19 28 34
36 54 98
47 64 7
20 22 57
13 65 4
3 32 8
40 7 81
20 31 64
15 61 40
2 68 31
38 37 20
44 27 50
10 48 14
63 6 1
20 64 58
57 3 50
62 50 33
51 36 57
29 30 80
8 13 95
4 9 81
7 56 2
25 40 13
30 36 68
50 3 34
63 58 75
60 34 95
68 11 57
32 41 69
16 33 77
35 16 77
65 38 94
66 36 62
27 23 86
41 60 78
4 26 85
62 19 78
4 12 65
22 64 80
15 55 82
34 9 99
44 34 29
41 66 46
15 62 53
6 34 23
61 35 35
13 33 96
20 42 45
13 40 54
11 34 9
36 47 65
67 5 43
54 65 38
17 12 27
25 38 45
45 35 81
48 53 41
2 34 4
61 8 59
49 61 49
20 50 67
1 18 74
8 21 52
6 68 10
66 62 50
63 21 51
39 29 70
53 43 15
17 6 79
48 2 7
57 12 65
32 19 69
9 27 39
27 56 15
10 3 73
29 17 11
19 4 78
15 21 36
20 1 19
20 6 6
10 51 23
27 58 43
32 21 59
32 3 31
3 66 22
51 26 20
61 37 73
7 39 38
60 9 72
11 43 88
16 18 57
63 23 24
61 42 54
11 35 12
7 8 85
43 16 14
55 51 14
36 57 29
38 57 26
17 12 64
6 27 27
37 1 85
54 58 58
57 63 25
17 4 49
21 11 61
54 24 96
38 6 39
36 7 49
11 58 47
51 64 33
48 66 38
11 59 62
15 31 73
11 20 68
38 3 84
11 48 22
45 54 26
14 28 46
58 17 65
35 8 46
67 32 99
44 31 70
25 18 34
58 51 98
45 15 47
31 10 29
68 30 59
18 39 34
54 8 63
59 23 68
7 17 16
56 55 32
41 25 84
35 12 84
14 15 48
52 20 31
6 19 93
1 61 34
18 54 69
47 30 50
62 17 89
58 23 95
66 43 93
62 59 59
40 19 21
58 39 75
68 9 97
5 20 14
31 4 18
12 18 15
3 32 78
46 39 100
54 52 69
57 47 5
5 6 45
52 49 2
29 9 20
19 40 95
11 48 43
26 19 54
37 20 5
14 6 90
52 17 27
24 32 89
25 41 18
66 39 69
35 1 27
25 7 1
10 27 95
11 10 36
36 23 57
40 64 30
43 28 70
4 68 12
9 22 64
22 1 63
47 15 19
14 3 41
29 36 34
13 30 66
8 3 5
24 24 33
64 34 92
11 12 79
42 51 86
25 28 0
30 58 50
16 14 14
23 53 53
57 22 38
47 66 9
33 1 82
53 39 15
45 15 67
37 47 23
8 10 83
51 33 40
51 47 42
54 38 50
33 22 90
44 19 10
35 2 74
45 23 77
8 37 80
28 66 78
62 29 44
54 16 95
40 65 91
58 16 4
17 38 1
20 37 34
30 30 32
3 63 28
61 11 53
56 4 15
38 28 45
13 13 97
46 35 15
13 17 56
60 62 18
16 31 51
35 65 71
50 8 48
9 23 88
50 12 60
50 54 49
37 18 0
4 10 92
10 4 30
8 24 32
8 34 97
22 43 39
26 14 39
14 62 47
17 5 24
10 20 26
23 23 85
9 55 2
9 26 72
12 39 19
46 21 24
29 62 70
59 48 3
18 10 58
6 8 61
43 27 30
8 15 53
13 42 77
65 26 5
8 25 39
24 43 95
24 48 35
61 12 2
57 53 55
2 59 93
12 4 9
56 22 15
22 57 60
47 52 26
42 27 78
26 43 3
63 40 71
48 58 46
58 34 8
62 65 41
20 44 85
20 30 14
39 21 39
26 49 45
40 3 50
63 50 26
55 11 93
61 29 32
38 59 35
17 43 17
44 1 78
38 21 10
67 63 22
19 32 3
11 65 62
2 8 76
63 51 87
20 66 17
20 31 30
4 54 79
35 55 3
59 58 24
51 26 46
45 16 63
45 23 5
51 9 37
52 25 96
51 53 9
48 45 90
54 3 69
57 18 71
31 58 31
48 33 37
3 68 83
20 52 25
37 5 98
18 51 1
34 7 36
33 21 18
36 39 90
59 9 63
24 5 23
3 4 13
16 31 14
6 58 87
58 45 62
25 27 6
17 49 26
15 64 100
50 60 94
27 10 1
29 60 33
22 50 83
8 42 66
13 54 62
6 14 95
30 16 63
21 32 40
68 7 87
68 22 27
43 67 24
49 60 33
52 4 10
65 49 84
17 12 87
10 62 87
18 63 28
50 5 61
21 15 21
53 14 24
31 62 66
49 51 67
66 24 98
65 65 38
31 60 77
22 52 47
43 32 85
32 3 19
28 52 27
11 2 35
3 44 45
47 42 15
22 57 93
42 53 2
17 66 7
18 39 90
11 9 85
9 32 8
48 28 89
55 68 12
22 18 82
22 25 72
34 16 9
62 39 2
61 59 30
5 60 29
44 61 37
35 3 0
29 10 35
56 16 38
67 32 28
17 45 59
17 16 72
60 1 40
57 10 57
43 22 52
28 45 69
34 50 11
2 19 76
56 20 62
50 47 58
2 24 38
19 2 19
35 5 94
53 46 81
18 42 6
25 43 47
22 68 9
39 37 7
68 23 10
60 47 14
33 7 2
17 4 3
24 20 89
52 17 83
58 48 34
19 34 43
9 13 59
35 21 23
29 56 23
49 58 69
42 54 15
48 15 91
1 66 53
45 58 34
38 28 97
61 6 38
55 25 20
62 10 81
61 8 47
19 66 25
48 28 68
33 43 44
52 41 28
49 48 42
60 55 60
33 57 86
60 17 47
64 36 22
62 9 89
40 36 86
11 7 15
57 61 51
29 19 28
55 19 59
15 50 58
34 5 84
8 18 82
48 39 78
12 3 20
22 33 4
32 26 70
8 37 94
62 52 62
3 59 29
48 36 64
50 44 16
39 66 28
60 47 11
48 30 72
34 45 91
6 63 24
2 31 98
67 57 16
40 62 47
3 8 58
6 50 62
55 66 68
13 44 64
68 23 9
22 12 2
15 2 31
44 62 39
16 6 45
52 51 84
36 13 78
37 20 49
32 39 91
30 66 52
24 42 95
52 37 77
67 20 17
32 67 66
40 31 79
43 53 9
30 63 29
48 37 16
37 41 98
54 58 47
61 55 35
68 30 27
27 67 6
18 9 66
7 30 45
40 58 57
39 27 77
52 43 40
14 55 34
63 45 52
43 28 90
42 32 13
5 21 61
3 55 11
2 46 90
31 56 53
5 43 30
20 65 74
35 42 11
37 5 59
6 67 31
64 27 30
20 36 16
52 49 97
68 25 13
15 54 19
1 31 7
18 17 60
60 56 51
34 5 76
25 27 2
30 3 16
49 67 28
54 51 10
54 42 93
50 3 65
29 14 48
60 31 74
35 20 17
31 52 13
22 5 26
50 31 14
2 39 16
37 50 69
35 20 54
52 23 23
46 65 61
66 50 76
49 5 6
29 11 60
66 34 56
25 8 68
38 27 59
2 1 62
50 10 88
55 14 7
25 11 29
52 26 6
24 27 34
2 45 23
59 52 44
30 66 82
38 64 73
34 6 80
31 43 22
14 67 63
42 8 69
2 32 33
68 2 100
35 53 16
61 8 100
62 4 69
10 58 58
58 37 76
68 38 63
51 66 5
45 19 19
20 26 66
7 42 87
31 30 19
28 54 20
38 68 58
18 62 13
9 37 40
54 35 83
23 47 92
38 2 42
53 64 96
66 8 43
9 45 91
33 65 56
66 58 20
67 55 9
43 33 63
4 14 48
7 15 57
47 58 41
41 35 64
29 23 45
51 3 7
14 1 3
45 37 55
61 60 80
9 11 23
9 39 11
37 55 90
57 7 63
2 54 36
58 65 76
38 20 14
55 20 55
26 6 60
41 11 25
33 68 60
43 5 51
29 3 30
11 20 47
10 34 67
51 7 9
19 49 59
25 13 94
18 66 65
46 30 93
9 47 8
54 56 28
22 35 96
30 3 14
44 65 31
16 55 18
47 40 68
39 24 2
68 68 9
61 33 94
15 46 63
51 64 13
59 32 7
31 13 28
65 40 38
15 41 68
13 59 15
25 54 21
43 6 99
58 38 99
36 8 39
65 39 82
25 46 34
7 22 11
27 59 83
32 64 27
28 48 36
22 47 16
49 8 9
55 56 72
2 9 48
32 55 82
41 11 86
52 27 68
64 50 11
55 13 1
52 13 51
6 43 94
41 32 7
21 22 89
29 9 55
24 3 38
46 20 14
54 5 46
44 19 67
67 13 4
7 45 27
9 6 54
4 65 34
27 3 39
52 35 0
64 56 96
63 21 61
23 30 59
53 35 24
38 12 2
45 59 31
68 67 32
47 54 48
27 35 83
17 40 76
19 1 32
10 27 86
52 44 85
30 21 89
26 61 75
1 31 91
59 17 86
25 7 27
31 35 14
58 22 90
44 38 27
13 56 46
24 40 36
11 49 86
29 31 21
52 46 59
20 37 98
62 19 91
58 13 14
34 62 23
10 47 92
20 1 51
19 28 69
60 54 95
53 15 34
47 62 54
48 18 6
28 32 97
33 11 3
12 29 56
13 47 25
55 24 98
32 17 84
14 35 49
54 14 79
52 17 92
1 32 82
15 49 68
62 52 89
43 16 35
52 42 36
24 22 0
31 36 6
64 3 74
6 17 22
32 34 52
11 43 80
19 39 58
45 51 21
14 10 89
3 17 65
23 43 54
50 35 28
50 48 34
47 37 89
64 68 73
39 21 91
30 17 20
5 24 73
21 44 92
6 34 17
51 33 11
66 47 54
6 36 30
49 37 94
51 43 38
7 23 65
46 14 10
2 2 2
27 19 26
52 8 75
2 29 16
42 12 23
26 38 100
29 55 89
58 21 19
13 30 61
1 23 94
36 37 53
2 49 51
3 58 46
47 27 8
44 13 39
31 7 34
16 4 79
50 32 86
39 21 68
64 47 92
12 14 21
53 58 98
1 25 25
36 68 14
31 20 79
60 4 69
5 29 77
37 2 43
9 29 89
12 26 77
38 39 63
22 31 99
51 15 33
35 40 2
60 43 58
17 59 73
58 26 45
44 4 27
7 11 4
44 50 51
55 55 52
59 13 91
13 35 73
39 48 39
10 25 3
65 43 63
67 41 93
51 29 12
47 42 56
5 56 93
62 48 66
66 67 12
17 25 27
55 67 38
49 25 53
54 45 55
46 6 29
49 30 85
64 12 96
26 39 18
34 63 51
51 58 16
26 4 13
58 23 48
29 34 54
44 53 84
19 33 95
20 5 74
32 32 82
13 58 97
55 31 57
36 2 29
33 22 27
49 14 25
59 19 62
21 63 37
24 23 79
34 63 92
44 48 1
9 49 76
7 17 57
46 2 94
16 43 88
28 19 61
46 20 14
6 61 68
14 37 19
21 25 92
19 48 41
2 8 17
6 40 6
42 50 55
19 41 22
46 38 35
7 41 78
28 22 92
18 4 26
5 49 11
37 52 86
25 60 51
47 47 20
35 61 99
50 48 17
16 31 0
16 12 49
63 47 80
23 65 40
22 42 74
50 23 17
46 52 62
40 26 62
35 16 51
26 54 60
41 4 79
47 58 83
58 24 25
36 33 100
34 52 94
21 17 56
57 30 92
18 17 20
15 53 25
6 51 3
67 63 63
47 37 1
2 33 39
39 42 35
12 62 100
30 58 97
11 65 74
58 29 81
68 30 100
65 21 55
30 6 1
61 5 28
67 59 3
36 57 17
31 15 40
34 3 24
36 57 94
7 31 22
52 8 67
7 8 90
56 18 3
31 59 26
5 37 90
67 1 47
15 18 58
6 31 6
25 49 95
47 65 67
42 52 11
4 4 5
23 23 70
42 6 74
2 25 69
41 22 45
51 6 59
67 15 89
25 47 83
5 42 92
30 52 14
63 24 72
66 19 81
61 42 89
17 20 49
8 59 2
38 47 62
20 3 60
65 36 94
21 30 23
38 32 54
64 18 55
63 28 25
53 6 21
2 13 38
10 55 0
29 59 18
28 49 21
44 30 78
57 52 66
25 58 28
60 19 22
27 54 98
40 51 69
7 59 12
28 31 0
68 7 10
43 3 68
48 17 51
60 6 60
12 24 89
17 59 24
40 6 28
8 18 98
21 13 18
24 61 31
39 23 62
4 35 22
16 62 93
61 53 41
45 39 26
53 30 45
57 18 25
31 61 33
14 33 83
38 4 14
6 33 98
18 52 9
11 6 11
55 25 92
39 41 65
32 64 17
41 15 29
12 68 67
34 40 83
13 14 13
57 47 17
20 6 63
67 2 42
4 23 42
43 20 2
6 42 90
56 43 6
67 57 86
27 41 59
22 57 42
23 24 0
23 32 0
28 67 38
16 41 42
54 9 99
11 23 55
34 35 30
2 48 89
38 49 94
36 67 32
37 46 13
48 32 44
67 46 64
39 41 65
60 66 64
44 22 89
46 57 64
58 39 8
35 54 8
52 68 14
47 51 92
46 39 77
35 20 51
12 41 34
52 58 31
61 23 98
12 3 22
52 53 42
38 25 62
17 39 54
56 47 5
1 40 32
41 15 80
8 44 23
15 65 51
63 59 86
38 35 73
27 16 31
1 48 95
17 22 51
45 17 58
52 44 89
52 52 16
54 27 10
49 27 61
52 1 59
26 67 25
63 55 89
61 35 86
7 16 93
68 37 52
40 22 49
21 34 37
20 19 28
51 28 80
2 1 84
65 7 59
58 47 23
58 50 49
31 15 98
43 31 23
68 59 89
66 27 15
17 63 45
64 42 72
8 54 32
54 64 51
22 10 46
22 54 99
20 18 31
27 47 13
48 49 25
59 2 33
34 38 92
41 66 17
50 36 29
20 22 47
35 29 66
38 21 94
18 64 14
33 25 3
33 36 33
21 25 25
34 11 23
12 41 19
52 68 71
55 64 72
61 49 76
61 10 22
22 38 64
6 6 46
65 16 61
22 61 95
8 18 30
3 35 89
47 13 98
33 46 58
68 16 69
22 37 66
25 32 88
31 19 46
6 34 48
31 17 81
50 53 97
44 8 46
49 61 93
44 66 68
55 17 39
52 18 23
29 68 46
32 56 20
56 49 33
62 31 53
36 5 0
5 8 67
7 57 62
43 28 31
17 46 40
40 68 99
62 36 70
46 13 30
29 42 24
12 16 4
30 50 55
62 51 19
29 7 5
29 36 78
36 39 57
39 58 82
41 26 84
29 24 99
59 66 45
54 60 76
26 18 9
46 24 94
52 50 49
18 23 39
9 24 99
29 61 47
38 35 100
11 2 28
4 49 39
20 6 7
24 5 57
63 10 38
63 34 74
23 41 94
60 55 61
37 60 52
24 36 4
43 61 30
21 42 21
15 17 6
67 6 64
22 55 41
27 19 22
49 10 83
51 33 20
43 41 87
39 12 31
58 64 53
67 40 33
4 63 28
33 62 23
49 4 38
20 10 74
11 11 47
21 13 60
49 28 67
12 8 76
21 23 62
61 66 88
36 40 39
65 21 71
26 28 10
14 52 43
36 10 22
39 31 37
36 40 0
10 47 85
20 35 49
11 1 65
7 12 41
25 38 81
9 12 89
34 46 4
41 58 0
44 5 27
3 22 5
54 16 67
21 43 70
12 66 77
15 5 43
27 20 82
41 49 13
43 51 98
7 60 70
24 2 35
46 3 43
64 14 1
54 56 0
65 62 46
40 23 43
3 62 3
67 62 74
38 16 47
13 52 34
19 33 96
3 33 37
40 40 86
32 54 57
68 15 69
52 27 83
14 61 55
56 37 5
30 22 95
57 44 28
14 41 21
1 61 53
21 66 55
15 38 51
20 68 18
16 14 33
21 58 95
57 47 90
20 61 2
57 14 87
44 3 13
25 65 100
39 68 17
39 41 80
21 11 44
2 64 23
19 68 91
29 25 50
39 15 66
39 9 89
22 53 59
23 57 36
5 55 62
66 37 75
18 41 21
24 59 8
28 20 17
25 13 98
30 12 42
19 63 0
68 19 2
35 11 93
2 42 51
28 61 95
60 30 9
42 17 17
60 11 29
26 41 34
34 39 31
9 38 93
24 56 77
60 51 57
42 34 88
27 35 44
27 33 81
63 39 62
10 60 49
50 63 33
48 7 48
62 28 67
24 32 14
30 25 78
41 64 77
39 3 24
44 13 37
10 67 95
9 12 53
55 30 79
9 63 9
3 11 31
20 9 25
36 32 3
38 10 41
8 5 61
40 67 84
38 19 50
11 41 15
39 56 47
11 59 40
54 57 85
57 55 77
55 55 17
30 38 92
22 49 12
33 65 4
45 22 8
50 9 13
26 67 91
19 37 77
67 52 43
30 34 16
66 57 6
42 58 9
48 61 75
51 35 58
55 30 61
45 68 60
45 58 16
62 1 98
54 7 68
55 20 89
14 9 9
46 20 36
24 34 95
48 6 43
23 36 27
14 32 72
7 63 68
17 17 17
34 57 15
48 3 73
46 40 44
2 6 69
56 57 93
41 37 45
4 28 14
2 27 22
5 52 88
65 58 41
18 68 73
41 50 81
43 20 78
29 67 49
32 34 7
60 13 32
33 2 55
3 3 39
3 59 57
21 31 14
57 32 27
34 58 82
48 25 52
58 48 72
57 34 45
62 32 41
8 38 54
10 42 34
44 36 0
63 25 23
39 11 26
43 51 82
53 61 43
1 25 31
28 18 26
22 58 90
28 30 11
9 18 39
29 6 2
58 66 66
8 52 65
59 58 19
35 68 15
5 29 11
18 12 79
20 58 58
10 49 33
3 66 82
65 10 28
49 59 43
33 54 75
28 48 30
19 37 78
3 30 36
21 49 84
36 41 47
26 16 41
52 50 37
58 26 65
43 45 37
19 60 2
33 33 4
29 52 27
6 13 94
56 47 86
39 20 2
33 67 95
38 30 66
3 47 31
33 16 87
10 64 95
26 64 34
52 58 13
49 39 38
50 40 26
50 68 12
17 61 100
26 62 13
41 17 77
20 22 79
18 52 48
65 3 72
30 31 32
24 54 83
61 3 81
59 35 3
53 39 93
65 39 72
58 62 92
35 29 56
14 61 12
67 37 70
18 17 69
22 11 38
67 67 1
49 15 59
4 66 39
52 2 58
36 35 66
11 5 71
34 68 72
24 65 7
23 9 81
60 47 93
35 9 95
17 49 20
10 38 15
50 13 26
51 51 8
49 33 43
26 19 55
10 67 66
43 27 3
63 29 13
25 50 94
6 41 92
55 22 14
33 58 31
44 24 84
1 24 72
50 46 77
57 9 61
34 19 82
9 64 44
24 7 50
39 14 7
29 33 4
67 14 4
63 41 38
68 38 49
22 28 6
8 59 22
55 9 18
43 65 28
33 53 32
29 55 82
26 18 61
42 21 19
44 62 95
17 11 87
45 61 89
5 30 33
59 34 13
32 24 4
16 49 23
48 44 36
58 17 78
10 65 22
28 2 22
43 17 77
60 25 41
33 56 47
4 15 68
60 51 48
46 59 59
5 65 70
5 50 11
7 68 51
60 28 20
43 5 77
62 34 57
39 43 13
54 58 36
1 55 84
16 9 22
25 54 86
32 65 94
64 66 6
60 36 50
31 39 23
50 57 78
40 30 24
43 20 35
59 9 26
26 1 22
29 33 75
20 28 79
25 4 94
44 22 55
44 37 88
27 11 8
18 34 2
53 63 22
64 66 64
23 59 23
18 26 46
21 15 35
59 4 49
51 20 31
30 27 67
24 25 57
52 32 44
31 44 8
52 52 69
67 53 25
1 53 63
24 29 94
60 1 20
39 46 88
10 68 47
4 50 94
58 2 53
38 51 78
6 64 67
8 49 60
18 29 25
8 27 81
38 3 81
3 18 75
60 56 19
43 65 46
19 65 41
47 1 45
33 29 82
7 18 64
53 66 62
44 31 93
1 31 18
43 5 99
45 10 82
30 50 1
57 54 9
47 28 51
55 42 92
4 11 45
56 16 17
6 53 97
56 41 14
66 50 12
43 14 86
33 62 13
43 60 52
32 20 7
21 32 63
64 18 13
15 1 35
21 57 87
9 50 88
8 46 10
47 24 44
50 12 59
16 57 32
55 61 24
22 46 87
35 17 65
46 59 95
65 40 77
16 7 50
36 32 12
45 41 59
35 27 43
48 32 62
66 58 29
18 5 93
48 1 65
36 29 28
17 11 57
62 6 42
32 15 22
53 62 37
13 8 18
24 64 40
16 40 46
54 49 39
14 15 100
58 62 38
20 12 0
31 23 46
12 4 54
68 65 30
26 22 65
66 26 7
43 4 16
22 55 33
24 37 13
42 5 71
21 57 68
24 46 28
56 3 51
25 55 6
6 62 10
10 53 96
31 25 62
19 46 78
64 16 34
25 46 86
3 10 89
67 28 82
35 62 76
13 8 10
40 6 29
50 20 77
25 65 17
61 59 48
20 39 38
57 52 100
56 4 67
60 48 98
48 34 59
29 2 10
30 48 15
10 34 29
53 18 21
63 49 35
1 65 73
2 10 4
38 2 91
40 27 85
57 6 15
19 48 78
43 51 52
4 44 82
61 27 2
62 12 89
42 23 50
53 55 15
49 25 52
35 35 19
18 14 37
41 52 100
29 48 71
49 61 74
6 9 93
13 13 21
6 66 80
28 39 86
35 49 17
57 29 91
31 65 95
20 28 94
61 31 9
54 39 37
42 57 37
36 23 15
2 60 82
24 42 8
12 66 92
9 4 13
58 14 83
17 55 66
6 41 34
27 57 46
44 51 21
4 24 95
6 8 93
54 17 31
52 59 3
45 22 54
30 33 32
52 3 79
55 5 52
8 18 51
35 64 49
39 54 63
47 52 42
12 66 7
18 14 37
10 48 35
6 55 90
46 16 44
47 44 56
31 60 11
15 32 76
21 58 29
64 30 100
55 61 81
54 2 78
29 64 32
29 19 77
30 37 9
58 39 70
12 23 99
22 24 15
59 67 45
38 5 76
60 52 35
18 56 76
10 50 50
24 50 22
33 2 70
67 49 36
60 15 9
2 2 3
39 27 25
24 7 59
50 61 95
23 10 58
21 57 14
3 1 90
44 63 86
46 38 36
4 58 60
47 29 15
10 15 68
47 11 81
55 9 84
32 17 99
25 11 73
42 66 67
42 16 31
6 9 68
44 22 23
17 26 81
37 63 9
6 42 12
3 3 94
28 45 12
62 60 64
40 59 34
48 41 3
31 63 4
57 10 33
2 66 41
24 37 11
9 59 86
27 17 32
36 49 87
10 5 67
3 7 71
55 64 70
56 7 97
42 62 35
19 47 15
35 7 7
7 12 25
42 54 13
63 25 50
12 5 95
66 59 42
18 43 98
61 32 32
49 45 49
36 60 48
31 62 71
62 40 100
5 26 73
11 1 45
34 65 17
47 31 2
24 58 12
49 11 40
50 10 83
51 41 52
30 18 10
67 1 38
23 67 46
18 54 21
20 36 99
44 29 59
48 66 61
1 12 63
29 19 42
21 35 86
65 22 90
20 56 62
28 64 28
6 24 26
39 18 30
15 6 11
28 50 50
2 48 54
19 19 18
66 48 85
60 1 50
5 64 36
32 38 49
58 55 60
6 30 6
42 33 97
66 45 52
17 21 94
16 63 81
56 14 55
60 59 13
41 11 69
4 28 62
4 30 33
49 5 30
28 32 58
21 44 77
22 62 38
20 67 41
38 41 71
36 53 51
28 40 45
54 61 62
36 39 88
65 32 33
23 68 51
12 36 36
33 40 94
40 38 34
64 1 71
61 44 57
1 23 60
39 50 19
8 53 92
20 22 39
15 27 46
33 46 76
53 20 12
31 7 39
20 4 10
28 38 40
41 4 27
21 37 53
2 12 59
37 66 45
13 44 44
6 56 40
33 3 72
57 41 36
12 67 29
47 20 53
10 23 80
4 16 55
26 68 29
29 22 73
11 33 80
11 63 4
2 49 17
2 51 78
20 19 26
57 25 26
56 61 44
19 52 93
11 31 22
39 62 63
3 68 13
30 68 2
19 28 96
51 41 90
17 3 4
7 19 29
33 32 54
40 19 33
17 28 99
39 18 91
43 29 27
57 48 12
8 59 4
48 53 8
19 6 65
38 3 67
59 33 75
47 56 27
26 2 27
35 22 64
45 53 57
27 23 53
52 4 3
61 46 94
61 49 34
13 26 38
58 56 42
26 28 1
35 15 38
23 12 63
25 43 61
68 19 5
17 17 38
28 10 88
32 40 98
62 41 2
60 44 47
20 12 80
57 19 2
17 54 71
33 31 96
50 22 49
47 63 84
63 53 10
23 14 62
39 68 26
32 42 63
36 18 80
3 25 56
66 18 76
1 2 3
1 43 27
2 17 8
28 47 38
21 51 0
55 18 22
11 51 0
13 8 32
68 2 75
36 19 29
44 51 33
44 64 64
35 59 93
22 14 94
11 16 42
44 7 20
24 28 92
41 64 14
55 25 80
41 54 57
51 12 9
52 64 35
37 2 37
18 22 86
8 57 35
63 53 82
5 36 78
25 4 44
42 9 23
8 16 6
27 43 96
16 7 94
63 28 48
13 44 45
31 6 32
29 11 73
10 67 87
29 22 83
38 12 1
67 63 5
14 67 59
43 67 76
41 2 22
34 44 46
26 42 61
21 47 93
15 52 40
37 66 15
43 68 70
4 54 71
29 54 4
55 10 34
3 54 7
19 49 80
13 35 27
10 7 88
33 40 95
66 44 64
25 39 26
33 3 66
14 39 26
67 33 98
42 26 52
5 38 60
9 62 54
22 48 60
17 19 36
37 36 9
2 7 57
5 45 38
25 62 15
68 4 38
42 61 30
11 63 100
36 30 12
61 27 21
42 55 35
3 26 91
60 51 88
31 41 65
11 17 75
3 15 62
25 56 91
61 20 93
61 50 3
56 15 26
47 59 64
50 54 77
66 52 73
22 48 91
1 61 98
3 37 59
39 21 80
12 19 25
29 54 23
5 43 35
56 1 66
15 4 59
63 11 96
8 38 8
6 30 83
63 16 22
24 33 4
7 68 44
66 17 28
43 60 59
24 15 25
36 54 59
52 54 10
67 39 93
41 8 79
45 44 48
63 48 1
62 10 24
39 46 67
3 19 21
61 35 80
14 49 69
56 43 30
62 52 7
28 11 85
21 48 92
37 59 96
55 48 44
66 14 18
2 30 81
35 7 50
53 5 62
20 58 79
19 59 77
20 26 48
45 6 38
59 18 10
66 8 36
55 65 25
43 35 68
48 45 92
47 3 2
52 28 97
54 66 85
19 27 11
60 12 27
59 63 44
29 33 22
4 43 97
43 29 39
15 65 31
44 11 18
2 43 100
5 42 71
61 64 0
66 46 66
19 54 45
21 52 88
19 48 37
21 10 2
35 38 1
14 33 78
45 45 7
44 29 68
68 23 40
34 11 93
30 62 97
64 64 75
19 53 65
1 35 56
36 67 19
26 43 89
58 2 63
67 67 79
14 61 76
54 38 82
33 61 86
56 54 42
11 20 57
66 19 33
57 1 58
49 54 33
53 36 40
21 3 87
44 39 99
63 32 66
49 33 36
46 30 74
49 59 71
56 27 1
21 31 55
50 2 71
18 7 19
50 38 48
41 59 12
8 67 61
36 1 48
30 58 29
46 4 6
61 65 1
43 13 46
49 55 24
59 57 20
38 46 17
6 27 84
21 43 29
60 24 27
23 50 93
40 68 9
16 42 3
2 29 27
30 64 5
44 36 34
17 58 78
65 43 19
55 68 41
34 47 90
5 64 58
42 37 91
15 16 82
31 55 82
26 34 45
33 66 93
68 1 46
8 4 85
63 29 45
8 13 19
39 54 35
41 11 53
15 51 58
43 31 9
45 68 9
42 41 30
38 34 55
43 21 47
59 12 99
52 1 99
34 25 91
54 22 27
64 11 16
49 63 86
58 33 100
67 39 4
65 13 47
3 36 27
63 9 90
50 55 54
10 12 100
51 26 66
45 58 21
30 67 2
20 34 77
61 14 97
44 26 28
28 65 12
49 19 81
59 5 38
31 36 41
68 15 24
25 47 64
7 52 57
38 40 92
11 6 100
40 63 99
24 7 73
57 16 34
14 54 12
30 67 8
57 26 54
32 62 96
46 11 68
55 2 12
59 19 42
51 62 40
39 7 79
39 33 49
50 8 91
67 1 33
26 64 99
36 46 93
62 64 91
43 12 1
38 16 4
67 65 76
5 61 38
21 49 58
32 63 86
13 35 88
15 17 47
20 62 30
2 40 59
54 18 6
2 35 13
53 63 93
26 16 35
16 44 76
20 50 2
46 54 15
29 18 14
60 12 57
61 9 97
16 27 71
2 5 56
59 4 95
63 10 36
23 1 54
24 30 76
22 1 88
36 5 26
19 53 14
27 15 66
24 46 55
64 42 10
55 2 12
57 21 13
61 40 30
47 62 30
11 40 33
55 16 2
31 66 35
53 11 5
53 19 26
3 68 96
5 58 1
37 52 26
49 19 65
49 35 39
24 3 56
22 33 25
4 6 24
47 20 41
16 9 86
16 11 77
60 24 41
11 3 10
50 30 36
47 5 49
22 40 89
62 7 65
11 54 17
29 60 91
14 43 87
39 13 37
15 21 30
9 43 43
54 44 40
45 54 37
2 42 25
3 30 96
6 31 49
22 5 63
15 22 51
68 56 34
36 67 64
60 18 47
30 41 73
64 43 54
57 68 59
57 59 99
62 4 62
48 20 26
50 14 57
63 68 72
67 32 72
48 36 44
36 47 23
7 64 66
49 64 68
55 4 89
54 1 14
56 46 51
3 40 80
35 50 93
51 44 49
64 49 56
66 53 72
15 11 87
4 28 40
66 58 75
59 39 76
7 64 62
1 12 99
49 29 84
62 59 18
18 47 79
36 68 97
26 19 64
1 27 27
44 62 3
12 25 73
44 40 63
5 42 24
6 3 65
25 24 79
35 5 71
7 5 22
57 37 51
31 48 32
44 29 70
59 54 80
60 36 92
8 25 20
49 56 80
56 60 96
5 35 89
33 52 46
57 68 29
40 18 37
18 22 13
59 58 39
12 17 9
23 14 33
32 3 58
67 68 66
28 9 96
44 23 83
57 48 13
5 66 0
28 65 34
63 60 54
16 4 34
22 37 46
24 18 48
12 46 82
36 41 77
25 58 25
27 57 96
68 7 78
57 45 52
65 6 77
27 68 85
60 53 17
22 27 18
1 24 17
14 19 34
24 68 72
32 56 91
39 58 65
55 36 29
21 66 95
54 13 73
23 44 32
14 20 19
56 40 78
26 39 12
5 39 34
43 59 42
19 68 42
57 16 39
54 9 70
58 25 88
15 32 24
28 21 58
32 39 66
28 57 32
56 14 81
31 51 75
1 15 3
2 8 90
35 67 13
33 39 1
29 64 61
45 67 86
15 12 85
34 1 58
36 19 35
63 59 38
27 65 97
17 65 61
48 45 41
50 12 93
36 10 19
46 54 92
28 40 87
35 61 66
12 67 26
50 38 56
34 62 81
23 8 81
22 46 55
24 8 81
45 28 20
41 40 93
63 24 93
4 38 36
27 27 65
39 39 59
52 11 74
47 18 50
28 5 91
25 26 88
66 28 33
17 11 57
22 49 84
39 37 65
68 54 45
45 12 25
1 9 24
36 34 54
47 41 39
7 63 11
14 54 54
48 8 18
61 68 94
11 7 73
57 43 39
6 37 4
45 1 26
2 18 21
33 30 76
18 13 84
2 44 39
19 41 94
63 24 88
40 57 54
67 33 97
10 27 85
29 57 20
54 4 34
67 40 24
31 57 67
34 12 33
61 44 11
9 22 80
15 37 77
14 20 40
68 45 24
5 63 18
62 10 61
13 37 56
48 10 83
65 34 56
55 29 8
65 55 28
7 57 71
16 56 9
64 5 96
16 59 98
28 20 77
2 32 58
31 7 44
27 65 90
63 18 39
21 51 68
30 31 55
16 9 28
48 25 19
22 39 56
56 9 70
32 43 54
25 13 30
44 31 0
24 9 68
1 30 48
41 34 74
15 64 22
9 67 20
48 62 22
38 9 84
66 29 82
18 44 34
5 51 21
8 59 66
55 68 82
25 59 69
28 8 35
39 12 79
38 58 64
4 39 15
67 36 39
33 52 14
32 32 35
53 51 59
43 47 83
40 19 46
57 21 72
38 59 73
34 40 18
64 36 74
55 7 75
25 53 6
3 25 34
54 17 82
11 56 82
26 51 74
37 63 24
1 9 76
62 52 68
24 1 50
35 16 13
46 42 75
63 42 72
44 56 40
2 45 31
33 53 81
59 14 36
58 25 60
40 1 91
1 21 33
8 28 64
64 30 65
26 66 11
56 14 36
44 27 5
33 2 3
47 14 14
20 4 18
65 14 42
17 30 80
1 12 54
15 50 39
19 22 38
13 4 66
15 38 76
60 53 88
6 49 52
63 20 79
36 56 18
9 19 6
22 37 53
61 20 29
29 20 96
35 39 45
62 26 81
58 21 98
49 56 18
35 8 48
45 2 22
34 50 2
9 47 54
40 47 92
22 52 24
30 32 53
32 50 32
32 26 54
45 58 46
44 2 17
9 34 38
57 16 85
47 53 25
67 21 35
24 2 52
36 33 81
35 17 14
58 25 68
43 40 35
45 47 11
15 15 3
53 16 56
12 30 60
35 20 45
2 18 49
30 52 21
20 35 45
68 20 54
39 6 61
38 11 56
11 27 34
64 11 23
49 6 24
47 34 67
14 17 32
51 11 73
57 18 66
53 29 66
11 30 91
65 46 66
4 52 70
67 66 39
43 65 2
53 18 89
56 63 26
11 68 25
32 60 51
58 25 100
15 44 56
4 57 86
37 52 17
32 15 81
37 27 39
7 6 54
39 19 47
15 6 60
6 17 60
18 35 94
4 49 33
57 62 77
17 43 20
24 62 90
48 14 53
36 19 5
33 55 11
64 59 77
41 45 77
14 58 62
34 16 18
39 67 66
14 62 46
24 4 58
57 20 22
59 22 12
60 20 52
32 29 87
53 4 8
3 36 62
40 8 8
15 3 37
7 4 97
43 20 41
50 16 71
61 63 87
18 23 67
31 17 100
41 64 49
56 9 8
64 1 20
20 59 13
51 7 26
33 26 1
68 28 27
48 37 99
1 49 65
1 62 28
24 24 32
63 52 5
46 54 86
62 17 6
23 1 21
55 56 91
10 3 26
18 1 8
33 58 81
20 51 81
49 49 26
68 58 48
50 5 93
55 22 85
20 53 1
43 17 74
53 55 54
38 18 9
42 5 92
54 46 84
52 10 2
53 8 93
1 12 5
27 35 36
38 27 0
9 22 50
29 19 87
13 32 31
40 25 5
67 31 10
6 3 85
13 41 68
49 45 22
30 56 81
22 29 100
8 10 21
43 67 18
62 36 56
25 64 31
51 47 83
60 11 55
63 9 89
2 51 60
15 33 59
37 29 58
34 21 59
35 37 28
8 53 29
59 66 27
66 66 19
9 16 18
18 48 93
45 65 71
30 1 12
24 60 24
37 59 80
22 31 1
66 41 76
20 16 72
64 54 83
33 64 38
30 39 80
16 62 45
59 63 37
59 32 97
28 25 80
5 12 7
21 45 80
54 35 63
44 44 54
8 55 31
31 51 35
29 11 89
3 35 84
50 21 82
53 6 18
54 3 40
5 58 78
32 47 7
52 37 60
60 25 100
9 23 48
58 38 36
48 37 98
50 62 4
10 15 15
67 7 87
28 29 63
5 37 59
48 42 62
41 23 35
34 54 86
58 5 65
13 14 87
7 47 0
57 40 89
7 15 55
64 29 30
68 41 41
17 17 25
34 1 17
13 49 53
28 1 66
33 31 11
63 6 58
40 12 13
63 51 19
4 17 37
49 27 33
25 50 59
50 15 79
41 35 66
23 43 36
29 68 25
60 53 77
52 4 44
1 10 43
2 67 31
9 68 43
42 66 99
7 18 40
54 35 83
45 26 23
27 49 87
38 16 85
21 10 39
48 29 24
63 23 16
42 11 79
16 52 14
52 9 79
68 49 61
42 61 48
9 14 99
10 2 46
33 45 42
45 29 72
8 41 28
47 53 93
15 30 44
21 32 90
8 17 49
13 47 1
51 49 82
46 7 86
27 22 33
62 37 14
24 32 45
47 58 33
41 34 70
57 60 13
21 62 90
12 35 44
27 41 13
60 35 82
62 47 44
12 29 53
46 43 69
21 53 11
67 1 49
40 20 33
45 54 64
42 6 43
56 11 55
12 39 34
28 35 11
68 34 51
42 53 51
24 65 73
58 31 80
15 34 16
14 60 80
15 51 19
63 8 18
6 23 54
19 21 84
21 64 79
51 21 5
17 24 71
45 19 76
13 14 32
52 62 15
65 15 89
10 12 27
34 28 5
21 28 32
52 20 47
8 40 31
66 10 84
10 26 37
39 4 77
59 36 58
12 28 66
49 45 62
25 47 4
20 1 42
32 33 59
26 68 89
36 14 33
38 55 48
12 46 33
43 42 20
55 28 3
47 45 99
59 17 91
21 34 67
64 4 36
23 32 86
39 3 30
19 50 24
49 41 12
8 24 77
7 28 3
55 20 29
13 42 29
23 22 94
48 25 90
63 46 17
59 44 54
57 14 34
63 28 48
27 35 31
32 13 54
31 59 52
29 1 6
5 14 46
27 2 77
18 5 17
65 8 15
53 2 7
5 4 13
35 22 34
52 60 63
64 13 4
55 27 60
10 48 71
20 34 28
45 1 18
44 23 69
1 33 42
54 5 36
67 2 28
53 42 51
30 59 51
19 47 16
30 50 49
4 54 68
38 31 56
62 5 96
22 23 49
57 63 32
45 6 55
50 51 76
2 44 64
18 52 99
43 8 79
27 29 70
33 68 1
48 7 18
54 27 43
21 64 2
51 57 17
57 9 83
11 32 98
14 10 100
64 31 89
43 51 88
53 51 78
20 37 15
20 51 26
28 25 93
34 49 46
15 33 77
63 24 4
30 39 44
42 23 68
50 18 52
49 14 91
63 44 5
2 18 75
47 30 55
14 36 9
26 58 6
65 45 8
53 15 54
36 57 75
41 2 88
20 29 26
4 49 50
60 19 67
56 55 35
17 30 42
26 29 29
54 47 46
55 41 3
50 67 18
3 18 18
26 60 30
55 8 85
40 25 19
24 63 93
24 16 67
52 62 67
63 42 29
6 31 13
27 37 92
19 38 94
60 41 58
46 26 96
7 47 43
65 13 15
33 2 98
4 47 31
62 41 82
20 37 96
55 9 23
9 26 28
19 40 31
28 56 15
26 1 21
26 48 27
23 68 32
61 61 76
19 64 6
18 6 10
57 51 100
58 57 8
66 13 62
19 24 23
47 13 89
62 40 43
22 65 4
46 49 61
64 31 46
39 29 75
33 47 62
37 65 93
51 12 81
33 36 46
50 57 17
37 22 42
32 5 76
10 39 38
11 41 62
33 19 22
29 6 51
32 33 16
10 41 44
41 21 0
37 59 25
67 45 100
55 13 28
15 68 62
5 57 40
43 4 36
51 67 87
17 32 71
12 10 57
43 20 100
8 64 86
23 50 55
62 18 25
41 40 50
35 50 59
9 36 75
1 58 95
2 67 16
25 36 54
49 49 42
35 35 14
53 24 97
65 35 6
66 24 96
4 16 31
24 7 88
56 27 92
60 65 58
25 50 4
58 41 78
41 63 27
46 42 32
32 5 78
62 48 76
37 23 52
31 65 0
27 8 84
20 56 57
57 67 0
54 5 41
35 68 76
44 40 50
65 51 35
8 3 83
50 13 1
44 66 90
30 51 23
23 31 50
29 21 71
44 20 12
54 56 54
46 17 72
26 34 88
34 53 82
41 33 50
54 53 64
34 68 32
16 14 47
50 29 3
42 48 1
1 34 29
32 11 87
41 57 45
37 27 41
9 6 33
9 50 0
37 62 36
60 48 68
57 64 6
53 45 25
65 46 30
41 33 60
62 22 92
16 35 3
51 42 45
68 10 12
35 20 82
57 66 40
10 61 49
39 7 59
62 12 59
18 50 7
66 20 52
32 54 77
10 55 44
38 31 87
65 60 36
2 61 67
57 8 75
19 34 69
48 18 1
37 55 47
18 37 15
30 57 44
22 59 82
8 20 4
30 15 66
62 12 52
54 32 63
17 10 75
68 3 6
34 61 70
53 9 19
38 17 75
59 9 13
36 64 72
21 13 38
51 15 80
15 6 31
7 13 76
31 61 6
58 42 31
7 17 70
5 20 62
10 54 73
3 26 32
50 55 83
30 62 38
40 13 16
64 3 29
32 21 32
54 46 77
3 6 78
