86
320
13 36 68
33 45 74
80 25 36
84 70 86
18 15 78
33 44 94
49 42 11
76 57 71
47 27 27
31 61 6
4 36 14
58 12 8
60 8 40
83 25 67
70 9 27
27 23 45
43 56 44
34 86 99
50 32 0
23 76 85
57 14 39
5 59 22
25 21 82
58 75 58
70 8 1
56 24 26
47 28 66
4 74 53
21 55 95
3 71 90
43 30 42
58 50 41
39 84 43
57 72 68
9 35 24
14 5 97
40 61 91
77 25 1
10 81 79
77 85 3
56 80 52
21 86 93
7 18 85
26 38 4
14 48 22
33 10 85
52 81 6
8 44 16
35 83 12
43 2 8
17 35 37
5 39 37
28 2 17
25 1 11
63 1 66
1 57 6
10 12 45
70 21 63
25 28 70
69 32 100
67 71 45
65 5 4
73 80 28
68 86 63
62 75 35
2 57 1
17 59 20
3 39 23
10 27 4
57 53 97
80 13 37
82 80 37
85 55 34
44 64 86
43 31 50
42 78 46
81 71 90
7 42 54
47 22 76
76 33 63
20 38 42
43 47 60
12 16 62
51 59 10
43 51 44
66 49 44
48 54 72
82 18 73
26 59 73
26 18 86
65 72 38
56 6 53
44 15 91
65 56 71
56 7 28
13 39 22
73 61 6
56 59 16
76 68 18
44 9 17
38 44 42
86 52 61
59 52 91
28 35 27
84 68 12
18 72 44
83 28 97
66 67 60
82 43 99
2 75 6
72 11 37
77 42 97
9 70 62
81 74 96
11 51 66
55 7 65
69 13 22
62 21 64
51 36 12
24 81 83
25 39 15
63 79 81
76 68 81
24 73 71
79 25 90
17 1 9
45 81 79
61 29 26
60 73 0
79 20 5
41 24 59
63 36 98
78 73 34
50 32 52
76 79 10
66 74 19
45 1 58
3 32 32
19 79 7
37 8 84
67 58 64
5 12 1
85 24 11
29 42 66
8 52 83
43 77 9
43 32 88
20 39 25
6 85 61
69 71 93
43 69 70
22 74 50
39 37 36
32 28 37
60 38 3
7 35 24
18 24 61
10 86 65
34 27 35
37 9 16
5 37 44
26 34 13
71 51 30
10 10 44
18 74 21
44 81 2
72 75 40
48 30 48
84 15 75
28 57 14
8 35 64
44 64 72
62 84 59
81 55 21
74 5 42
36 11 58
20 4 100
82 29 45
14 14 11
59 83 79
30 36 80
4 9 27
67 32 98
57 47 80
54 78 30
12 50 44
27 43 7
21 25 99
24 66 83
40 81 12
45 52 76
24 26 76
60 29 49
36 80 37
32 7 61
32 24 3
20 11 50
22 27 23
62 29 95
44 42 37
13 37 0
4 17 54
41 33 36
72 38 92
68 45 12
26 15 79
53 41 90
34 21 100
43 16 87
24 48 2
50 43 66
49 8 79
75 66 3
74 68 41
63 73 20
71 13 66
7 35 26
49 4 94
79 1 89
62 77 94
63 77 87
6 52 49
43 78 99
24 46 27
26 21 5
4 27 23
13 83 29
37 25 84
7 20 74
59 39 2
44 33 56
81 41 100
25 18 4
71 60 19
30 76 97
85 61 25
58 85 12
58 86 11
65 15 38
44 64 59
72 69 4
47 53 28
71 69 25
61 55 42
7 32 66
4 48 86
45 9 31
49 38 89
48 62 86
74 24 77
68 37 40
20 34 23
75 27 67
56 19 1
20 78 20
38 45 29
47 49 93
9 61 74
65 31 56
45 75 58
3 67 57
3 21 3
2 16 79
57 9 35
11 15 89
79 6 79
66 25 7
28 80 68
68 45 5
40 69 82
10 36 90
5 53 39
10 40 96
85 25 24
46 33 8
19 64 47
54 51 8
71 5 88
11 11 94
19 61 20
22 79 1
71 4 90
23 54 48
22 73 15
61 19 71
70 41 21
85 84 79
67 1 84
3 43 66
55 86 37
30 24 9
12 7 65
52 32 70
84 47 67
76 5 88
4 62 37
69 23 90
19 37 2
75 36 29
81 25 28
22 70 96
83 65 82
74 13 67
26 79 86
15 43 84
85 5 41
80 39 82
40 75 40
31 70 82
67 72 50
29 6 44
54 74 22
68 28 2
81 26 27
66 71 96
3 8 10
83 26 8
5 42 90
27 9 33
30 76 28
