3
1904
2 1 43
1 3 100
2 3 96
2 1 18
3 3 20
1 1 19
1 2 60
1 2 3
1 3 79
1 2 53
1 3 30
3 1 35
1 2 97
2 3 13
2 2 85
3 2 14
2 3 65
1 1 58
2 3 88
3 1 7
2 1 72
3 2 51
2 1 29
2 2 12
2 1 19
1 3 66
3 2 0
3 2 91
3 3 19
2 3 38
1 1 49
2 3 91
3 3 57
2 3 54
2 3 48
2 2 38
3 1 29
3 2 9
3 1 50
3 2 82
3 1 86
2 1 77
3 2 30
2 1 97
3 2 35
2 2 91
1 1 18
2 2 3
1 2 2
1 2 96
2 3 97
3 3 45
3 3 34
3 3 53
2 3 99
1 2 32
1 2 98
2 1 92
1 1 35
2 3 54
2 2 22
2 2 34
3 3 42
2 1 4
2 3 67
2 1 58
3 2 16
2 2 83
1 1 31
1 2 51
2 1 96
3 3 57
3 1 25
1 3 81
2 2 89
1 1 8
3 2 75
3 2 91
2 2 60
3 2 93
2 1 31
3 1 88
1 2 37
1 1 82
3 3 99
1 2 81
2 1 92
3 3 79
3 1 15
3 1 92
3 1 97
1 3 14
2 1 38
1 3 45
1 2 78
2 3 75
2 2 18
2 2 8
3 2 15
2 1 5
2 2 81
3 1 37
3 3 46
1 2 0
1 3 27
3 3 54
2 2 84
2 2 85
2 2 37
1 3 56
1 2 53
1 1 19
1 3 29
2 2 31
3 2 13
3 1 5
3 1 16
3 3 42
2 2 9
3 2 69
1 2 61
3 3 86
2 3 74
3 2 49
2 3 8
2 3 57
1 2 76
1 2 13
3 1 71
1 2 57
3 1 85
1 2 79
3 1 73
1 1 43
2 3 3
1 3 26
3 2 88
2 2 99
2 1 69
1 2 10
1 3 32
1 2 65
3 3 45
1 1 16
1 3 89
2 1 85
2 2 53
1 2 24
3 2 75
3 2 28
1 1 4
2 2 68
1 2 85
2 2 3
2 3 34
3 2 1
3 2 63
3 3 87
2 1 57
3 1 22
2 3 99
2 2 16
2 3 93
3 3 98
3 3 40
1 1 25
1 3 21
2 2 96
1 1 63
1 2 19
1 3 75
3 1 40
2 2 59
1 2 26
1 1 83
2 1 11
1 3 15
2 1 65
1 1 12
1 1 68
3 2 3
1 1 13
3 1 80
3 2 81
2 3 2
3 2 79
3 1 20
2 2 87
2 1 19
1 2 87
3 2 47
3 3 4
3 1 89
2 2 56
2 3 33
2 3 74
2 3 55
2 2 25
2 2 3
1 2 12
1 3 78
3 3 32
2 1 6
3 1 100
3 2 7
2 3 82
1 1 14
1 2 26
1 1 29
2 3 42
2 1 74
2 1 84
1 3 69
3 1 55
1 1 93
2 3 61
3 1 94
3 2 57
3 3 54
2 2 91
3 3 87
3 3 40
3 1 68
2 1 55
3 2 44
1 3 2
3 2 26
3 1 44
3 2 30
1 2 66
1 3 7
1 2 29
1 3 17
3 1 61
3 3 50
3 3 83
1 1 53
1 2 9
2 3 92
1 2 81
2 2 64
2 1 50
3 2 44
3 2 42
2 3 76
1 2 93
2 1 50
3 3 8
3 1 3
1 3 90
1 2 30
3 3 68
2 2 63
2 2 64
1 1 49
1 2 64
3 1 80
2 1 41
1 1 18
1 1 61
1 2 15
2 3 53
1 2 41
3 2 40
2 2 32
2 3 34
1 2 62
1 3 58
1 3 64
1 1 14
3 3 67
3 3 89
2 3 68
3 2 77
1 3 61
3 3 33
1 2 70
1 2 49
3 1 9
3 1 67
2 1 38
1 3 36
3 1 23
3 3 45
2 3 32
3 1 8
2 1 16
3 2 19
2 3 26
1 2 13
3 3 84
2 1 0
2 2 0
1 3 77
1 1 65
3 3 89
2 3 39
3 2 92
2 2 82
3 2 59
1 2 96
2 3 39
1 2 93
2 3 58
1 3 2
3 2 68
1 2 85
3 1 67
1 1 36
2 3 29
3 3 83
2 1 23
1 2 70
2 3 63
2 3 82
2 3 18
1 1 71
3 3 54
1 1 100
3 2 0
3 1 27
3 2 21
3 2 22
3 3 57
3 3 13
2 2 7
3 3 88
3 1 60
3 2 14
1 1 80
2 1 20
2 1 94
2 3 92
1 2 57
2 2 26
2 3 94
2 1 45
2 2 28
2 2 3
2 1 72
3 1 98
2 1 21
3 1 31
3 3 14
2 3 35
3 2 46
3 1 32
1 3 55
1 2 42
2 3 17
3 1 30
2 1 87
1 2 42
3 1 22
2 2 61
3 1 46
1 3 22
2 3 0
2 2 75
2 1 87
3 2 3
1 3 51
1 2 68
3 2 38
1 3 87
2 2 76
3 2 22
2 1 95
1 2 84
2 2 20
3 3 33
1 3 0
3 3 15
1 3 97
3 2 70
3 1 18
2 3 33
1 3 69
1 3 77
3 1 92
2 1 0
1 1 47
1 2 41
3 1 49
1 2 41
1 2 32
1 3 51
1 1 3
1 3 34
1 3 94
2 3 39
2 3 46
3 2 11
1 2 69
3 1 90
1 1 39
1 1 3
2 3 32
3 1 41
2 2 56
1 3 24
2 1 64
1 3 14
3 3 23
1 2 93
3 3 9
3 1 61
2 1 61
3 3 28
2 2 21
2 1 97
2 3 34
2 2 89
2 2 22
2 2 67
1 2 55
1 1 12
2 3 26
1 1 75
2 2 86
1 1 95
2 3 6
2 1 47
3 3 61
1 1 9
1 1 1
1 3 30
3 2 15
3 2 54
1 3 0
3 1 41
3 2 69
1 2 86
3 1 38
3 3 16
1 2 30
2 3 68
2 3 95
1 3 24
1 1 11
1 2 48
3 3 1
2 2 47
3 2 63
3 3 36
2 2 57
1 3 42
2 3 68
1 1 56
1 3 35
1 1 37
1 2 68
2 3 90
1 3 42
2 2 15
3 2 99
1 3 34
2 1 28
1 3 7
3 3 54
3 3 38
1 2 86
2 1 86
2 3 18
3 3 99
3 1 76
1 2 32
3 1 34
1 2 21
2 3 74
2 2 25
3 3 87
1 3 86
2 2 16
3 1 59
2 3 22
1 2 64
1 1 98
1 1 5
2 1 45
3 3 85
1 1 48
3 3 72
1 1 49
3 2 41
1 3 87
1 1 14
1 3 74
2 3 83
3 1 33
1 2 16
1 1 12
3 2 47
2 1 24
2 1 36
1 1 85
2 1 10
1 2 74
2 2 84
1 1 68
1 2 72
2 3 48
1 1 86
2 2 48
2 3 97
2 1 81
1 2 43
2 3 33
3 2 83
2 1 24
1 3 95
3 3 42
3 2 29
3 1 14
1 2 37
1 3 43
2 2 14
3 3 8
3 1 64
1 3 44
2 3 20
2 1 8
3 2 31
3 1 19
1 3 60
1 3 88
3 3 59
3 1 45
1 3 82
3 1 81
1 1 19
2 1 81
3 1 77
1 2 2
2 2 76
3 2 0
3 1 1
2 3 15
3 1 85
2 3 84
2 3 91
3 2 48
1 3 51
1 3 5
1 2 30
3 1 37
1 3 19
1 1 91
3 3 9
2 2 59
3 1 35
3 3 13
1 2 74
1 2 57
1 3 100
3 3 74
3 3 44
3 1 80
2 1 19
1 3 71
2 1 88
3 2 6
3 3 11
1 3 47
2 3 33
3 3 5
1 1 19
1 3 96
2 3 85
3 3 51
1 2 45
3 3 31
1 2 75
1 1 13
2 3 16
1 2 82
3 2 46
3 3 80
2 3 32
1 2 47
3 2 69
3 3 74
3 1 53
2 2 31
2 1 33
3 1 86
2 2 47
1 2 44
2 1 57
3 2 36
3 3 85
1 3 28
3 3 14
3 1 18
1 3 63
3 1 60
3 2 76
3 2 7
3 2 91
2 2 31
1 1 95
1 3 24
3 1 64
2 3 6
2 2 12
2 3 100
3 2 34
3 2 7
2 1 46
3 2 64
1 3 13
3 1 91
2 3 73
3 2 68
1 3 93
3 1 92
1 1 55
2 2 12
3 2 76
2 3 70
1 2 45
3 3 26
3 3 26
1 1 79
3 3 68
3 2 41
1 1 100
1 3 31
1 2 80
2 2 41
1 3 14
3 3 49
1 1 43
1 2 82
2 2 57
2 2 7
1 2 70
1 3 15
1 2 50
2 3 20
2 3 15
3 3 68
1 3 29
1 2 20
2 1 40
3 1 43
2 1 81
2 1 35
1 3 59
2 1 61
1 2 64
2 3 61
2 3 44
2 1 51
2 1 12
1 3 82
3 2 63
1 1 57
2 2 77
3 1 96
2 3 59
2 3 24
1 3 70
2 3 36
3 3 7
3 2 76
1 1 14
1 2 4
2 1 0
2 2 5
3 1 10
2 3 48
3 1 53
1 2 27
2 1 72
2 3 54
2 3 29
3 1 81
2 1 96
2 1 47
3 1 28
3 2 63
3 1 68
1 2 97
2 1 77
3 3 46
3 1 17
2 3 89
2 3 30
3 2 6
3 3 75
2 3 6
3 2 67
2 3 55
1 1 86
3 3 26
2 3 27
1 1 69
2 1 6
1 1 38
1 3 49
3 3 45
2 2 64
1 2 17
2 2 71
1 3 38
1 2 60
1 1 31
2 2 38
2 2 47
3 2 67
2 1 57
3 2 10
1 3 59
1 3 17
1 1 28
1 2 58
1 2 79
1 1 15
2 2 48
2 2 15
3 3 88
3 2 100
3 1 36
1 1 95
1 1 15
3 3 43
1 3 98
2 3 8
3 3 27
2 2 77
2 3 18
3 2 48
1 3 43
3 1 59
1 3 49
1 2 98
3 3 51
1 1 39
2 2 10
1 1 2
2 2 90
1 2 77
3 2 41
2 3 16
1 2 98
3 1 23
2 3 75
1 3 91
2 1 50
2 3 82
3 2 2
2 1 77
3 2 56
3 2 86
1 3 82
2 2 74
2 1 71
3 2 73
1 1 73
2 1 19
1 2 30
1 1 47
1 3 26
2 2 20
1 2 41
3 3 49
2 2 58
1 2 73
3 2 76
2 1 82
3 2 72
2 1 98
3 3 41
3 1 57
2 3 21
2 2 23
2 3 32
2 3 68
2 2 27
3 3 65
3 2 91
1 1 93
1 3 92
2 1 89
3 2 26
3 1 93
2 3 56
2 3 74
3 1 69
3 3 60
2 1 20
3 3 92
3 1 61
3 2 16
2 3 12
2 2 77
1 1 14
3 1 87
1 3 57
3 2 51
2 1 81
1 1 86
3 1 15
1 3 39
1 1 14
1 1 95
1 3 63
2 3 71
3 3 28
2 3 14
2 1 48
2 1 62
2 2 70
1 1 28
1 3 49
1 2 37
1 2 70
3 1 8
3 3 95
3 3 4
1 2 38
1 3 40
2 3 55
2 3 24
2 1 11
3 2 58
1 3 98
1 2 16
2 1 69
1 2 25
1 3 52
3 2 3
1 2 91
3 1 76
2 2 60
1 3 81
3 2 6
3 1 23
2 1 78
2 3 62
1 2 56
2 1 100
3 3 68
2 3 52
1 1 84
2 1 69
2 2 3
2 3 23
2 2 15
3 1 46
3 3 52
1 2 13
1 2 95
3 1 99
1 1 36
2 1 76
1 1 83
2 2 24
1 1 74
3 3 30
2 1 47
3 1 21
2 2 45
1 1 11
1 1 91
3 2 4
2 3 47
2 1 14
3 2 97
3 2 32
3 3 23
3 2 65
3 1 94
2 2 38
3 2 89
2 2 94
2 2 65
1 1 95
2 1 81
2 2 62
3 2 50
3 3 44
3 1 5
3 1 89
2 3 32
3 3 77
3 1 69
2 2 73
1 1 82
3 3 43
2 1 3
2 2 96
3 2 19
2 2 33
2 2 33
1 3 74
2 3 19
3 3 49
1 3 36
1 1 72
2 2 48
3 2 60
3 1 1
1 2 12
3 3 30
1 2 21
2 3 83
3 2 34
3 1 78
1 2 92
3 1 100
2 2 84
2 2 20
3 3 71
1 3 49
1 3 56
2 1 30
3 1 62
1 1 2
3 2 3
3 3 25
2 2 18
3 1 18
3 2 80
1 1 94
1 1 19
1 1 9
2 1 100
1 1 78
3 3 14
2 1 10
3 1 24
1 1 5
2 3 98
3 2 61
3 2 100
1 3 59
1 2 17
3 2 91
2 3 10
3 1 18
3 3 42
1 3 77
1 2 30
2 1 27
2 3 18
2 1 0
3 1 81
2 2 50
2 2 98
2 2 32
2 1 21
2 3 36
1 3 30
2 3 21
1 2 39
1 2 6
3 3 41
1 3 61
2 1 16
3 3 21
3 3 33
2 1 70
1 3 83
3 3 97
1 3 88
3 2 94
3 1 87
3 3 82
3 2 70
1 2 28
1 3 49
3 1 19
3 3 35
2 1 21
2 2 61
1 2 33
3 3 6
2 1 96
1 1 68
3 2 37
3 1 76
3 2 99
2 3 44
3 3 46
1 3 37
1 1 85
1 3 19
2 3 31
1 1 61
2 1 72
2 1 62
1 2 65
2 3 61
3 3 37
3 3 94
2 1 33
3 2 25
3 2 38
1 3 99
1 2 10
3 1 100
2 1 76
1 1 64
3 1 40
3 2 58
1 1 39
2 1 45
2 1 55
3 2 81
3 1 92
1 3 61
3 2 18
2 2 42
3 1 89
1 2 51
2 3 94
2 3 74
3 2 52
2 2 55
3 3 71
1 1 43
3 3 20
3 1 91
2 3 82
3 3 85
1 2 53
2 3 47
1 1 7
3 3 54
3 1 78
3 2 23
2 2 62
1 3 4
3 1 89
1 1 60
3 1 80
2 3 100
1 3 33
3 2 69
2 1 71
2 3 14
2 1 65
1 1 41
1 3 2
1 1 93
1 2 33
2 3 90
1 1 27
1 2 49
3 2 37
2 2 70
3 2 63
3 2 52
1 1 80
1 2 70
1 1 0
3 3 13
1 2 80
1 3 70
3 1 98
3 2 72
3 3 42
3 1 12
3 1 62
2 3 57
1 1 89
3 1 31
1 1 64
3 2 52
2 2 98
3 3 33
3 2 12
2 3 6
3 2 13
3 3 32
1 2 85
2 3 75
1 1 7
2 2 68
2 3 0
2 3 51
1 2 23
2 3 77
2 2 77
2 2 55
2 1 19
3 3 82
2 1 10
1 1 86
3 2 1
2 3 28
2 3 62
3 1 28
1 3 4
2 2 83
3 2 45
1 2 9
3 1 71
2 1 58
1 1 55
1 3 7
2 3 26
3 2 50
3 3 74
2 3 84
2 3 55
2 3 94
3 2 39
2 1 89
2 3 35
1 1 60
3 3 76
3 2 44
3 1 65
3 3 76
1 1 15
3 2 21
3 1 4
1 2 20
3 3 57
1 1 65
1 3 19
3 1 26
1 3 43
1 2 22
1 1 86
2 1 14
1 2 52
2 1 87
3 2 100
1 3 12
2 1 47
2 2 61
2 1 4
3 3 48
2 1 3
2 2 98
1 1 28
1 3 24
3 3 24
1 2 86
1 3 84
3 3 2
2 1 24
1 3 68
1 1 86
1 2 60
2 3 14
2 1 20
1 1 95
3 3 98
2 1 44
1 2 42
1 1 58
2 3 10
3 1 65
2 2 7
2 3 50
3 3 53
3 3 33
2 3 95
3 2 8
3 3 55
3 3 67
3 2 8
3 3 16
2 1 69
2 2 9
2 3 27
1 3 90
2 2 65
1 1 82
3 1 68
1 3 63
3 1 99
2 1 23
1 2 38
3 3 82
3 3 7
1 2 42
1 1 25
3 1 44
1 3 35
2 3 32
1 1 35
2 2 61
1 1 62
2 2 36
3 1 85
2 3 7
1 1 6
2 2 45
2 2 11
1 1 3
2 2 35
2 1 74
1 2 47
2 2 39
2 2 68
1 3 57
2 1 79
1 1 20
1 1 93
1 3 36
2 2 90
2 1 33
2 2 11
3 1 61
2 1 50
1 3 16
1 2 89
1 2 100
3 1 7
1 3 4
3 1 72
3 1 41
1 3 87
1 1 91
2 1 3
3 3 47
1 2 10
1 1 13
2 3 46
2 2 52
2 1 96
1 2 60
1 1 91
1 3 61
1 1 76
2 2 45
2 1 15
3 1 69
1 1 84
1 3 18
2 2 24
3 3 94
3 2 56
2 1 98
2 1 73
2 3 28
3 2 74
1 1 27
3 2 60
2 3 19
2 2 42
2 1 20
3 2 60
1 3 49
2 3 69
3 1 33
2 1 98
3 3 71
1 3 92
3 1 69
3 1 10
2 2 28
3 3 79
1 1 22
2 1 49
3 3 54
1 2 97
2 1 2
2 3 95
2 1 26
1 3 0
3 2 2
1 2 15
2 2 45
1 3 24
2 1 3
1 1 75
2 3 29
1 1 54
2 1 17
2 3 70
2 2 71
2 1 7
1 2 33
2 2 65
1 3 89
1 3 77
2 1 92
3 2 44
3 3 64
3 3 85
1 3 20
3 1 0
1 3 53
3 2 72
1 1 7
1 3 27
2 3 9
2 1 9
3 3 76
2 1 4
3 1 69
2 1 14
1 3 13
1 2 62
3 3 62
3 1 4
1 2 44
3 2 77
3 3 72
3 3 14
2 1 65
1 2 53
1 3 51
1 2 80
3 2 79
2 3 68
2 3 54
1 3 34
2 3 92
2 3 84
3 3 65
1 1 0
2 2 58
1 3 79
1 3 14
1 2 60
1 3 0
1 1 31
1 1 19
1 1 20
2 3 24
3 3 57
1 1 92
2 3 38
1 1 10
2 3 98
1 3 100
2 1 56
3 3 60
3 1 99
3 3 74
1 1 56
2 2 15
2 2 36
3 1 94
1 2 39
1 2 90
1 3 61
3 3 96
3 1 92
2 1 78
2 2 94
2 1 97
2 1 0
2 2 20
2 2 76
2 1 10
2 1 7
3 2 59
2 1 56
3 1 7
2 2 33
1 2 2
1 3 78
2 3 50
3 2 8
3 3 75
1 3 96
2 3 98
3 3 92
1 1 35
3 1 28
2 3 61
2 3 54
3 1 85
2 2 31
1 1 63
2 1 66
2 3 94
3 1 53
3 2 21
2 1 26
1 2 15
2 1 93
2 1 62
1 3 97
1 3 88
2 1 85
3 2 44
1 1 53
1 1 8
3 1 84
2 2 30
2 1 55
1 3 58
3 2 7
3 3 57
3 2 92
2 3 5
2 2 68
2 1 75
2 3 75
3 1 99
3 3 14
3 2 66
1 3 61
1 3 61
1 3 44
1 2 57
2 3 44
1 2 10
1 2 68
1 2 98
2 1 40
1 1 92
3 2 36
2 1 50
2 1 54
2 2 88
1 3 62
1 3 26
1 1 13
3 1 47
3 1 89
1 1 77
2 3 95
1 2 38
3 1 100
3 3 81
1 2 79
2 3 24
3 3 67
3 1 37
2 1 19
1 1 26
1 2 72
2 1 28
3 1 7
1 1 0
1 3 66
2 3 8
3 3 58
2 3 60
3 2 40
2 2 48
2 3 64
3 2 10
2 2 21
2 3 29
1 1 88
3 2 95
2 3 28
2 3 79
2 2 81
1 1 42
1 2 32
1 3 69
3 1 62
2 1 82
3 1 23
1 3 50
2 3 88
2 1 72
1 1 82
3 2 70
2 2 93
1 1 38
1 3 79
1 2 98
1 3 98
3 2 31
2 2 78
2 1 78
3 3 92
2 1 53
3 2 20
3 1 55
1 1 54
1 3 100
2 1 84
3 1 55
1 3 66
2 2 24
3 1 69
2 1 27
1 1 24
3 1 30
1 1 65
1 3 63
2 2 69
1 3 24
3 1 61
2 1 51
3 3 63
2 2 10
3 3 43
3 2 43
3 3 14
2 2 100
1 2 76
3 1 31
1 1 15
3 1 52
1 3 51
3 1 64
2 3 34
2 2 0
3 3 73
1 3 57
3 1 92
2 2 5
1 3 96
2 1 61
1 3 6
2 1 42
3 2 34
2 1 7
3 2 91
1 1 20
3 1 27
3 1 45
1 1 28
1 1 98
2 3 8
2 3 26
3 1 76
1 2 22
3 1 18
3 1 8
2 2 52
3 1 21
3 1 71
1 2 91
1 2 19
1 3 29
1 3 44
1 1 96
1 2 74
1 1 3
2 2 78
3 1 52
3 2 89
2 2 96
3 1 70
3 1 67
1 3 81
2 2 55
3 2 36
3 3 62
2 2 0
1 1 92
2 1 48
1 1 37
2 1 55
2 1 27
1 1 77
1 3 78
2 1 24
3 3 8
2 2 15
2 1 1
1 2 28
2 2 61
2 3 33
3 3 50
1 1 44
3 2 1
1 2 6
3 2 34
1 2 0
3 3 62
2 3 25
1 3 97
3 1 79
3 3 56
3 1 61
3 1 74
3 1 11
3 3 17
3 1 52
3 1 43
2 1 54
2 3 91
2 3 45
3 1 93
2 2 65
1 3 35
1 3 91
2 3 64
1 3 32
2 1 93
1 3 82
1 2 40
1 1 15
2 2 18
3 1 98
2 1 89
2 2 3
2 1 80
2 2 76
1 2 74
2 1 7
2 3 70
1 2 23
2 2 1
1 2 26
1 3 96
1 2 58
2 3 66
3 3 71
1 2 28
2 3 23
3 1 8
2 1 25
2 1 38
1 1 27
1 3 97
3 3 76
1 1 37
2 1 88
1 1 1
3 3 51
2 1 16
1 1 1
2 3 25
2 1 38
1 1 41
2 1 62
2 1 95
2 1 86
2 2 40
1 1 78
1 3 44
2 3 88
3 1 16
3 3 92
3 3 38
1 3 19
3 1 41
1 3 92
2 2 11
1 1 86
2 3 33
3 2 56
1 2 24
1 2 69
2 3 22
3 2 89
1 1 69
1 3 8
2 3 47
1 2 21
1 3 67
3 2 57
3 1 43
2 2 1
2 2 40
1 3 73
3 3 22
1 2 90
2 1 62
3 3 56
2 2 35
1 1 30
1 3 3
2 3 36
1 1 87
1 2 67
1 3 36
1 1 75
1 3 42
1 2 32
2 2 59
2 2 32
2 1 21
2 2 20
1 2 66
1 3 10
2 1 3
1 1 15
3 3 62
3 1 82
3 1 71
1 1 58
2 1 91
2 3 55
3 1 57
2 3 43
1 1 51
3 3 47
1 2 98
1 3 6
3 3 96
2 2 56
2 3 82
3 3 35
3 2 47
1 3 50
3 2 61
2 3 96
3 2 81
1 3 33
3 1 66
2 1 87
2 1 42
1 1 38
1 3 27
3 1 47
2 3 15
1 1 57
3 2 10
3 2 83
1 2 59
2 2 19
2 1 11
3 1 79
3 1 65
1 2 76
2 2 61
3 2 31
3 2 6
2 2 40
1 2 51
2 2 3
1 3 4
1 3 3
3 2 72
2 1 89
3 2 0
3 3 27
1 3 14
3 1 42
2 1 17
1 3 64
3 1 2
2 1 2
1 3 76
1 1 85
2 2 32
1 3 37
1 1 62
3 2 90
1 2 45
3 2 53
3 1 79
2 2 45
3 2 67
1 3 80
3 3 35
1 2 76
1 1 80
1 3 7
2 1 40
1 2 82
3 2 11
2 1 35
1 1 9
2 3 95
1 1 65
3 2 74
3 3 21
3 1 68
1 2 18
3 2 83
3 1 47
1 3 63
1 1 61
1 1 67
2 1 58
3 1 1
3 2 62
3 1 50
2 2 3
2 3 67
1 3 77
2 2 79
1 3 72
2 3 86
2 1 31
2 1 68
3 1 10
2 1 39
3 1 56
2 3 51
2 3 65
1 2 55
3 2 50
2 1 20
2 3 36
1 2 0
1 3 92
3 3 61
1 3 2
3 2 73
1 3 37
3 2 8
2 2 29
1 1 52
2 2 70
2 3 5
2 3 72
2 2 74
1 2 88
3 1 11
2 1 46
2 2 22
1 1 46
3 2 2
2 2 19
3 3 67
1 2 93
3 3 67
2 2 53
1 1 75
3 1 57
1 1 85
1 2 79
2 1 94
2 1 89
3 3 41
3 1 19
2 1 70
2 1 54
2 2 12
2 2 68
3 1 46
2 1 34
1 2 24
1 3 84
1 3 80
2 1 80
2 2 83
1 1 79
3 1 35
2 2 25
2 3 12
3 3 2
1 3 70
2 3 65
2 3 54
2 2 39
1 1 17
2 2 35
2 1 13
3 2 85
1 2 21
3 3 66
1 1 66
1 2 63
3 3 83
2 1 89
2 3 45
3 2 1
3 3 25
2 3 22
3 1 78
3 1 76
1 3 92
2 2 65
2 3 49
1 1 84
1 2 20
1 3 61
2 2 2
1 1 27
2 2 71
1 2 37
2 2 6
1 2 95
2 1 95
1 1 15
1 2 53
1 3 80
2 3 69
2 2 38
3 1 60
1 3 84
1 3 42
1 1 88
3 2 94
3 2 80
1 2 60
3 2 60
3 2 43
3 3 32
2 3 71
2 2 38
2 2 97
2 3 15
1 1 16
1 3 81
3 3 17
2 3 65
1 3 77
3 3 2
3 1 6
2 2 46
2 3 20
2 1 29
1 2 11
1 3 51
1 1 63
3 1 47
1 3 8
2 3 21
2 3 52
1 1 77
