28
99
25 25 11
28 20 47
12 10 24
24 18 26
22 1 18
26 7 29
2 16 44
7 8 45
9 3 73
16 27 17
15 15 4
12 12 0
28 23 39
10 8 30
20 24 8
9 12 61
1 21 35
8 5 37
18 10 19
5 6 90
13 17 78
25 13 79
1 3 86
24 10 93
4 4 35
6 10 4
10 18 93
14 21 98
26 10 90
21 18 72
5 28 71
5 22 80
3 19 8
5 17 52
15 13 69
3 13 20
25 5 72
24 3 39
8 13 44
3 20 81
7 13 23
10 6 65
8 18 61
16 4 31
24 8 28
11 27 43
24 15 82
23 26 55
6 5 46
20 22 19
21 21 82
16 2 24
7 1 80
8 8 92
5 1 53
9 8 12
27 20 34
16 4 18
1 20 49
14 10 5
9 25 0
19 5 52
3 21 96
9 16 4
22 2 65
27 27 36
8 4 79
25 21 47
19 20 82
18 22 78
10 2 70
27 19 87
6 8 90
18 9 71
14 26 57
5 15 0
21 26 33
24 20 34
20 8 97
25 25 28
13 14 31
15 28 98
3 15 94
5 25 54
4 17 12
7 16 35
3 13 79
28 19 79
26 24 95
19 16 39
10 2 54
27 18 59
16 2 85
26 12 86
13 22 100
13 24 96
8 18 25
21 12 29
20 13 81
