71
6339
33 23 61
11 28 78
8 69 1
29 20 56
36 40 14
53 46 5
3 11 93
10 27 23
48 53 33
1 28 31
10 19 17
66 15 0
35 43 60
27 2 47
28 18 14
40 67 17
23 49 20
47 34 87
34 43 10
59 23 61
60 64 50
30 26 18
17 45 32
60 71 60
26 58 69
6 32 41
9 65 28
50 57 1
17 10 59
33 16 59
71 7 55
10 51 40
31 28 90
30 58 53
30 45 88
69 58 59
70 30 93
36 15 78
17 57 81
24 31 81
65 57 100
63 38 39
27 39 81
12 26 54
53 63 69
68 70 40
61 43 64
33 57 53
60 4 91
21 45 95
32 11 59
5 26 66
7 46 27
11 4 58
53 68 67
15 26 60
48 30 34
13 49 10
28 42 100
1 12 59
67 46 74
38 24 93
45 28 91
37 29 58
54 6 10
27 4 99
47 9 51
20 20 65
47 39 52
20 42 52
21 37 85
15 12 49
51 58 75
21 66 27
69 15 63
34 33 25
8 60 50
41 47 5
7 45 46
45 19 21
42 63 54
50 17 56
18 7 95
2 11 86
34 59 36
28 31 98
57 61 93
36 39 50
58 55 71
71 23 81
61 3 5
52 8 49
62 56 24
65 55 76
51 59 17
50 13 54
1 16 3
12 29 89
9 2 30
24 33 86
55 16 77
28 10 14
10 4 29
8 6 4
40 9 76
16 71 10
18 5 28
15 4 96
21 1 29
51 1 51
11 46 69
43 46 97
2 40 75
19 65 87
30 8 20
6 6 33
17 61 56
28 19 30
49 56 11
5 56 70
28 71 5
71 21 36
26 31 2
59 71 81
68 40 60
16 16 50
64 50 48
30 24 94
3 22 71
67 21 34
5 44 46
24 62 86
7 39 96
34 36 15
64 9 47
59 48 1
48 11 90
10 52 91
71 14 76
28 62 49
2 23 29
44 62 100
54 30 98
58 52 83
66 12 40
28 25 44
29 47 24
50 17 73
15 6 15
44 47 11
61 20 36
42 22 35
58 24 34
11 9 50
10 16 79
62 31 61
20 23 24
59 10 67
36 58 54
22 46 69
4 32 32
63 13 87
48 1 2
42 50 79
3 40 86
28 52 68
63 35 81
37 27 68
13 37 74
2 47 62
33 66 34
50 61 68
13 5 66
21 64 88
25 22 58
42 54 10
29 26 55
38 21 23
45 68 76
39 32 20
58 50 87
60 1 64
1 58 87
13 18 39
25 16 26
69 65 83
67 10 58
9 16 100
67 59 60
61 61 98
42 37 61
61 21 98
41 28 28
12 45 37
6 4 87
39 63 31
39 12 65
20 8 50
45 66 77
53 40 10
71 66 55
26 67 4
25 62 69
32 11 39
45 68 55
36 40 65
5 9 29
10 30 34
64 35 45
8 44 61
33 70 30
27 15 43
5 61 89
7 5 73
1 67 90
25 52 50
6 15 18
33 24 87
65 12 95
31 25 9
12 15 0
16 35 22
62 46 55
36 68 23
33 38 22
71 19 14
28 24 66
59 1 63
11 14 1
40 24 5
62 16 92
31 41 11
60 18 31
15 21 89
56 63 77
40 9 50
29 5 2
56 11 96
55 17 54
39 60 39
14 37 60
42 16 30
17 34 21
9 53 60
38 37 84
47 64 86
68 15 81
70 59 15
65 70 18
10 47 1
49 39 77
23 1 2
16 2 78
42 3 38
60 40 80
39 54 17
64 66 96
42 58 88
47 19 95
11 28 43
69 23 4
63 26 40
40 13 91
65 51 30
24 37 71
6 1 76
28 7 85
44 22 90
40 65 13
32 58 59
71 37 27
60 45 33
26 4 64
31 8 44
16 68 68
59 69 42
25 43 80
6 66 17
9 12 2
25 39 55
44 26 4
3 50 56
25 57 24
68 44 95
34 14 18
28 20 57
43 10 37
11 18 79
28 18 49
12 3 64
63 68 7
28 5 92
50 11 30
15 38 22
57 45 45
67 16 0
60 61 13
1 68 12
15 66 56
62 33 47
17 24 85
39 35 48
71 24 5
63 59 52
61 24 45
12 27 54
46 49 73
50 35 11
19 63 32
14 62 44
1 28 6
10 62 70
52 25 26
53 63 69
30 50 91
9 56 0
26 3 42
60 59 1
3 55 86
30 35 31
56 58 6
1 60 90
2 25 22
41 53 84
43 10 81
52 34 89
69 28 35
43 22 37
45 42 66
42 41 37
54 2 87
12 39 16
48 44 12
65 71 68
52 44 0
32 66 59
29 18 11
19 12 52
49 53 19
7 45 41
43 2 40
6 55 8
21 35 52
28 51 34
47 2 1
22 13 46
64 23 63
19 22 40
28 19 68
63 12 11
50 27 43
22 66 25
17 41 10
25 11 52
70 8 39
62 60 42
39 48 3
65 12 36
41 22 49
29 8 27
53 9 8
63 65 76
70 23 2
1 53 90
13 28 86
12 67 40
61 54 85
16 64 43
7 26 90
19 51 68
36 65 74
33 31 57
16 43 47
7 3 14
64 4 3
41 69 0
46 47 21
23 13 86
15 67 59
33 15 31
13 68 6
19 38 38
61 27 83
48 35 38
17 11 23
34 71 74
45 48 42
41 35 44
66 1 90
36 64 28
29 19 81
18 53 37
6 3 91
35 41 45
23 2 65
40 28 63
10 52 89
46 54 99
52 49 85
52 10 20
25 58 30
50 25 71
12 54 88
31 44 35
42 6 44
61 27 33
64 51 37
37 33 99
52 45 43
64 1 71
17 12 32
30 51 95
28 45 65
34 6 51
32 51 37
21 41 74
45 55 29
50 34 19
56 18 97
8 38 16
56 21 78
35 23 91
27 10 33
31 19 7
24 4 31
37 52 50
44 41 66
44 5 32
71 4 1
35 52 94
31 62 89
32 35 32
63 30 100
9 32 70
52 46 94
56 44 5
55 55 66
17 59 97
44 8 34
32 70 31
56 36 98
46 29 78
25 59 66
37 17 54
54 11 48
56 51 28
11 59 99
56 1 64
40 23 32
22 55 93
16 58 53
6 35 38
48 40 49
11 26 13
48 58 19
44 49 58
7 2 21
44 11 85
14 51 34
42 39 97
22 13 100
43 67 87
50 19 41
49 22 49
56 46 89
7 34 12
13 48 6
29 40 46
28 67 92
28 55 2
38 64 86
71 19 81
38 66 85
50 47 69
23 3 79
52 27 33
10 56 51
15 15 66
24 50 13
49 7 64
35 24 55
46 10 35
47 8 43
15 42 40
54 54 33
1 24 53
45 16 57
63 69 82
50 68 21
64 13 30
61 31 26
39 57 56
49 24 54
45 24 55
3 24 42
50 22 64
31 40 4
16 70 84
34 50 24
24 20 91
44 51 49
53 63 14
28 53 88
13 70 7
37 52 76
52 47 98
30 12 20
51 71 57
30 15 70
39 12 73
6 59 88
30 40 59
18 68 44
4 66 27
54 45 81
24 57 5
57 50 3
62 59 27
58 20 73
49 2 52
26 69 61
3 52 61
56 70 34
16 71 10
60 9 30
1 48 91
43 8 53
42 54 0
40 66 78
6 44 10
36 28 28
54 24 19
19 7 8
69 15 56
5 24 48
29 58 43
6 61 11
63 61 4
24 62 74
53 8 53
42 33 92
25 71 72
11 14 87
23 44 58
69 71 62
62 38 90
12 47 65
34 52 68
7 7 79
56 56 18
71 66 1
62 53 16
8 24 42
16 22 37
49 64 84
67 39 65
37 40 91
66 38 98
20 4 92
27 21 6
15 8 58
22 4 58
11 8 83
1 69 70
47 71 87
1 7 18
51 27 78
32 25 1
32 30 2
60 21 21
17 4 55
53 68 51
52 71 1
68 68 100
3 24 30
40 63 99
8 65 94
35 34 81
32 16 75
56 54 11
40 39 21
7 35 74
10 10 85
48 67 0
58 35 35
8 70 7
50 69 31
51 71 22
43 71 91
25 23 95
45 17 32
68 4 57
53 9 15
37 7 27
14 5 35
38 8 25
54 16 44
6 17 54
44 42 99
37 9 70
45 46 31
58 42 66
51 62 12
20 68 80
68 46 77
33 8 8
65 20 99
18 35 44
33 55 46
22 22 100
12 9 74
39 64 74
45 39 43
28 38 4
30 62 73
52 27 3
10 70 83
67 30 13
28 18 67
11 12 91
71 18 84
70 20 15
68 12 9
8 43 54
64 44 41
26 42 64
29 12 14
68 30 26
4 32 90
46 44 83
23 49 41
12 46 12
33 66 48
36 66 49
60 55 29
40 53 72
36 45 95
50 26 63
47 41 29
28 70 85
10 23 44
50 48 84
56 67 7
12 67 44
29 35 97
37 59 86
14 9 25
5 58 4
45 37 97
29 59 83
58 4 13
40 3 75
53 33 15
23 35 7
17 66 13
38 71 25
50 63 44
37 35 48
36 8 33
1 19 61
47 19 75
34 43 85
38 32 40
27 27 70
46 55 75
11 6 67
11 33 17
29 14 61
47 40 23
22 34 42
62 20 16
59 26 35
43 64 33
8 22 8
53 71 6
16 22 62
34 46 84
45 45 55
3 65 5
6 65 58
43 66 58
54 2 31
32 69 27
58 56 87
63 15 29
46 60 31
12 5 94
56 50 26
35 63 58
46 57 1
12 27 86
43 48 70
17 10 97
39 61 6
14 43 42
36 52 61
48 59 5
36 28 8
41 65 26
22 23 83
58 32 28
48 70 40
59 69 13
26 8 41
45 39 80
69 2 90
33 27 81
30 13 19
6 13 48
7 38 16
54 18 88
43 23 94
17 14 20
54 29 67
18 60 98
36 59 35
45 31 63
67 5 63
10 50 57
24 48 37
70 12 31
31 43 84
70 14 52
52 31 45
2 31 99
12 26 59
30 69 99
21 4 79
63 66 2
57 57 47
41 25 34
29 28 72
29 49 71
67 20 63
39 55 31
44 8 70
22 63 71
52 50 82
19 69 24
44 29 59
70 10 82
41 32 38
22 12 55
56 45 21
38 31 6
46 66 85
44 58 44
57 54 34
14 34 49
71 51 93
17 29 68
39 20 68
14 69 38
44 8 94
40 40 91
41 70 32
61 29 69
60 32 16
40 22 70
63 49 95
32 70 99
60 57 49
71 20 55
33 60 68
70 5 6
3 42 32
50 19 37
12 54 18
7 15 12
61 22 78
33 28 16
56 39 76
40 35 20
71 42 50
64 52 94
18 26 22
23 66 9
17 11 70
28 17 22
39 26 97
64 6 18
28 12 21
20 23 49
45 27 50
32 11 69
64 38 69
30 16 47
31 36 25
9 13 42
29 55 16
11 32 23
57 63 56
25 6 97
64 35 69
12 33 34
62 24 10
11 54 86
46 68 86
50 43 59
32 61 10
52 33 32
59 61 11
22 2 15
4 63 16
53 4 44
39 39 47
64 71 3
67 4 59
18 4 93
58 13 95
64 56 18
16 48 39
12 25 92
30 45 69
53 5 79
54 19 47
32 15 37
3 16 88
2 52 47
56 62 72
59 58 96
65 22 61
66 16 36
68 62 87
29 33 70
56 36 49
64 67 49
48 52 40
43 25 56
15 18 70
47 29 80
55 48 94
22 14 78
11 36 53
1 5 65
50 28 79
5 41 81
49 15 90
64 5 87
18 8 68
58 26 91
14 51 22
62 26 53
67 63 77
32 58 91
12 11 66
61 58 98
67 49 45
14 20 74
55 42 65
59 26 100
13 46 71
36 15 55
49 25 16
59 33 92
49 59 87
19 34 64
59 8 22
28 1 12
42 6 0
7 55 59
67 13 50
27 60 42
27 69 44
18 45 17
24 30 14
52 29 91
10 51 11
44 46 1
9 56 0
51 3 58
65 68 64
23 38 5
51 4 4
38 11 78
32 30 29
23 27 28
34 43 59
37 15 0
7 60 59
71 10 34
63 7 57
15 13 97
28 7 73
23 13 89
26 40 14
1 1 81
48 62 34
29 44 92
62 8 8
26 16 68
65 47 35
33 27 31
60 19 4
26 42 45
26 63 65
22 44 38
65 63 45
41 54 0
65 19 17
6 57 24
60 59 68
23 1 37
6 68 35
64 29 13
15 3 83
39 43 79
12 63 17
29 23 15
70 46 6
24 32 40
2 29 28
38 15 89
12 23 58
36 2 14
18 16 80
69 32 12
57 63 48
59 55 2
71 8 82
10 39 38
18 64 19
66 30 92
44 67 91
47 66 4
45 63 23
58 59 46
53 5 86
38 46 48
31 19 33
43 40 87
51 7 47
50 30 10
7 17 43
66 9 52
21 28 50
38 66 59
3 7 87
2 29 75
9 7 63
30 25 56
4 60 83
45 15 29
30 33 22
56 40 34
29 65 0
1 33 9
56 49 43
53 43 86
8 45 77
58 45 66
12 39 59
41 3 58
61 33 55
49 49 94
23 40 15
47 38 8
60 15 13
48 20 62
29 44 60
25 60 78
32 69 7
61 5 23
27 1 5
24 58 69
30 14 41
68 37 38
34 39 52
71 16 57
7 19 34
40 41 16
71 5 88
11 37 50
58 37 76
30 53 35
63 42 33
4 64 82
31 42 58
69 61 23
11 63 70
38 9 14
50 29 23
52 34 84
3 13 74
50 2 78
5 24 1
50 28 17
20 30 56
39 52 66
53 18 95
39 11 64
9 4 71
34 71 75
39 37 35
22 17 67
62 35 49
26 11 53
40 17 41
70 27 41
68 45 60
67 37 94
55 8 33
11 23 87
7 4 17
33 22 96
15 61 88
31 53 88
62 57 82
1 40 67
6 10 40
42 24 78
45 65 16
55 28 49
19 11 74
39 16 81
63 69 9
21 40 91
55 47 37
32 11 37
27 43 66
35 30 94
28 61 0
54 14 84
42 27 28
69 36 8
22 36 20
61 60 56
21 51 85
56 37 60
42 17 89
60 62 11
30 58 71
56 14 22
69 57 83
20 12 4
29 33 79
23 40 82
64 62 34
5 33 70
56 41 14
44 38 43
15 31 100
1 56 81
48 38 90
36 49 86
49 12 79
30 59 86
25 57 24
68 62 64
29 10 30
65 62 61
10 26 96
52 64 6
41 50 79
23 46 10
25 3 65
16 31 69
25 41 10
28 28 15
66 42 71
14 61 34
58 27 90
39 13 8
70 15 59
61 57 71
8 8 67
62 63 17
36 65 100
51 39 96
23 28 45
34 48 25
61 58 5
12 31 87
47 32 25
25 61 19
60 19 50
23 10 67
14 3 53
51 17 38
34 36 57
11 21 34
63 5 34
33 49 30
52 14 100
40 62 13
63 21 93
71 20 91
61 66 45
68 34 66
20 35 89
55 13 50
11 50 17
50 2 64
58 13 17
21 37 100
10 64 73
16 71 36
10 24 61
23 36 7
46 19 9
56 63 18
49 7 65
34 46 53
17 64 55
21 38 93
24 14 45
47 69 68
60 21 8
30 58 78
18 51 77
1 30 85
51 64 18
10 22 6
48 21 95
70 3 18
70 56 32
27 31 18
46 67 17
13 27 28
34 28 55
13 68 30
54 5 77
53 18 46
36 25 88
3 56 86
31 35 6
38 9 60
54 64 39
59 42 83
36 29 31
33 25 92
51 39 39
50 43 27
70 32 52
43 12 12
70 48 90
67 53 75
9 56 28
68 21 78
39 38 28
40 46 51
40 31 92
4 25 78
62 52 99
3 39 59
51 20 46
56 44 31
24 2 51
46 2 21
70 57 44
2 53 86
31 18 11
21 62 11
31 15 40
5 30 78
46 38 95
37 53 78
56 35 58
61 16 74
8 15 60
32 37 49
14 55 28
42 70 17
16 70 21
50 10 95
66 56 78
7 40 20
2 29 62
30 43 71
67 31 81
15 57 90
67 41 22
5 33 64
9 57 4
60 2 80
13 51 65
54 56 38
36 3 9
45 26 10
63 71 15
67 38 16
54 62 75
26 49 84
60 54 54
71 58 82
69 63 77
31 21 96
30 69 2
1 32 65
17 48 35
8 6 29
61 53 15
48 63 41
49 38 96
30 17 64
24 3 91
10 21 88
2 18 28
63 44 49
12 59 52
22 21 35
51 27 47
23 15 21
12 52 58
63 71 40
15 52 88
38 34 61
18 36 58
5 67 61
3 11 99
53 35 26
27 1 84
61 16 95
43 68 30
53 4 100
53 43 52
21 4 31
5 11 29
35 13 39
54 5 29
70 22 17
31 63 67
23 69 27
5 29 61
66 66 38
69 20 66
13 15 47
62 25 84
31 18 70
40 59 5
45 50 32
10 9 66
41 46 45
28 69 14
13 69 77
36 71 53
35 60 46
25 33 75
38 51 99
4 51 99
38 3 15
58 59 13
55 36 84
12 39 18
9 51 42
67 49 42
29 12 68
2 70 100
40 35 73
29 11 77
58 16 25
55 66 43
33 44 52
20 19 44
51 12 73
13 2 30
32 70 87
42 19 57
36 20 11
19 55 36
6 45 99
41 22 23
48 47 57
38 68 37
34 10 97
66 46 5
42 25 42
25 8 75
69 37 96
22 41 67
29 57 78
71 65 82
42 21 60
61 56 44
62 10 22
20 23 83
36 5 38
65 39 57
22 64 84
35 36 18
33 47 37
52 6 37
70 22 58
50 26 63
6 42 28
68 22 24
52 71 81
1 29 30
23 43 6
39 20 81
35 6 37
43 25 88
45 29 28
60 24 9
4 62 73
60 28 24
44 63 7
22 63 84
25 27 86
20 34 45
69 29 47
11 70 24
67 56 92
62 44 80
34 2 22
52 28 69
43 30 10
26 17 41
62 49 60
34 58 34
6 46 98
60 16 55
2 53 76
53 18 69
34 4 22
65 64 61
71 22 53
64 59 27
1 54 73
56 20 48
32 30 84
30 48 34
50 36 36
44 24 79
54 67 7
68 26 6
37 15 85
33 71 14
65 43 15
36 20 52
13 57 59
71 15 35
52 56 5
14 63 78
10 54 41
58 22 42
18 50 1
33 39 58
1 44 53
51 28 60
11 30 79
22 45 50
6 19 19
46 49 86
42 40 63
15 1 67
55 62 85
66 54 59
1 53 79
57 70 37
28 56 79
10 25 45
41 16 79
19 29 6
10 51 53
47 15 51
13 71 80
17 48 71
39 5 54
47 55 18
44 51 77
38 35 50
54 12 96
24 10 69
4 59 19
3 61 16
14 56 34
30 28 94
59 68 66
46 52 66
40 21 86
21 8 6
26 32 62
64 67 92
27 14 14
26 60 8
57 41 91
64 58 69
20 69 98
30 61 32
34 55 1
46 16 2
66 32 35
5 20 61
17 67 20
47 2 73
19 11 65
53 43 49
49 53 86
56 28 75
19 27 3
42 11 78
22 18 71
29 18 58
52 57 14
19 56 22
24 44 83
38 57 96
35 71 89
43 20 37
65 37 56
26 1 41
15 18 77
47 63 52
44 27 71
33 38 62
51 25 9
27 11 54
48 62 72
41 14 48
24 19 94
12 58 6
21 11 63
47 26 36
61 6 90
68 47 10
61 48 7
49 44 100
71 36 84
38 30 18
13 51 59
33 33 1
41 41 10
24 4 56
65 61 95
13 26 97
49 55 13
65 27 22
38 7 36
56 64 36
45 37 28
53 19 50
5 22 81
16 3 18
24 42 30
2 33 65
5 15 64
71 71 79
41 12 85
67 33 73
38 15 40
4 53 19
21 33 89
9 70 60
69 37 51
24 38 13
45 7 95
43 4 86
44 43 10
71 61 42
50 53 52
21 49 3
45 60 30
64 47 50
71 43 12
59 61 46
46 62 67
64 52 23
12 66 77
40 60 46
14 8 65
13 50 20
31 34 85
39 47 89
48 24 19
24 3 21
56 44 79
19 52 19
70 23 93
20 56 73
9 43 83
12 11 48
1 69 49
10 10 36
28 3 83
27 28 21
44 32 100
33 13 76
65 63 10
14 70 54
42 8 70
48 3 44
14 5 45
69 51 55
4 33 25
35 41 34
59 65 2
65 24 68
7 16 27
46 23 36
48 60 69
41 59 24
32 28 99
27 7 97
62 2 99
11 50 84
68 56 23
25 59 64
62 69 91
61 60 89
48 33 5
59 11 88
15 9 0
8 69 87
8 12 72
46 11 89
62 18 57
11 54 71
62 24 86
4 6 28
40 61 5
20 64 62
46 48 95
28 70 37
54 1 73
9 68 21
42 20 64
28 46 80
3 35 33
21 56 65
10 38 34
34 13 71
46 66 39
37 48 38
70 40 14
21 20 77
14 25 17
4 41 44
66 69 11
28 54 49
22 37 67
69 7 49
40 59 46
66 15 83
29 52 94
50 14 20
9 34 4
30 44 8
65 6 78
56 39 42
69 37 32
29 27 39
44 30 58
59 16 30
34 67 67
21 8 45
8 21 77
69 6 54
30 29 63
39 9 27
20 60 14
44 65 10
71 1 68
36 31 3
35 22 17
6 29 21
6 11 32
6 54 36
56 45 97
12 30 54
34 25 76
12 57 68
24 29 39
26 3 78
10 68 53
46 61 32
1 65 77
52 35 11
50 14 61
24 31 66
45 23 91
58 63 17
53 15 9
7 34 41
26 4 52
13 24 57
45 49 36
4 30 79
31 69 31
25 70 7
59 25 33
45 7 34
68 68 14
28 63 2
17 38 28
61 21 48
40 62 19
5 55 58
43 40 18
16 28 14
19 5 100
56 24 75
20 38 78
58 35 0
42 2 75
33 29 53
67 55 60
57 60 21
71 50 21
66 1 46
56 19 77
18 44 71
8 34 26
61 44 33
42 37 30
68 12 31
18 13 80
6 39 17
31 59 25
62 35 38
26 22 43
55 54 34
12 70 82
8 34 67
9 27 58
71 24 67
51 45 34
46 2 59
12 21 40
32 16 85
70 7 86
29 27 15
33 62 99
43 27 46
62 17 48
5 67 17
13 5 71
24 9 56
45 45 98
71 55 53
2 44 57
62 27 36
49 20 5
4 16 71
27 62 100
50 21 77
34 30 55
4 38 70
69 22 40
47 11 61
8 30 24
32 34 11
70 63 54
26 48 93
61 42 10
15 1 9
42 11 28
52 25 54
47 33 27
3 1 28
42 2 61
24 65 88
16 67 91
43 15 7
28 20 71
48 40 81
42 26 90
9 61 77
49 33 61
48 23 68
66 18 89
41 1 41
36 51 70
3 45 23
1 32 24
47 29 53
32 41 4
21 12 86
67 58 87
55 1 83
28 65 43
32 26 18
47 47 97
1 7 79
59 35 35
64 16 38
30 61 16
64 18 60
59 58 67
56 32 42
42 57 68
13 48 89
1 17 43
70 49 8
66 12 35
6 53 23
20 39 4
35 59 70
45 64 73
50 35 26
7 29 7
60 26 72
44 54 54
48 59 16
37 40 5
60 21 74
51 47 28
70 29 43
17 29 21
48 15 50
10 33 78
52 26 59
41 36 2
25 26 92
65 64 74
20 48 5
64 17 94
56 8 31
31 58 92
68 44 29
2 33 73
16 43 37
26 7 36
19 39 10
44 66 31
54 8 37
19 54 68
24 9 57
39 66 94
64 6 82
71 3 41
5 50 4
65 28 8
57 56 54
42 45 8
12 19 20
60 17 68
36 21 81
6 30 34
68 36 7
47 69 11
5 4 12
55 4 21
58 46 50
57 42 43
47 23 62
40 43 58
37 6 49
46 34 68
5 16 32
41 66 25
64 23 42
5 47 3
1 20 69
13 31 35
34 14 3
37 57 55
14 32 15
69 41 81
10 62 70
59 51 40
9 15 60
37 5 6
70 64 35
2 9 95
13 24 100
56 57 63
51 16 11
70 24 16
16 6 63
50 61 79
39 7 51
39 45 18
58 5 65
8 9 60
13 20 75
41 52 97
6 20 88
6 28 22
36 58 56
68 58 28
33 47 4
41 3 100
71 30 38
41 38 72
1 25 98
40 37 87
2 23 17
58 26 24
68 46 38
27 26 12
38 57 86
69 13 56
60 1 26
61 30 53
50 9 34
59 44 27
19 69 98
18 37 23
52 29 61
10 69 70
1 36 67
37 55 18
50 47 15
50 36 71
28 24 54
3 9 78
19 71 14
40 34 0
49 23 2
59 3 10
36 63 58
13 9 80
21 52 10
18 28 94
22 57 72
59 49 51
67 12 4
25 51 30
10 47 39
36 63 33
61 27 51
29 54 46
58 4 94
71 48 58
5 18 77
36 48 32
2 66 6
11 11 3
67 59 37
7 35 92
28 27 54
15 55 3
60 63 65
57 43 30
30 50 86
63 37 77
32 42 74
70 28 7
53 62 13
47 27 3
69 30 17
66 32 35
24 66 82
9 42 59
39 67 16
37 42 81
47 12 9
59 18 71
33 38 3
51 3 31
4 3 96
41 27 58
61 1 50
36 21 12
41 9 45
11 35 72
15 47 87
56 41 71
19 34 44
19 17 51
54 20 11
35 54 62
47 35 91
57 62 54
37 71 57
8 28 11
50 62 82
58 21 31
53 24 74
69 12 25
41 21 81
67 2 59
55 38 18
28 46 81
21 11 38
4 42 36
59 71 90
24 46 30
45 4 32
21 64 20
6 48 30
12 7 70
2 28 55
69 47 58
2 44 85
53 30 84
45 57 57
62 69 32
6 66 4
60 69 60
18 37 29
65 48 31
64 62 10
52 57 29
18 69 84
15 68 10
56 5 69
27 63 81
38 61 64
9 21 9
13 52 53
43 39 52
70 71 91
52 3 31
26 41 71
1 59 1
15 23 29
48 59 14
28 57 99
56 70 7
40 60 38
44 56 44
16 23 49
39 14 51
24 47 20
41 19 75
43 70 56
56 29 80
7 17 9
58 35 80
64 47 60
46 62 65
21 27 33
19 39 38
15 28 30
10 33 78
46 59 63
32 12 24
16 56 53
61 30 76
70 30 33
32 48 69
59 47 62
4 40 56
31 1 81
36 1 89
28 27 13
31 23 21
32 57 46
11 18 28
10 35 13
69 27 71
40 50 34
66 42 47
13 43 52
71 18 96
19 67 38
16 37 34
67 41 14
58 36 67
23 64 47
59 30 64
17 32 54
1 29 20
20 66 16
70 11 98
10 56 67
10 70 92
6 66 68
17 15 2
25 19 88
8 69 54
5 30 28
24 31 51
61 49 4
6 7 50
50 51 52
70 42 11
63 54 64
9 41 35
62 37 68
8 4 47
44 26 5
9 2 77
38 49 46
2 37 89
13 11 55
71 58 50
9 27 90
51 38 43
42 42 63
45 55 53
69 40 78
68 11 42
6 59 69
41 62 30
40 47 28
11 8 72
57 17 17
17 71 48
42 69 55
70 20 11
41 8 80
4 14 96
61 57 26
23 18 82
44 8 34
2 67 91
56 59 70
4 29 84
20 34 16
27 15 8
59 70 64
43 51 71
1 68 48
39 35 74
7 44 10
30 20 91
20 2 2
28 7 76
16 12 99
56 10 93
12 63 59
45 16 96
65 25 75
33 5 80
58 21 60
56 49 72
2 45 7
23 19 50
68 8 81
1 36 20
65 32 95
58 8 72
11 26 60
64 25 100
31 39 45
63 47 66
40 65 56
55 56 82
70 28 65
59 10 0
27 19 39
24 68 76
17 22 93
12 71 33
9 70 16
41 54 10
49 14 81
26 7 28
33 53 64
22 67 58
64 44 25
10 70 56
34 6 6
52 50 95
24 52 75
58 44 49
14 20 60
66 31 89
6 32 82
35 54 61
70 71 58
9 68 77
45 51 70
39 67 67
19 35 87
15 26 84
64 55 40
30 62 94
23 56 28
59 15 72
59 53 30
45 32 64
29 55 80
65 51 44
36 11 0
55 63 1
29 26 88
48 12 25
32 66 21
53 51 37
44 18 38
15 60 1
35 8 72
31 31 90
33 32 65
35 1 97
47 32 79
46 16 30
26 13 81
9 57 98
45 24 67
8 69 60
65 46 51
22 8 81
3 67 81
51 37 35
70 33 47
63 55 89
24 44 7
24 67 39
45 8 60
19 47 55
10 42 23
68 3 83
68 44 61
66 36 88
40 53 23
61 48 76
71 18 38
26 33 55
26 9 13
16 29 10
34 71 47
65 65 31
28 7 76
20 47 31
13 70 43
70 56 92
40 46 51
61 24 12
63 25 7
23 46 85
9 5 69
7 39 39
31 5 64
27 14 92
15 9 36
39 8 72
18 48 51
8 55 75
62 24 79
68 46 56
29 71 9
52 35 69
71 67 67
37 45 74
2 28 83
70 35 53
58 67 88
21 63 89
43 70 49
18 58 32
7 69 50
7 67 98
51 60 40
38 65 91
69 8 18
16 40 4
61 28 2
66 42 18
3 51 21
35 30 92
49 6 2
21 68 5
36 2 83
57 31 22
59 32 1
16 55 64
71 8 65
68 36 33
66 69 38
33 16 22
48 19 30
41 37 83
47 17 92
31 68 100
52 11 46
19 66 63
69 44 20
35 71 59
18 8 6
30 24 3
45 5 100
1 51 83
11 33 40
30 43 6
61 9 96
38 19 47
43 54 15
55 59 12
60 4 57
40 60 58
21 32 81
59 69 71
6 45 6
45 61 89
15 10 92
2 58 66
5 11 72
58 58 47
70 37 6
43 71 30
52 46 73
56 41 31
61 55 72
29 63 41
42 24 68
13 13 77
69 64 10
21 49 84
42 54 28
53 32 90
24 19 83
3 6 19
6 19 75
29 7 30
54 28 5
66 15 4
24 44 16
50 71 86
53 52 24
29 66 43
45 7 69
53 64 37
59 66 89
25 34 64
57 15 35
56 44 29
18 67 69
4 9 59
53 56 82
14 51 85
39 61 14
57 28 32
22 34 46
20 68 23
45 26 57
47 60 34
35 35 55
26 15 74
42 13 75
67 48 75
3 20 35
58 32 3
4 68 10
27 34 67
45 36 57
19 20 92
66 31 83
4 6 16
34 40 32
10 58 12
56 56 41
38 4 68
61 23 56
63 68 29
29 40 64
52 32 89
68 69 81
70 46 96
9 37 76
42 7 23
7 11 42
35 14 19
60 31 58
43 3 69
12 48 77
35 9 38
11 41 74
34 16 49
60 45 17
66 66 12
51 23 17
52 45 87
61 38 47
45 52 29
65 22 69
10 9 9
42 68 33
37 68 80
30 4 22
68 4 21
35 45 98
21 2 54
13 56 0
38 14 37
22 17 84
69 9 52
3 7 94
59 31 74
2 2 13
23 35 25
58 39 63
59 51 15
70 17 65
65 30 85
54 28 19
54 55 25
51 63 8
18 34 39
45 4 53
67 47 54
16 25 76
29 11 57
55 70 80
28 26 76
71 63 46
67 12 62
65 4 30
33 63 44
63 68 90
11 15 2
55 39 88
32 35 61
35 70 99
66 44 56
28 46 77
51 7 89
64 4 73
43 31 69
2 44 25
55 68 53
65 33 78
51 60 26
61 21 72
26 17 22
67 18 62
53 66 12
69 49 94
51 69 44
17 17 13
54 4 7
21 37 64
10 36 3
26 68 98
66 42 20
30 12 69
63 47 4
57 44 91
23 54 73
44 34 53
68 63 100
9 3 16
18 38 64
20 5 59
8 18 31
32 15 41
11 13 87
64 26 83
27 19 41
48 49 94
64 53 89
65 36 73
58 42 71
64 20 97
65 39 78
22 41 30
21 12 64
8 42 50
25 46 29
64 9 94
44 35 27
68 22 89
37 37 44
26 52 12
3 66 31
13 34 6
13 58 57
42 13 54
23 26 46
69 70 17
14 47 99
3 32 87
48 38 38
37 71 3
66 57 63
2 39 27
13 51 89
19 25 64
27 70 33
14 2 70
52 71 96
61 54 68
45 61 65
37 36 14
32 65 78
45 32 69
34 41 27
50 59 58
11 21 95
20 61 43
11 62 55
54 23 42
22 52 33
65 8 59
27 15 74
7 42 46
44 58 55
46 46 74
30 23 70
36 47 71
4 22 80
46 12 38
55 12 48
55 31 68
9 35 55
67 55 42
32 20 93
60 57 100
43 57 45
51 65 29
26 64 2
55 55 30
69 23 36
54 42 69
6 31 98
68 48 90
27 37 33
14 65 70
57 1 94
10 1 60
65 47 100
65 63 61
48 24 8
37 53 78
26 43 80
8 10 75
35 7 37
54 1 50
55 62 76
68 62 24
37 34 4
45 42 16
44 23 94
22 24 42
9 50 0
63 31 24
20 49 76
63 37 27
7 43 44
22 30 98
5 65 72
33 60 24
14 34 23
12 61 95
17 4 30
63 14 22
10 4 30
39 29 4
36 1 1
3 38 52
9 10 67
13 51 33
2 41 100
5 47 21
37 10 0
63 47 55
2 38 41
28 21 13
25 53 99
44 4 50
27 37 77
28 20 34
63 37 54
49 18 53
56 20 84
62 42 95
10 61 6
70 6 71
38 23 64
37 43 54
19 59 0
58 62 55
65 70 99
4 39 67
19 62 44
65 42 30
43 54 27
60 23 4
21 12 53
65 28 30
65 71 60
71 11 44
35 25 6
67 5 64
26 45 45
33 30 47
25 53 39
27 13 39
20 32 51
36 69 80
56 31 41
69 56 9
18 69 25
28 50 31
38 44 56
49 21 8
35 5 52
44 71 36
38 25 84
12 40 13
55 60 10
44 43 17
30 28 43
33 30 20
14 34 9
68 63 99
24 65 31
40 25 48
10 56 60
28 29 45
40 8 0
68 49 98
65 11 88
21 40 50
55 12 42
4 58 26
20 48 21
34 42 59
65 5 26
18 17 10
55 59 98
8 2 2
68 2 69
10 30 30
11 14 70
40 48 95
4 58 93
64 47 73
63 41 9
16 39 87
61 71 24
5 44 45
21 1 42
44 21 18
7 9 47
12 12 57
51 24 51
35 12 88
32 2 77
48 45 94
58 18 45
31 40 23
41 9 55
58 47 6
71 7 77
40 34 52
50 19 74
45 17 83
41 56 45
6 54 82
4 25 62
39 44 66
63 45 30
51 51 41
24 3 5
31 14 56
58 67 41
42 31 54
42 2 92
61 45 0
23 52 77
53 16 40
35 60 88
60 42 49
63 56 18
42 46 54
64 17 83
41 2 41
65 3 24
63 13 29
1 24 88
60 68 53
42 71 80
2 45 70
38 24 41
64 1 17
65 37 24
58 43 9
56 33 73
24 16 87
36 27 68
67 56 41
48 20 37
2 63 12
49 24 55
55 57 77
52 47 95
16 33 67
64 51 56
27 66 94
63 6 28
24 60 11
27 31 78
47 67 69
44 71 3
9 30 98
56 31 30
17 59 28
39 24 16
9 55 65
69 43 89
19 8 47
53 39 94
48 69 54
26 49 46
24 11 69
16 54 29
64 55 57
38 8 36
32 42 56
31 52 79
24 17 79
54 5 72
22 49 65
54 63 41
20 34 74
67 69 35
41 34 22
20 47 2
60 44 83
3 55 10
63 55 46
19 49 20
30 15 87
58 47 50
58 40 20
20 52 75
8 42 51
47 34 1
66 16 42
57 29 9
71 70 33
55 36 62
45 47 88
49 4 45
55 26 59
71 51 6
49 28 55
70 22 37
53 21 14
70 40 25
19 3 2
57 10 3
23 22 91
35 55 74
10 50 81
26 45 59
44 45 88
10 2 94
24 28 12
32 37 12
48 12 63
60 11 87
21 25 97
44 34 31
32 1 73
42 25 33
32 66 19
24 34 71
34 13 60
45 51 92
45 30 1
37 61 18
12 6 64
63 58 20
64 66 27
17 62 12
55 66 74
21 18 9
39 20 14
55 56 26
48 18 43
42 41 13
32 34 38
66 68 29
33 3 41
23 47 21
69 19 19
46 23 69
10 32 4
33 39 7
11 45 10
1 22 31
8 48 5
58 47 45
62 49 82
30 64 72
70 60 83
63 35 79
13 57 67
33 57 35
31 60 65
22 15 90
70 15 12
45 33 96
24 22 92
43 2 98
60 37 67
6 46 86
24 38 39
2 17 84
38 34 84
6 61 2
10 47 62
62 66 28
41 31 27
48 39 6
36 46 40
23 12 97
1 71 12
58 15 46
49 57 89
57 5 16
71 55 7
8 53 84
39 57 48
32 62 34
3 38 92
52 26 95
64 45 91
4 5 45
3 66 42
14 27 78
50 57 92
51 19 18
19 42 82
10 27 88
1 51 63
65 17 83
12 31 35
19 49 76
7 6 37
64 25 41
27 22 53
1 9 19
63 61 52
40 23 8
44 26 11
50 30 58
47 64 85
70 71 14
9 54 94
12 65 61
63 32 21
52 49 13
54 59 20
14 15 15
29 19 67
13 8 83
27 25 66
13 11 1
24 45 34
50 6 97
31 69 98
61 4 83
37 63 59
25 33 33
29 52 18
10 14 37
31 15 39
36 71 27
29 13 86
11 65 13
54 45 90
42 5 79
70 62 64
16 4 75
67 37 60
40 39 98
65 47 6
37 18 76
48 9 62
21 9 20
54 43 99
6 29 78
10 68 95
39 68 53
15 16 90
2 49 93
10 63 78
31 34 0
42 22 96
68 29 38
47 29 18
41 40 7
12 41 66
45 59 1
45 32 74
11 48 23
66 3 35
57 59 83
46 37 96
55 29 36
4 49 1
30 66 50
1 18 56
50 45 73
25 64 7
70 1 11
39 44 96
2 27 48
17 49 7
33 59 23
57 18 47
47 56 97
4 54 64
1 8 57
42 49 16
18 70 45
71 65 88
50 61 3
12 37 34
38 59 83
36 18 24
61 15 93
39 64 9
49 39 60
32 24 53
37 57 57
23 35 31
38 71 10
3 8 42
25 45 58
29 14 22
57 4 75
33 25 90
7 65 57
39 9 36
58 2 85
47 61 28
8 17 16
20 36 34
21 44 20
50 56 87
50 7 32
60 58 5
69 34 55
56 48 26
34 57 55
10 62 7
37 28 57
47 17 9
49 70 53
71 12 30
55 57 7
9 53 46
19 35 3
65 23 38
14 6 41
59 57 43
24 17 43
26 39 14
23 60 48
42 55 55
9 25 90
19 45 21
28 5 65
61 1 85
38 54 27
8 36 66
34 2 59
16 66 23
70 62 24
66 59 12
62 5 82
61 14 89
16 10 7
4 61 93
39 69 40
25 2 27
9 47 23
35 40 3
55 20 17
47 2 77
51 1 69
6 59 99
30 56 34
42 4 8
7 7 51
67 17 0
36 17 50
22 32 99
53 38 22
4 52 99
60 59 23
2 71 88
37 7 2
41 1 11
4 7 88
28 69 48
28 68 73
31 50 24
10 10 20
35 68 37
44 68 14
40 39 33
38 39 10
43 12 40
61 14 21
20 6 49
13 21 32
57 47 6
43 18 8
7 45 54
9 22 8
23 39 41
63 36 99
66 46 10
49 67 5
11 12 8
62 53 62
7 40 56
15 8 91
18 53 55
16 18 29
16 54 46
61 64 56
35 1 59
71 27 16
27 29 23
70 19 80
5 69 66
50 46 26
20 11 27
19 48 80
3 38 70
39 30 10
36 70 63
15 66 88
18 61 39
17 42 18
58 49 9
7 52 42
58 45 7
50 39 51
12 55 24
25 46 73
61 38 77
44 48 10
3 58 78
52 15 48
16 54 97
51 4 7
7 35 27
7 56 75
28 6 26
6 5 67
13 63 8
40 15 100
52 16 86
10 7 45
39 47 4
8 19 38
59 15 53
54 43 40
29 23 29
15 49 29
44 66 72
66 5 83
28 55 32
2 2 6
37 29 64
60 61 13
36 37 93
70 62 12
52 15 75
19 63 90
49 37 90
69 67 10
27 12 86
46 26 92
70 43 48
46 19 69
26 13 73
20 39 5
65 43 2
13 27 24
64 58 2
34 57 11
56 70 26
45 16 39
11 19 90
41 41 98
49 33 12
1 19 15
33 26 51
18 18 88
44 56 25
24 71 42
6 9 45
33 42 45
4 63 36
26 53 66
35 63 69
69 45 90
50 69 11
69 37 21
36 62 55
15 71 56
28 17 43
16 29 78
63 6 98
4 6 51
19 26 12
38 41 61
18 38 90
60 44 19
58 53 33
45 3 67
22 19 51
25 29 6
29 35 29
12 45 92
56 66 91
71 33 81
13 26 22
3 69 24
47 38 26
10 46 63
50 12 49
67 15 78
32 57 42
33 44 58
46 42 31
55 69 72
46 24 82
55 50 3
21 71 64
48 56 79
54 19 94
38 2 78
57 8 91
70 53 92
20 25 69
17 68 17
33 37 98
27 26 97
52 42 52
15 39 55
22 11 34
63 64 38
37 49 15
38 1 67
64 29 36
54 31 10
22 17 14
15 61 94
12 49 21
13 42 33
2 19 73
55 37 80
36 15 72
18 47 76
62 24 68
56 43 26
41 38 42
70 43 41
62 53 11
14 70 79
46 12 38
9 2 25
52 20 42
23 36 78
14 11 51
65 12 24
24 38 81
66 53 40
10 43 70
12 44 35
54 60 15
57 38 66
12 24 86
38 9 82
63 20 15
44 60 79
48 23 57
30 62 78
3 31 84
6 16 33
40 44 11
13 60 69
3 42 10
54 13 72
59 50 5
34 35 60
45 58 80
62 67 2
34 46 55
70 40 95
29 4 40
1 40 12
47 43 12
60 62 39
23 70 49
52 22 75
43 15 59
21 30 6
52 43 41
13 62 88
65 13 37
59 6 13
33 34 88
44 45 52
32 12 31
27 64 51
7 18 47
4 21 97
45 30 86
45 31 10
68 67 26
39 29 89
4 13 8
31 70 17
4 70 88
7 44 95
38 36 0
54 41 37
13 4 86
55 64 81
22 16 20
65 56 65
65 11 28
62 44 69
55 1 52
54 14 26
3 47 69
70 55 83
61 67 63
13 53 28
2 1 86
28 27 50
27 66 42
17 21 57
6 28 26
16 58 56
33 60 80
33 29 3
19 48 85
11 63 48
15 32 10
23 64 59
46 27 70
46 47 48
4 13 44
7 56 20
25 26 76
5 34 21
35 43 47
16 40 95
6 37 44
6 44 3
19 60 53
11 16 89
31 64 11
14 37 86
63 50 14
20 12 27
7 57 53
30 41 10
37 61 24
21 65 34
49 47 78
19 70 38
11 42 72
17 37 69
2 13 42
54 67 67
57 62 0
69 61 7
61 47 77
71 21 28
24 51 6
62 23 4
25 43 44
34 45 92
57 22 60
70 36 79
3 6 77
23 1 49
42 71 74
65 63 5
4 30 68
71 12 58
56 33 31
19 61 13
30 7 3
20 53 68
34 36 44
20 15 18
19 5 58
29 58 62
66 21 19
4 16 31
3 64 3
60 1 81
62 70 47
43 59 38
59 10 99
68 53 19
21 8 32
25 35 38
55 16 50
39 24 3
33 10 36
9 1 63
67 44 79
16 24 98
18 3 15
45 67 50
15 1 15
56 9 92
51 58 48
61 51 23
67 46 18
19 34 76
44 23 100
2 46 93
48 35 94
14 65 94
35 63 73
5 1 3
2 27 41
31 67 37
14 27 38
44 33 80
24 38 79
36 32 29
15 71 31
5 2 36
11 19 7
7 61 93
4 51 73
14 38 78
20 24 7
38 67 12
41 14 55
25 36 82
69 50 8
9 15 37
11 50 84
20 28 52
54 28 47
55 26 87
55 18 77
71 2 87
53 59 11
16 27 33
52 2 63
29 42 88
31 56 47
63 58 8
29 60 25
28 38 23
32 57 60
3 60 30
14 8 86
57 67 100
50 58 45
67 63 55
59 44 25
24 49 17
59 20 34
6 58 12
32 15 87
26 18 17
3 67 28
41 15 60
11 67 3
22 48 43
41 19 66
39 3 79
71 31 49
61 50 57
38 69 50
63 66 88
50 39 5
19 36 14
44 17 11
58 42 55
30 35 95
41 52 69
21 46 7
7 25 31
16 71 13
36 69 50
20 45 75
60 54 33
39 22 80
11 35 70
10 33 71
12 43 49
30 65 70
3 14 16
57 41 96
26 2 49
10 30 2
61 64 56
7 66 68
6 26 26
13 2 14
14 44 59
42 69 88
63 3 86
4 16 13
2 13 98
15 68 31
4 44 73
33 6 20
38 45 11
58 65 36
37 51 7
13 68 27
66 5 13
19 49 95
31 40 49
33 37 36
3 59 89
64 28 47
40 24 30
49 43 52
66 34 25
40 46 50
40 35 21
47 71 44
56 45 54
12 19 61
69 57 17
1 36 12
66 56 100
64 10 59
23 56 57
15 46 7
47 48 76
30 48 11
46 57 14
27 61 91
8 51 64
31 68 22
40 66 38
70 18 43
44 49 62
54 40 55
29 19 4
58 71 62
3 48 6
51 33 2
21 47 19
10 12 87
11 61 76
23 54 41
68 45 1
53 33 50
5 53 60
56 69 3
56 7 5
21 7 67
9 62 32
12 13 48
38 23 80
18 68 73
71 15 62
21 25 11
25 69 71
19 43 93
56 36 74
13 29 76
27 23 20
55 70 8
12 46 1
48 6 85
70 68 1
18 40 39
21 46 36
1 42 89
11 45 4
26 37 62
50 42 41
31 37 4
66 68 71
56 19 41
30 4 84
14 47 20
65 3 25
49 14 34
15 47 24
35 36 80
62 41 53
4 35 96
40 42 35
14 59 30
16 50 40
22 40 2
52 34 66
34 23 10
5 42 57
62 21 68
10 71 64
41 32 20
54 67 51
55 5 11
68 63 17
22 63 3
19 32 99
19 43 9
22 22 84
19 9 8
68 8 11
12 53 54
65 63 18
42 22 49
29 66 3
34 52 69
60 52 15
58 12 51
26 29 71
14 64 78
52 10 28
17 56 53
10 55 37
47 40 26
38 13 33
53 30 28
59 64 53
61 36 88
66 67 41
7 54 17
17 30 74
9 45 22
53 23 92
71 17 89
36 32 51
53 26 54
66 58 74
46 25 91
47 58 89
2 2 95
24 15 40
27 69 39
47 60 74
57 16 28
60 49 47
54 19 63
44 15 84
55 4 27
67 29 6
9 45 1
23 66 7
52 39 71
47 42 39
37 56 23
19 10 50
65 53 96
34 58 75
35 63 19
49 56 12
62 17 76
48 66 24
9 21 72
28 29 51
42 12 30
3 65 35
31 32 23
30 70 60
54 2 7
17 25 91
58 67 86
53 4 49
39 40 76
1 47 22
22 49 55
45 65 89
9 62 42
65 5 43
61 54 46
21 37 53
55 21 62
45 65 26
50 38 41
63 15 95
38 66 16
56 65 80
49 66 18
18 56 4
41 40 78
54 31 94
17 61 27
53 9 62
44 39 80
13 59 61
70 39 89
67 44 87
26 71 60
67 32 4
39 68 70
27 7 12
50 70 58
54 66 48
63 41 54
30 61 78
63 3 73
66 52 30
14 34 84
61 20 93
17 62 14
51 12 31
18 9 79
70 55 20
5 7 8
23 23 77
54 44 40
15 17 92
44 44 30
39 41 35
71 7 94
29 31 33
31 44 88
47 54 7
65 48 30
34 41 90
40 42 76
67 1 5
32 5 60
6 19 52
4 57 65
59 65 42
43 58 75
26 51 39
14 71 2
2 36 83
58 42 89
66 39 94
6 23 42
44 19 46
20 19 3
60 56 73
39 55 28
3 9 44
48 47 15
5 71 65
56 50 92
59 70 93
11 56 73
41 28 51
51 6 43
9 37 43
42 45 27
27 34 93
23 43 77
35 19 13
43 24 57
70 47 27
34 57 4
41 63 18
50 28 54
63 51 86
58 62 89
37 36 24
40 21 88
28 13 65
45 50 54
25 38 87
30 58 8
60 4 35
14 29 83
43 63 35
70 51 43
54 11 60
49 33 32
65 7 21
17 42 88
54 26 38
41 64 24
34 35 41
29 12 11
20 32 19
26 41 0
27 16 3
35 23 27
12 67 54
3 19 37
32 12 96
39 44 90
66 58 54
30 70 70
67 60 68
21 67 15
15 32 100
18 1 65
19 53 61
69 62 56
43 15 9
12 35 40
47 70 14
32 35 58
4 70 62
24 24 31
22 66 47
59 11 86
19 2 28
42 9 37
38 18 9
33 8 3
8 15 59
40 5 9
71 53 23
45 6 32
54 40 42
62 14 61
64 47 73
46 29 28
5 35 13
33 32 1
51 35 17
6 66 60
39 27 93
46 16 42
9 23 32
15 13 67
54 7 73
39 47 16
59 27 94
4 16 33
14 63 91
53 45 2
47 27 74
36 26 9
55 40 54
41 16 62
10 40 12
37 43 63
47 65 0
29 20 18
22 54 66
18 26 49
69 69 19
30 12 38
43 61 72
44 5 12
34 20 56
20 61 98
67 25 63
60 41 90
51 30 84
30 5 37
30 1 26
51 31 51
47 38 11
54 70 53
27 55 94
56 32 5
5 33 57
26 58 53
26 31 96
46 17 71
30 52 19
2 15 95
50 51 34
8 43 61
40 48 10
4 21 91
33 48 45
62 60 61
57 16 42
43 57 17
61 61 54
63 32 85
2 19 80
24 53 92
68 19 52
56 61 31
1 40 97
30 22 97
35 22 46
57 71 98
6 49 2
56 8 56
47 17 54
8 69 99
46 29 25
40 2 100
11 46 46
54 6 6
35 32 74
64 4 75
37 14 76
19 71 24
45 45 1
36 11 87
64 36 20
47 59 38
21 59 51
64 57 71
41 67 42
60 20 14
8 18 65
63 61 36
1 52 43
5 30 48
58 57 73
1 64 39
11 44 63
15 27 69
1 51 93
63 10 61
16 4 53
7 18 67
32 62 22
34 47 4
32 35 11
3 6 90
36 70 94
12 31 42
10 30 90
19 26 20
15 8 14
62 37 72
27 17 73
1 56 50
21 60 39
28 13 62
71 58 15
32 8 94
12 14 16
17 9 95
53 57 82
39 7 12
44 14 26
17 68 44
55 44 13
62 19 54
50 34 100
47 23 40
54 62 37
41 55 6
12 36 69
2 52 5
38 46 69
18 29 36
32 14 20
26 60 71
55 60 97
30 2 63
55 12 20
65 47 6
15 42 31
59 36 76
18 46 41
34 67 22
33 25 61
48 7 5
63 4 30
47 62 16
37 13 61
46 70 3
53 39 68
18 51 94
14 31 28
16 9 94
64 10 28
63 68 72
27 56 52
54 69 94
59 22 31
1 21 41
56 16 37
17 28 28
22 1 45
68 24 58
37 46 40
43 69 73
1 37 93
28 65 81
42 7 88
24 54 8
41 49 56
32 31 82
30 47 88
25 51 77
32 29 87
33 46 93
55 45 46
48 44 49
71 24 67
6 44 62
44 49 56
23 31 74
61 23 87
9 4 39
5 59 26
19 67 49
9 2 19
26 71 16
18 34 54
42 31 35
17 32 11
21 47 80
52 9 62
13 54 18
20 54 36
42 1 63
67 10 69
32 64 69
31 27 55
35 12 100
56 63 46
70 67 69
46 18 97
46 61 20
5 11 82
10 8 4
34 61 52
6 36 41
55 32 65
4 18 43
21 8 37
13 47 24
15 65 56
33 64 35
50 45 74
2 55 42
37 50 3
14 57 20
4 53 91
30 43 38
1 70 20
43 36 22
52 15 53
20 61 83
34 24 41
2 46 65
5 44 53
40 47 77
23 52 16
67 43 45
23 63 44
43 70 32
16 40 17
50 66 35
17 29 82
48 22 40
46 42 45
63 56 15
60 45 11
7 71 10
24 28 91
37 7 48
38 17 24
16 4 43
64 70 78
64 20 46
57 11 50
14 37 50
43 39 72
48 46 2
1 3 82
8 41 60
37 43 62
32 1 76
1 2 37
18 62 63
30 60 36
3 71 55
48 65 1
20 69 73
60 37 1
8 68 46
41 61 15
51 58 21
48 18 26
71 56 54
17 42 98
67 40 21
57 39 16
48 56 44
61 34 7
57 11 38
60 27 27
29 33 29
38 67 6
20 47 71
68 35 92
27 65 92
1 19 59
59 4 51
25 45 23
38 12 41
63 39 77
52 6 72
56 46 98
11 52 93
38 35 19
70 21 26
27 66 44
9 68 78
17 21 83
68 36 34
30 9 99
65 20 47
35 51 48
56 16 51
66 60 86
34 20 20
6 11 75
11 46 10
33 42 43
70 8 2
49 23 53
71 43 45
5 38 10
48 60 52
12 61 58
10 14 77
29 42 28
39 42 81
36 69 62
13 15 74
52 71 34
49 52 32
12 57 3
61 41 24
6 31 52
9 27 47
45 22 22
57 21 66
46 7 94
58 64 26
66 59 94
37 46 63
45 51 44
12 24 44
46 37 39
59 59 42
47 1 87
67 63 84
56 21 92
19 70 16
50 21 81
48 51 76
23 12 33
70 39 46
20 19 11
67 67 83
32 70 48
30 14 40
67 65 77
66 40 53
55 64 41
37 63 83
50 30 66
18 28 26
65 16 37
24 64 35
58 21 59
14 44 91
32 24 40
37 43 63
68 13 44
24 26 92
2 71 26
49 42 70
57 66 28
43 27 66
68 71 5
61 21 55
38 13 6
19 55 42
68 12 69
34 21 11
59 19 91
1 34 29
39 17 1
43 55 42
14 20 33
35 49 91
29 53 40
32 3 58
69 46 82
65 38 71
46 25 1
7 6 84
9 33 60
33 68 22
54 10 97
18 12 85
47 44 61
39 7 48
70 43 37
34 38 90
35 15 92
34 10 69
61 45 66
68 26 86
67 67 1
59 4 63
47 34 87
64 31 90
14 37 1
37 59 47
54 55 74
20 43 34
23 9 44
44 20 1
2 59 83
15 44 23
69 36 9
14 14 46
14 64 96
25 66 40
44 33 47
60 48 26
21 16 64
15 60 21
61 32 39
47 62 72
66 52 47
70 60 16
32 54 7
55 28 24
71 18 48
38 71 4
63 38 62
51 12 54
62 69 97
39 58 50
55 33 72
24 36 15
25 69 39
1 5 86
12 2 15
64 44 2
68 71 18
31 23 87
63 35 19
39 65 11
16 30 71
46 1 70
16 12 10
43 55 20
1 48 68
71 61 10
49 40 34
63 41 36
14 6 74
12 22 79
49 34 13
27 23 79
16 9 99
11 52 39
17 8 54
61 3 100
12 38 77
3 32 60
18 52 14
13 45 45
38 46 96
35 47 19
49 48 2
38 24 28
64 8 43
17 11 19
71 28 70
51 31 60
63 45 62
67 9 33
31 1 1
17 11 50
31 44 31
22 36 51
3 52 35
63 67 87
11 44 9
2 49 6
49 47 63
11 22 44
13 11 94
19 52 78
26 29 73
19 15 99
71 21 5
48 67 26
21 5 67
13 37 30
65 65 100
65 68 92
8 48 43
42 65 40
33 49 37
40 27 64
58 22 19
50 40 33
40 11 97
46 49 8
11 8 74
32 19 27
33 27 5
7 5 3
5 26 85
34 50 90
56 11 100
5 11 25
66 66 19
63 31 19
70 50 64
62 8 80
62 70 9
43 27 20
27 18 8
62 26 81
41 60 91
8 9 37
14 7 71
50 66 13
5 5 19
35 20 49
40 66 62
37 10 28
34 35 72
26 41 40
20 36 88
22 25 67
70 42 2
71 50 90
63 2 20
26 54 9
5 32 16
52 57 61
11 57 100
32 36 93
8 15 72
36 17 76
15 66 82
25 45 38
62 56 29
2 13 97
68 21 73
49 45 97
9 20 9
8 55 62
20 62 22
22 44 88
70 13 23
60 24 53
27 23 39
48 33 2
15 38 90
69 50 68
14 22 79
57 14 87
58 40 59
37 28 47
54 64 11
2 51 26
51 21 90
36 48 82
54 20 53
34 38 17
7 30 70
21 30 70
4 24 37
57 10 57
5 19 71
64 27 32
36 68 52
6 15 27
20 42 64
32 21 95
42 9 74
30 40 37
7 57 55
31 64 94
46 11 60
69 67 39
14 41 8
39 61 55
44 44 2
19 47 57
44 66 69
9 12 70
55 63 37
13 67 72
1 39 96
52 26 66
48 4 68
57 34 56
16 49 78
12 63 23
28 8 55
7 17 66
42 58 90
3 17 14
56 27 57
17 69 19
46 15 0
46 50 57
21 30 59
49 49 16
5 60 56
62 9 95
35 24 98
56 7 95
9 24 97
17 45 63
46 59 67
15 60 12
54 67 70
31 27 4
44 39 97
34 66 7
23 51 51
65 67 21
6 46 94
43 52 79
31 27 6
21 48 1
67 40 11
34 34 80
34 38 22
59 14 51
24 25 5
28 16 28
60 12 14
71 3 7
42 10 44
8 25 65
55 56 84
11 51 27
70 44 18
10 34 21
40 27 71
48 16 76
24 34 70
19 15 79
15 12 44
4 22 49
51 24 9
31 69 26
15 69 10
61 22 14
46 38 5
35 4 45
44 26 42
48 21 59
49 52 74
38 35 91
64 16 46
14 49 60
37 28 92
46 26 39
5 10 35
17 65 30
32 34 6
36 62 16
5 58 65
25 23 10
18 55 27
1 68 44
41 53 56
12 66 97
60 71 16
63 39 44
38 19 5
64 21 22
63 32 15
5 51 11
9 7 61
21 51 54
46 50 72
4 70 37
70 7 18
22 52 50
37 64 54
60 9 28
70 28 52
6 31 0
4 28 76
68 53 82
48 40 5
71 2 50
33 66 53
49 45 88
26 23 85
1 55 52
67 43 79
42 47 83
33 59 45
29 22 41
12 21 83
58 57 70
27 58 57
62 54 94
70 11 11
67 35 77
17 58 92
13 22 18
70 40 50
16 19 28
21 33 73
22 5 6
39 45 60
36 46 41
37 39 64
31 34 25
48 63 17
18 38 77
6 22 1
21 37 39
30 4 67
26 43 12
33 7 6
67 34 82
64 64 36
53 41 95
29 29 1
47 1 34
24 35 62
61 10 17
14 5 41
45 64 64
21 44 29
49 14 22
51 57 34
56 43 24
22 57 30
57 30 2
27 48 93
61 28 49
38 37 88
35 25 80
60 6 62
21 5 65
61 31 1
16 59 72
12 22 100
71 3 9
8 43 11
55 4 77
57 46 18
55 47 42
62 19 85
54 53 33
32 58 3
65 2 67
2 33 77
50 24 41
65 18 69
43 20 23
34 39 20
36 69 49
24 10 23
44 50 98
11 39 33
1 58 42
22 33 45
63 56 71
42 60 71
34 4 90
6 47 5
61 66 1
38 30 35
30 18 30
46 24 66
26 60 10
25 6 42
49 31 5
20 9 62
66 45 21
29 2 0
48 53 78
16 67 37
29 66 56
23 51 37
49 30 87
18 69 85
31 62 19
10 11 5
18 63 24
26 16 31
9 49 88
39 57 33
52 59 46
67 29 42
7 3 13
62 56 6
34 46 36
7 44 54
35 43 93
27 18 1
35 48 100
70 68 58
54 31 66
4 52 98
21 8 59
17 6 84
36 71 54
8 14 50
24 34 53
8 36 70
20 13 30
50 6 94
37 1 92
45 53 0
35 25 3
37 17 2
12 32 100
68 6 71
45 32 52
41 64 48
58 2 55
63 13 91
31 59 27
6 66 3
56 38 17
2 4 35
68 66 30
10 67 4
1 71 74
16 6 32
23 22 25
7 15 61
65 13 80
7 65 12
57 48 31
17 24 73
13 64 57
62 50 71
42 42 30
41 1 11
50 2 68
65 51 23
18 21 59
52 38 43
10 41 97
38 48 61
50 62 84
2 57 29
55 19 91
7 65 15
23 24 83
57 2 26
42 26 58
24 37 4
43 50 66
64 18 55
65 67 8
39 68 18
16 5 23
17 32 28
59 37 91
3 49 61
36 8 81
68 71 57
22 1 68
69 17 65
60 45 91
24 36 56
66 28 33
36 6 39
30 7 2
36 31 34
19 17 41
60 58 8
13 22 81
57 3 50
43 36 33
43 20 76
5 31 72
18 37 37
40 59 68
46 38 4
66 25 28
22 17 58
39 27 71
20 12 92
43 57 54
12 52 28
27 71 5
28 57 93
3 65 16
70 51 26
27 13 84
5 21 25
38 10 48
4 4 70
53 14 92
38 59 43
28 31 37
45 62 35
9 15 5
57 48 59
46 35 60
68 69 47
39 26 2
4 43 91
40 17 22
58 15 58
20 13 8
53 13 11
5 66 19
29 45 15
10 53 26
4 18 58
39 36 9
51 44 53
30 23 47
69 37 24
21 4 68
27 69 88
33 51 33
33 2 43
51 41 85
60 69 89
30 19 16
5 54 23
22 37 93
18 67 49
59 24 66
15 64 5
43 33 67
37 36 96
10 56 10
7 28 61
59 11 17
26 58 97
7 49 22
45 48 21
70 57 59
16 32 57
55 23 90
4 1 43
38 13 55
39 40 22
42 9 51
14 46 25
63 2 46
48 49 21
50 24 53
27 39 37
30 59 13
27 15 17
33 16 55
39 61 34
49 63 56
56 27 54
66 31 15
70 68 56
8 21 56
20 27 13
47 44 96
62 65 47
18 21 76
32 58 18
6 30 97
35 48 29
29 69 17
32 55 53
33 45 7
45 25 32
17 33 19
5 10 82
69 69 12
60 29 53
50 69 85
40 59 89
40 51 18
30 39 94
22 24 61
67 21 64
46 23 69
12 48 20
44 70 21
21 24 19
49 49 75
29 17 15
38 27 10
30 71 5
14 44 70
70 57 36
45 35 56
48 16 54
63 58 75
60 42 93
56 49 62
70 46 78
63 13 27
52 36 10
51 18 30
20 21 4
16 47 5
2 52 39
15 23 85
71 35 13
1 35 74
44 2 30
13 2 90
11 8 14
11 58 90
39 6 80
58 3 78
25 52 80
21 5 91
50 64 21
32 56 46
43 62 19
33 26 33
57 67 19
71 21 78
64 51 71
52 8 36
30 14 82
66 5 89
59 34 30
44 17 87
63 65 2
19 45 25
51 14 45
13 1 78
21 24 4
71 53 49
19 34 60
67 21 4
56 51 41
68 17 85
13 46 78
24 41 34
5 37 73
71 4 27
62 15 71
4 20 18
56 44 33
3 69 22
57 47 62
31 11 27
4 50 46
22 71 74
10 70 60
9 43 12
27 32 61
65 41 41
68 29 24
25 38 33
60 5 20
33 67 25
65 20 73
39 60 2
17 11 68
28 21 68
26 7 86
28 48 40
25 14 73
26 48 98
7 4 49
17 14 28
57 65 18
46 53 3
30 44 46
43 19 21
9 43 87
40 50 34
5 7 98
29 43 47
63 56 38
19 12 22
21 9 99
44 71 1
71 6 58
38 57 14
1 33 7
3 57 32
54 3 37
22 60 33
65 53 83
7 57 42
2 27 85
6 69 13
71 63 84
60 8 85
41 60 13
38 3 93
49 23 62
52 54 19
55 40 31
59 52 22
60 28 22
51 3 42
67 53 35
44 7 76
4 23 34
55 65 23
64 68 85
46 40 19
68 62 6
63 57 4
68 37 9
29 60 6
63 40 75
14 62 50
2 39 80
22 60 3
50 54 45
42 33 51
40 53 28
22 33 41
48 24 12
23 15 10
67 4 18
2 1 79
64 51 33
13 8 82
2 54 96
48 35 3
39 20 29
10 47 34
11 34 58
20 1 0
64 36 49
1 45 50
71 26 38
23 16 87
1 38 3
3 14 95
51 22 89
33 13 74
38 55 80
51 35 10
46 69 97
3 33 5
50 59 69
16 59 24
21 11 91
52 17 5
71 68 81
10 12 68
20 26 98
15 35 100
50 49 20
43 24 49
53 7 72
67 58 21
24 26 64
55 36 34
13 68 5
32 29 6
61 53 41
25 44 18
55 35 84
37 9 33
66 5 20
55 59 95
52 51 57
26 56 76
60 69 62
64 8 54
6 27 27
40 5 59
48 12 67
42 62 76
71 42 82
26 46 50
70 9 56
41 57 90
51 30 27
57 38 9
1 57 37
8 39 19
31 33 92
30 46 100
4 13 64
58 8 33
59 34 1
58 8 20
58 34 87
24 37 70
5 54 65
9 55 10
46 62 43
61 52 19
44 46 1
17 6 48
1 26 46
47 39 58
62 36 4
36 10 30
42 13 61
6 2 83
52 66 37
66 48 18
3 41 93
54 50 97
38 5 78
15 16 74
2 5 6
63 35 25
62 32 85
27 52 32
15 45 62
66 24 83
32 28 38
38 30 80
26 7 41
5 57 1
53 16 75
7 43 28
48 67 85
8 69 6
14 53 31
44 58 23
71 17 80
64 62 98
26 37 59
70 26 100
34 24 58
25 59 60
6 13 76
44 24 93
69 48 100
43 43 26
42 51 63
64 30 68
11 47 48
67 24 59
15 27 33
6 19 13
15 48 85
37 34 24
3 56 16
18 22 17
24 33 20
2 25 73
52 16 50
18 68 31
59 42 98
54 68 58
21 25 64
40 65 78
6 50 9
61 17 50
36 56 93
34 63 56
6 56 87
36 54 28
30 15 64
16 65 70
2 39 7
39 54 61
70 70 49
52 10 55
14 55 19
52 58 96
56 38 58
17 47 3
24 16 96
29 50 41
33 55 27
6 1 3
68 24 51
45 10 95
16 40 32
4 12 34
38 68 0
60 33 44
44 60 21
29 8 99
17 51 25
40 37 68
32 63 51
29 45 76
4 64 85
60 22 96
28 70 69
65 45 22
9 61 99
33 69 2
62 21 80
23 10 66
49 17 66
68 36 60
11 65 84
1 1 60
7 54 9
1 71 65
47 11 82
7 51 94
54 16 68
67 22 6
12 51 72
71 65 83
60 60 63
11 50 57
8 25 0
25 48 79
15 28 7
61 45 90
30 62 28
70 32 76
68 31 58
26 51 65
28 64 25
16 22 5
28 57 3
59 49 28
51 52 16
53 58 34
33 13 44
22 63 21
37 66 30
37 61 23
56 18 25
21 24 95
8 52 25
55 8 5
6 54 3
17 58 72
53 29 2
69 60 88
29 50 70
58 16 9
46 1 15
16 44 92
32 27 70
54 16 47
9 22 49
41 46 73
9 50 70
39 65 43
27 50 32
9 18 10
66 40 79
27 8 42
37 32 84
70 30 29
55 56 28
11 38 22
54 48 21
33 33 9
34 64 46
27 49 3
63 51 95
68 27 2
2 6 99
22 39 43
24 68 100
32 23 37
11 57 80
35 16 19
56 8 96
57 21 9
8 65 75
61 10 94
48 48 33
57 70 70
34 35 19
65 40 14
24 5 61
4 27 67
28 32 33
30 29 75
50 35 76
7 34 99
49 60 13
4 42 60
30 44 30
4 32 83
48 29 95
42 38 38
22 51 2
13 56 63
48 35 25
54 32 82
10 59 10
45 33 90
27 63 17
54 42 21
20 64 16
47 14 54
59 58 63
8 39 73
51 8 46
64 16 58
36 16 25
27 18 91
36 71 38
31 5 62
49 11 52
58 30 23
42 57 78
2 41 37
29 60 68
70 23 97
40 13 85
22 57 91
22 64 34
8 27 42
63 36 78
14 56 80
29 25 5
36 68 30
40 4 14
46 13 14
41 63 95
20 1 100
15 66 75
35 21 1
14 31 35
29 65 84
22 42 66
8 3 5
20 45 22
49 30 64
49 19 44
67 54 10
5 8 37
17 30 21
57 39 75
31 11 12
66 50 6
32 24 50
26 11 100
41 30 85
65 54 60
54 65 58
5 32 67
22 43 88
34 16 58
37 3 76
66 17 48
38 55 11
7 31 36
51 48 38
12 9 41
19 20 83
60 27 64
39 6 18
51 14 40
24 38 77
10 12 25
3 8 25
54 63 25
48 57 96
15 66 73
7 57 87
4 32 90
4 70 21
8 16 94
54 1 98
52 12 18
55 49 66
8 63 14
40 47 88
63 24 84
51 39 39
71 46 18
22 41 47
20 54 14
56 69 42
32 17 48
40 31 11
52 66 68
45 51 44
53 45 30
43 8 91
20 46 1
5 64 92
13 46 39
69 13 11
68 23 18
60 21 84
13 8 82
34 56 79
68 26 51
26 12 75
65 22 75
34 70 100
26 39 90
50 67 21
54 26 50
58 2 16
62 66 80
5 26 70
19 60 4
47 41 42
5 4 45
25 4 56
3 48 72
13 49 93
16 23 0
41 48 58
5 15 11
51 56 66
50 53 74
28 64 20
8 3 2
3 20 8
31 42 47
54 4 64
27 54 20
48 47 66
68 37 80
45 10 16
46 71 17
38 50 17
8 27 84
24 39 51
19 19 34
16 42 25
27 33 59
54 44 15
69 33 33
58 70 69
19 14 1
40 2 75
32 6 98
3 9 32
38 38 58
17 33 17
57 43 70
69 57 62
61 11 83
47 15 92
52 24 0
57 43 18
33 60 9
10 37 62
60 65 40
30 56 99
47 14 60
44 69 23
22 14 3
42 49 85
31 38 49
10 6 94
13 12 67
3 45 52
32 3 48
63 71 79
51 13 0
70 40 50
4 9 20
35 68 88
39 39 36
46 3 30
31 44 59
10 54 30
58 37 14
52 8 94
43 35 53
5 56 32
23 60 82
17 35 59
10 70 1
9 53 50
31 49 15
60 55 13
58 29 26
43 54 65
27 45 98
46 56 59
33 70 59
46 5 97
64 58 79
26 20 84
59 43 13
55 43 64
53 42 85
59 32 33
7 19 48
32 24 66
20 21 71
51 14 25
39 33 5
38 60 98
7 62 26
52 63 69
22 4 59
24 61 89
43 33 68
39 17 72
22 14 19
29 32 35
70 33 97
45 29 31
65 25 78
18 15 92
53 16 99
11 34 57
55 43 85
61 52 1
1 52 1
11 2 74
52 51 93
29 71 13
14 60 33
32 20 93
17 34 14
55 43 100
46 65 46
57 8 51
13 49 74
41 2 74
42 57 87
43 5 65
17 31 51
68 10 83
4 53 39
70 58 39
21 49 43
24 56 3
10 43 66
5 70 31
26 29 2
50 25 89
36 10 24
52 21 62
3 37 18
30 12 27
58 57 40
23 17 22
38 48 52
29 36 22
60 61 47
62 59 20
63 31 43
12 41 0
20 67 48
5 24 55
37 32 53
21 34 1
37 26 45
58 47 34
54 51 98
1 21 12
57 51 34
8 10 49
48 71 4
14 44 55
50 48 82
62 50 87
20 65 86
66 18 31
58 1 14
44 49 46
15 30 7
21 61 81
67 15 97
15 71 74
20 40 10
12 67 18
25 11 74
13 63 45
40 59 1
8 9 53
57 59 1
19 8 61
52 32 26
58 60 92
26 10 1
13 67 30
13 21 87
27 3 96
23 63 99
54 15 50
59 40 74
42 3 44
50 71 46
68 46 19
45 11 19
4 5 4
10 20 29
25 69 44
39 32 94
42 8 27
6 13 11
23 36 8
69 2 97
31 55 25
45 47 62
51 28 29
28 20 26
12 37 80
47 65 80
60 44 24
31 23 18
19 39 97
48 44 2
21 25 50
41 23 90
61 4 17
48 59 64
38 30 90
34 23 32
67 42 36
22 1 41
41 66 5
26 11 39
22 60 85
44 34 99
9 13 84
8 63 57
54 13 97
22 25 31
64 46 35
62 17 4
28 35 51
35 68 53
3 29 21
36 38 89
17 25 65
22 7 93
65 34 30
4 19 18
17 43 75
45 44 82
50 66 26
1 27 92
38 51 32
2 20 56
33 42 30
11 65 14
32 45 13
40 61 4
44 66 20
25 27 64
59 59 1
9 66 30
12 7 46
21 15 13
22 2 99
34 62 15
65 49 13
18 14 88
66 44 74
67 55 3
37 24 72
34 35 92
6 47 63
49 43 29
29 16 3
24 56 64
52 20 68
69 56 80
35 20 16
66 61 23
24 43 21
52 49 52
27 46 77
21 22 21
67 38 15
22 4 40
53 35 32
48 21 12
30 17 15
32 28 85
51 30 21
30 55 12
53 70 100
50 33 40
35 4 57
33 15 1
62 43 4
55 55 65
57 27 43
33 10 89
38 70 56
45 43 34
51 16 54
2 49 61
2 9 23
25 55 26
59 41 87
51 9 56
57 54 28
70 45 34
10 68 68
42 13 62
40 46 88
69 29 4
56 66 69
39 27 12
68 58 80
53 24 3
49 19 78
54 61 32
14 51 60
58 3 64
61 51 8
5 26 69
20 47 62
22 7 69
36 16 63
51 30 88
30 20 71
42 51 59
43 60 71
23 54 46
71 61 39
57 2 81
36 3 73
46 43 48
18 42 97
20 36 23
35 67 18
43 30 59
19 28 68
3 11 89
42 51 2
42 8 35
11 37 93
69 71 1
7 19 59
12 64 80
28 27 34
30 43 63
23 49 74
38 15 53
62 8 87
18 57 96
60 32 8
22 38 79
67 70 49
38 65 34
13 8 25
59 59 42
35 33 17
40 5 56
27 70 62
43 7 51
5 53 95
49 28 72
32 9 6
66 17 25
29 68 46
24 15 99
22 44 59
44 2 25
58 18 32
10 39 96
41 61 79
33 21 29
34 55 8
67 38 48
53 34 67
59 13 46
35 68 63
18 37 7
13 10 21
39 20 85
13 50 35
27 1 28
18 5 66
65 11 49
8 34 46
22 48 72
36 21 48
37 16 14
57 21 17
66 9 62
30 1 42
23 18 6
67 10 73
25 12 6
42 29 24
64 62 96
56 24 39
32 51 21
69 51 82
10 62 62
2 61 99
45 44 25
60 51 93
45 10 11
5 43 58
45 70 98
31 50 77
26 40 39
61 17 30
68 63 97
24 42 6
57 15 74
33 66 48
67 33 5
29 62 37
24 46 41
5 10 66
63 55 40
35 30 71
35 11 40
13 41 94
36 3 25
25 37 3
46 21 20
11 32 98
50 68 54
35 26 82
2 4 96
24 3 43
46 17 60
69 15 77
16 23 37
26 13 66
12 60 73
11 55 80
37 58 31
41 67 15
29 17 44
10 30 38
57 28 99
36 63 73
7 45 59
26 39 7
55 32 99
54 32 70
54 20 68
29 68 91
52 64 77
69 32 47
61 17 16
12 18 76
26 65 35
44 61 22
48 65 39
71 26 2
70 25 8
48 5 72
33 36 52
20 5 26
19 43 93
44 41 27
1 26 77
37 62 46
44 24 75
13 47 63
53 23 51
21 38 14
35 20 24
58 30 6
13 4 32
7 29 62
29 4 69
59 37 7
6 59 93
27 8 90
25 48 67
49 10 44
49 3 50
8 21 14
68 27 35
62 21 56
8 53 0
40 41 80
53 42 1
16 24 30
29 47 45
35 54 56
67 39 96
59 23 73
14 52 11
37 11 93
71 42 91
62 47 63
51 6 27
45 21 6
56 25 59
54 13 42
50 56 92
3 43 12
62 16 5
50 26 9
33 4 49
58 59 26
45 64 3
43 48 24
8 49 70
70 71 6
65 61 24
40 5 19
50 48 81
11 46 4
42 71 51
52 3 85
63 43 9
51 20 43
11 2 20
19 69 96
17 11 27
14 19 50
22 71 14
26 34 58
18 47 12
25 61 5
5 27 24
67 16 23
2 56 67
4 67 89
64 21 28
15 5 85
48 44 50
17 48 24
65 10 75
24 58 53
25 58 26
3 8 71
8 25 63
1 62 94
17 40 28
21 31 3
21 16 47
21 36 42
60 35 87
66 44 75
62 17 20
27 35 52
55 54 83
52 26 62
8 58 57
10 27 47
21 9 16
56 53 30
7 63 4
28 57 58
62 33 4
28 69 79
56 39 59
23 27 81
18 17 42
23 4 38
59 48 82
41 8 98
46 60 0
48 35 43
61 18 14
67 35 18
34 53 44
58 3 100
52 57 17
45 41 60
23 68 81
68 20 12
53 20 42
33 66 63
17 15 89
43 44 52
57 6 95
38 65 3
45 58 80
47 61 73
3 25 61
28 64 68
20 13 89
12 28 9
37 26 13
31 33 80
6 33 8
58 62 14
63 71 98
12 33 12
58 43 96
52 53 13
11 32 75
55 41 14
67 9 35
16 64 0
61 40 88
62 60 37
8 12 23
30 54 83
38 49 42
30 15 44
6 36 5
11 68 56
1 54 53
19 1 33
5 67 1
7 66 78
4 2 83
59 3 11
51 71 79
45 63 53
26 52 63
51 42 91
34 62 65
36 52 64
70 44 97
28 45 10
54 7 14
20 38 3
42 61 71
18 70 95
14 30 68
23 65 88
9 10 22
45 9 96
12 55 72
51 58 66
4 61 43
45 1 94
4 21 34
32 47 52
56 33 22
51 11 45
4 70 55
37 33 46
19 49 53
41 45 6
43 13 38
7 45 6
70 5 53
55 2 73
40 14 82
52 46 15
31 64 76
66 12 99
52 41 11
19 45 32
7 62 18
39 27 9
41 70 84
69 34 27
37 38 47
71 49 6
68 47 92
67 23 48
53 54 95
61 66 28
22 52 42
4 16 48
39 47 10
62 60 23
50 18 92
51 40 5
67 41 50
18 50 37
42 22 50
20 25 81
10 27 51
62 63 37
16 59 3
5 44 7
48 52 32
55 37 14
3 65 6
8 31 13
40 36 99
70 8 30
34 43 40
11 19 19
50 22 49
43 55 15
6 61 49
40 59 56
58 51 22
33 37 28
53 45 97
12 39 95
49 59 22
2 41 26
46 42 4
8 15 96
24 19 3
27 64 12
2 71 53
22 37 2
50 36 25
13 11 71
61 39 82
9 57 51
51 26 85
20 4 81
24 11 1
17 46 64
66 5 1
7 41 87
26 21 96
65 43 41
70 70 8
71 39 72
53 11 8
10 10 93
57 14 68
45 58 44
43 43 10
22 20 47
3 23 31
26 44 43
20 5 7
26 71 44
24 30 92
46 10 27
58 40 32
57 64 96
31 54 18
4 29 0
42 32 24
43 70 69
65 53 56
1 52 75
64 63 13
20 38 35
39 34 29
42 44 96
32 59 27
42 20 73
16 46 3
66 52 68
5 12 8
22 43 29
68 39 70
16 24 63
8 21 17
34 7 84
44 53 62
7 33 85
24 15 42
64 7 50
14 40 35
2 21 32
25 6 44
47 64 25
56 6 48
5 8 100
53 37 21
2 39 75
55 68 34
71 24 78
36 26 56
15 49 94
47 56 59
47 45 53
38 47 77
34 61 100
44 58 90
15 20 40
12 65 75
62 66 45
52 36 37
26 69 64
1 66 26
32 67 50
44 10 26
2 3 95
52 70 16
48 21 89
42 18 25
61 43 5
19 62 85
43 9 100
53 64 33
32 9 82
60 13 22
65 22 81
58 64 95
42 32 36
51 69 90
53 31 98
19 34 11
28 25 85
36 29 42
1 53 29
17 12 56
31 70 87
33 26 74
69 47 1
26 50 4
13 67 76
10 61 32
44 58 7
27 19 58
25 52 4
28 49 51
40 15 12
7 36 7
67 66 9
27 8 97
35 18 69
24 71 61
11 10 51
19 62 51
13 57 23
45 6 55
17 61 78
50 19 51
58 10 68
66 34 91
25 42 56
25 4 73
63 69 70
52 47 96
43 57 14
61 10 23
14 38 94
7 31 80
1 62 34
11 44 77
38 30 85
49 55 46
15 49 64
8 35 82
8 69 99
52 2 82
52 65 49
52 12 3
59 6 65
34 10 23
46 66 1
26 29 98
69 55 47
50 18 80
44 61 41
68 47 24
64 8 36
15 8 63
49 30 9
69 44 38
54 6 60
23 65 57
28 26 4
40 41 27
31 43 34
70 46 13
7 54 13
30 71 87
12 57 67
67 8 69
34 24 27
67 12 31
32 12 87
68 64 16
45 59 71
65 5 2
28 22 72
7 28 81
19 61 81
61 49 26
35 23 96
55 21 67
67 53 16
43 37 3
31 2 12
52 24 98
22 39 75
61 57 59
39 47 41
23 17 52
48 70 66
53 65 84
66 50 40
63 59 68
48 10 57
44 69 31
26 61 74
56 24 75
37 70 77
47 24 63
43 43 97
48 56 70
23 27 78
71 66 48
36 37 28
68 18 55
30 62 59
31 14 68
21 37 95
35 36 85
42 25 11
68 21 82
57 53 33
69 2 16
56 52 50
40 70 41
31 33 16
46 42 43
44 65 24
20 3 77
31 42 32
18 71 53
54 65 38
17 16 84
20 25 10
17 28 58
71 46 9
8 20 82
49 28 9
59 28 73
45 68 53
41 27 28
34 25 90
26 3 38
28 69 74
21 67 12
3 49 23
68 17 29
14 38 99
48 63 48
27 10 48
43 2 82
15 47 79
38 42 53
70 18 42
71 7 29
18 67 52
22 16 87
59 66 77
64 25 48
26 46 41
27 16 73
28 47 92
51 15 24
10 54 20
49 71 31
38 19 82
49 18 19
8 9 91
68 17 96
29 61 2
56 16 84
25 60 41
56 17 5
71 55 20
22 34 37
69 69 78
46 28 79
61 32 74
47 37 44
15 51 55
47 40 6
1 40 29
60 8 17
40 33 46
30 62 41
23 60 28
54 6 49
41 13 23
34 39 59
50 37 72
10 68 55
53 26 52
8 25 11
54 13 90
66 64 63
44 20 4
32 7 12
12 31 84
16 41 2
44 20 51
28 13 11
39 5 53
19 2 65
51 37 93
32 66 61
46 63 26
1 50 36
47 19 30
49 43 71
22 12 70
17 4 33
26 38 0
38 71 3
21 67 47
23 31 96
67 67 3
55 5 72
9 42 36
5 21 100
9 66 14
21 12 23
30 52 48
15 58 12
26 47 60
21 42 27
27 3 88
36 31 93
48 32 89
68 54 9
30 54 58
41 4 13
1 15 71
71 8 89
12 60 99
59 55 59
66 41 9
23 24 7
14 7 8
13 26 13
38 47 49
63 2 83
20 54 92
22 5 66
15 23 7
36 28 94
8 23 25
62 16 78
39 49 71
6 53 87
48 44 49
53 60 90
30 24 30
39 12 89
45 24 13
12 20 78
14 5 46
39 15 24
44 51 35
39 27 75
30 31 70
50 44 1
22 64 59
11 65 18
50 36 55
48 47 4
23 10 18
1 13 89
23 21 46
53 20 3
45 7 33
50 7 55
71 65 26
39 20 81
9 54 8
66 1 43
64 41 47
63 22 27
9 40 1
70 11 84
33 56 89
11 6 51
21 10 90
36 41 8
8 22 24
42 39 11
15 33 40
18 56 16
43 5 67
25 45 79
27 19 70
43 44 2
43 43 46
19 49 61
44 26 58
6 60 41
67 17 35
46 6 59
6 67 28
19 52 62
25 46 8
45 30 50
18 66 30
50 41 55
64 52 32
56 8 0
53 17 77
46 46 99
19 2 95
2 51 51
51 24 28
64 35 89
48 52 30
10 66 48
23 34 18
6 8 31
70 31 3
29 13 93
25 40 65
68 53 0
26 7 55
70 30 36
4 22 19
48 18 100
44 39 19
22 27 56
63 37 38
13 7 61
66 61 70
35 23 72
40 26 86
3 49 69
46 24 53
33 23 99
43 68 93
35 32 15
29 57 14
39 29 46
38 62 46
30 70 100
55 44 28
26 70 4
6 10 72
37 67 30
4 35 91
37 56 82
7 70 36
8 59 11
70 1 25
36 59 78
33 29 89
66 41 11
45 40 20
40 22 11
40 4 0
16 49 25
36 3 92
40 35 50
31 38 99
69 30 17
52 24 46
5 65 82
59 39 85
49 4 81
68 53 91
23 33 40
36 61 79
41 32 46
11 52 95
46 13 95
32 64 50
48 20 45
38 34 24
31 60 26
11 22 10
36 57 99
24 36 94
5 54 79
71 10 84
14 64 91
12 1 1
70 11 58
19 7 76
1 53 36
66 58 49
2 8 92
23 22 18
10 41 70
64 4 66
59 16 2
22 27 50
49 7 7
20 5 74
43 5 48
4 54 59
40 46 54
12 70 79
59 14 15
2 48 9
47 19 63
7 6 73
46 43 92
64 12 15
22 7 67
19 66 63
61 32 45
46 1 40
11 59 46
15 45 90
67 45 84
29 32 38
63 16 90
55 11 91
39 49 71
49 5 56
22 52 73
16 10 5
11 59 32
21 29 69
56 60 58
11 57 48
2 12 68
27 65 19
18 64 86
31 63 92
46 43 53
24 21 83
67 70 27
24 60 32
17 54 8
36 51 72
49 44 92
46 29 25
1 71 55
61 5 56
46 15 30
25 37 24
20 22 91
2 18 69
37 23 80
13 15 56
41 56 61
51 38 18
51 36 13
9 59 7
32 64 99
69 6 22
4 70 24
58 57 28
39 43 61
67 23 34
70 49 44
14 45 45
7 20 96
16 55 47
23 9 64
66 9 66
3 71 97
61 41 68
4 29 19
43 59 13
23 21 49
41 50 15
54 19 65
41 13 5
71 56 70
56 41 74
35 51 34
60 69 93
35 26 84
38 59 18
24 6 66
50 1 95
55 21 97
24 6 81
10 13 48
53 10 15
38 8 67
44 17 31
54 3 2
32 71 33
45 48 75
18 39 89
71 38 20
45 12 65
8 67 30
17 32 86
15 42 11
28 38 86
2 27 99
56 5 66
8 70 36
23 10 36
34 58 11
6 43 54
16 67 24
1 59 43
50 42 96
48 19 64
5 67 9
26 18 52
22 65 42
13 29 24
3 31 29
6 20 35
45 59 97
50 62 21
41 33 65
18 64 31
16 37 51
27 67 2
6 28 26
14 65 12
47 34 40
50 14 93
38 9 6
48 14 18
13 64 12
39 18 6
69 45 57
24 22 71
7 35 0
21 23 67
17 40 64
