92
255
60 23 17
18 69 65
55 41 17
50 68 42
5 12 58
3 24 5
7 45 18
24 45 87
60 60 79
67 41 38
70 20 51
50 64 35
55 67 89
23 67 75
37 32 17
41 56 20
46 24 67
26 86 24
84 53 25
53 58 37
66 51 96
29 86 99
71 41 59
21 65 16
47 28 77
6 30 89
32 8 87
17 11 66
10 69 66
54 91 0
50 71 71
1 8 30
36 36 31
28 76 93
57 50 1
8 24 87
72 24 56
80 26 69
62 22 58
41 4 86
47 64 1
66 23 23
34 72 71
17 37 77
40 87 18
41 55 15
85 52 40
20 44 3
87 30 78
56 28 43
30 12 32
44 22 51
67 54 50
56 3 45
32 68 66
73 83 73
36 63 56
42 58 31
72 30 43
19 9 41
25 16 74
82 70 35
8 90 11
30 59 88
75 86 64
8 74 41
20 4 40
92 62 35
44 1 57
67 57 15
42 28 58
48 42 37
89 46 14
41 89 59
36 1 86
92 92 70
23 8 53
69 42 56
40 59 53
59 41 51
67 56 94
85 40 73
56 58 93
15 68 78
39 39 80
57 28 62
30 48 46
49 18 1
17 90 75
13 89 43
39 20 28
57 73 95
6 42 28
39 41 79
78 31 18
69 35 65
55 45 73
43 92 81
49 71 5
91 21 24
50 48 100
59 15 93
45 8 80
65 46 32
15 87 16
91 51 38
8 25 52
80 49 50
42 39 79
62 36 48
15 77 56
83 10 85
52 82 67
3 6 92
24 59 55
30 11 15
35 3 34
85 17 68
22 53 55
21 18 19
29 45 56
31 88 49
13 16 100
45 23 51
31 84 50
42 83 78
74 68 11
27 2 33
2 48 58
62 5 48
84 51 78
16 12 64
19 8 93
18 32 38
24 25 18
80 12 62
31 28 1
16 73 66
39 43 81
52 45 80
75 77 5
66 53 84
27 20 35
33 73 78
70 78 99
4 24 40
90 69 80
1 28 39
91 48 33
54 59 69
8 88 78
30 65 44
29 87 14
92 6 89
44 7 76
73 85 61
25 46 84
21 7 17
79 81 91
11 90 17
87 36 68
15 87 39
82 22 43
6 49 45
49 14 16
42 18 79
68 70 1
48 46 20
72 20 60
55 27 64
4 3 45
71 77 48
38 78 59
37 21 93
88 53 57
44 49 57
20 3 32
27 36 24
59 54 32
62 15 2
44 13 65
17 24 62
26 88 33
84 69 95
71 39 64
79 50 14
64 34 31
35 70 1
32 76 92
4 92 22
80 18 38
49 37 95
71 33 95
62 89 17
21 65 99
51 49 32
38 25 18
2 30 29
32 71 90
74 90 2
81 68 75
57 47 67
29 81 72
3 90 71
59 59 89
24 61 45
22 46 71
82 5 98
36 85 57
37 17 12
33 69 89
14 49 33
83 26 90
77 16 32
67 17 74
64 49 93
32 40 11
39 49 92
69 90 99
1 13 77
35 12 58
17 71 58
61 82 23
90 9 91
48 54 74
19 70 9
81 77 47
85 18 66
53 16 20
92 85 97
87 70 76
48 12 5
10 27 26
35 66 24
28 44 48
73 71 91
23 2 64
78 26 48
19 29 9
32 72 29
30 78 8
24 62 40
40 82 29
62 19 35
14 46 37
15 10 54
71 42 84
3 43 60
75 78 59
87 87 2
30 35 67
30 82 17
50 27 85
88 52 25
92 87 92
