25
4522
19 23 64
5 23 28
5 11 16
7 20 88
10 22 44
19 6 42
5 2 5
23 24 94
24 2 68
15 21 9
16 20 19
8 7 80
11 16 24
25 25 18
15 2 44
3 7 36
23 8 98
9 10 25
10 23 17
10 17 58
10 1 96
23 18 8
13 19 84
14 8 100
17 18 64
4 23 0
21 21 30
3 25 64
14 3 56
21 2 45
12 3 72
24 8 12
1 12 14
17 5 45
19 16 62
3 3 42
2 15 91
19 20 99
1 21 57
21 7 86
10 8 4
9 24 45
18 1 60
3 17 4
23 5 15
15 11 66
6 15 27
17 7 5
12 18 64
15 23 7
15 21 100
23 12 92
2 24 3
6 17 25
1 9 97
18 16 22
21 17 33
16 18 66
10 17 1
13 21 51
11 19 91
6 2 38
21 22 2
15 24 58
1 17 85
21 19 36
11 16 81
10 22 11
15 24 61
19 25 13
7 4 55
2 25 6
24 20 31
16 19 31
25 25 28
15 8 72
2 17 21
10 16 22
9 21 99
15 4 52
13 21 5
21 2 37
23 4 17
4 7 92
1 21 44
13 19 79
3 2 19
12 1 88
15 12 29
2 2 34
1 11 52
10 2 88
5 12 7
20 12 62
1 25 78
14 14 41
9 15 56
23 24 86
3 1 36
13 10 40
21 22 99
24 15 11
16 12 71
7 5 5
21 8 5
10 18 74
6 1 79
18 16 0
11 5 15
9 18 64
9 23 26
13 20 81
24 21 69
15 20 1
9 15 33
8 21 11
15 10 38
23 12 57
18 5 35
1 4 15
17 9 0
25 9 37
22 21 63
21 19 26
25 6 86
17 10 81
25 13 3
6 16 60
13 24 91
3 21 32
8 7 37
24 6 40
25 9 53
25 9 95
23 8 46
17 13 23
14 24 17
8 19 79
12 25 65
6 21 24
9 5 33
6 8 92
25 11 3
3 25 34
12 15 83
12 18 36
8 22 55
23 4 70
6 10 14
24 11 24
19 2 96
2 4 14
1 17 29
15 7 5
4 5 7
16 20 31
18 16 62
21 10 84
19 5 5
1 22 53
1 10 34
23 4 63
2 21 38
17 8 87
13 10 83
22 1 40
15 11 93
25 5 88
5 1 89
17 19 54
15 25 33
15 2 91
19 21 65
18 10 33
6 17 38
1 17 95
20 22 61
4 6 33
24 15 34
16 14 48
17 14 10
16 25 21
21 6 21
22 22 83
7 5 30
18 16 73
4 2 57
11 23 83
25 18 32
3 11 88
20 9 29
9 1 96
8 6 16
21 9 19
25 24 41
19 23 17
22 24 52
2 8 3
24 16 94
13 25 15
6 2 78
9 24 7
20 15 26
2 5 60
10 16 60
9 12 45
12 15 64
24 23 82
15 3 98
15 10 31
24 6 68
12 18 93
23 16 69
8 16 67
14 8 6
3 16 6
8 22 50
22 13 75
7 13 76
17 17 74
1 2 50
8 1 35
23 1 41
16 22 2
19 14 48
16 15 93
8 19 90
15 15 37
23 3 36
8 21 14
7 23 0
23 9 14
15 1 71
22 18 50
5 20 83
17 23 7
15 17 23
16 13 6
11 20 30
15 20 57
13 15 71
20 24 23
13 2 0
20 16 13
25 11 45
19 17 54
4 4 13
2 8 63
15 24 69
5 3 47
24 22 24
12 11 10
23 20 23
2 2 98
4 22 27
9 7 29
19 6 25
3 20 25
20 8 75
21 7 12
15 22 15
20 5 81
12 9 36
12 6 79
18 24 90
13 18 96
1 22 35
5 20 24
13 14 21
23 22 26
2 11 10
15 11 18
3 6 41
24 9 54
12 12 19
2 15 85
7 19 97
3 11 55
22 16 74
14 13 16
25 23 100
11 22 28
19 24 59
18 12 15
7 12 23
25 23 68
25 4 95
24 5 69
14 22 23
8 11 12
21 16 32
11 5 74
3 8 79
5 22 87
10 7 95
1 5 93
11 6 90
1 17 57
16 15 11
5 6 11
22 11 77
10 10 38
19 11 95
19 4 4
23 20 54
8 20 19
7 12 58
3 8 45
8 10 94
21 5 15
17 23 93
21 5 19
20 14 88
25 13 58
6 24 31
3 21 25
13 7 75
12 10 72
4 21 72
24 19 55
11 22 3
8 21 0
9 12 43
13 23 17
22 12 24
9 12 92
19 1 39
21 8 31
1 14 57
24 17 50
10 3 37
25 10 89
7 23 68
6 10 4
4 7 97
20 7 92
10 22 34
9 3 65
21 5 96
25 18 96
22 5 10
23 4 60
9 4 42
18 3 17
22 21 11
23 22 78
3 11 87
4 9 87
20 21 63
21 20 57
20 12 3
20 24 57
15 11 7
10 24 88
21 16 35
16 8 2
10 11 56
19 9 35
23 5 2
18 8 56
8 20 12
10 21 93
20 22 30
16 10 87
21 4 34
13 15 12
8 3 48
11 3 97
25 19 92
17 23 91
19 13 57
2 4 4
21 24 32
16 13 89
15 18 68
13 13 42
9 4 82
22 24 31
4 8 68
25 18 66
22 8 28
7 21 100
7 6 60
1 2 88
6 11 63
24 11 23
12 17 80
11 16 52
14 8 87
2 24 29
8 10 90
1 12 19
11 3 6
2 16 1
10 21 5
25 1 50
13 21 71
2 5 76
13 17 3
13 7 75
3 11 17
25 11 46
5 6 10
24 5 1
10 15 49
18 11 80
22 4 83
3 3 13
1 25 44
5 2 61
6 25 11
16 13 39
7 9 72
24 17 2
9 1 28
5 9 97
10 16 76
15 18 8
21 3 94
23 10 53
8 7 36
13 16 64
25 14 76
14 16 62
3 25 27
10 17 98
21 6 72
18 1 41
23 3 32
18 23 34
11 10 34
19 7 19
2 20 89
5 17 32
21 3 72
11 22 80
23 24 61
5 24 86
11 2 72
20 11 43
24 5 74
23 18 13
5 4 50
21 2 100
5 4 50
22 24 95
2 9 17
20 5 71
5 10 40
24 21 95
7 9 40
8 13 58
23 9 34
14 18 7
25 14 3
18 7 13
11 4 91
11 20 3
21 21 36
3 23 31
9 18 28
5 20 57
2 10 34
24 18 66
5 10 61
7 8 4
24 17 1
19 12 100
22 23 75
16 2 36
13 7 90
12 9 30
19 23 81
14 13 37
3 25 10
2 15 51
15 11 79
23 20 30
23 7 55
11 24 40
16 25 28
23 14 89
14 18 25
5 5 83
17 19 15
4 11 2
1 13 90
10 9 92
24 15 49
22 24 41
4 16 98
10 1 9
21 22 29
2 10 36
19 8 19
25 10 85
17 15 76
10 19 67
12 12 3
6 15 83
2 10 6
21 22 39
24 17 62
14 12 63
13 11 8
11 8 80
1 25 17
17 2 15
1 11 31
21 17 93
14 15 92
17 4 71
17 11 98
10 11 43
2 9 4
7 24 5
7 16 24
16 25 69
21 18 19
23 12 6
19 12 87
25 11 36
17 4 51
11 14 77
2 6 63
21 20 94
2 13 21
17 1 88
19 14 56
22 2 77
20 21 30
14 4 16
13 8 78
3 6 78
16 9 85
23 22 18
17 10 32
10 7 94
3 3 89
17 9 25
23 21 38
9 17 91
1 19 95
3 11 69
7 12 88
13 15 68
23 9 75
17 16 72
13 4 12
17 14 2
20 13 48
7 21 54
6 9 19
19 16 15
9 6 90
23 12 50
12 3 13
20 11 76
1 25 96
22 14 26
14 3 8
2 1 40
24 1 77
17 13 51
7 15 19
2 1 10
4 13 22
24 9 64
5 19 59
24 15 29
15 14 38
22 3 29
4 24 89
25 4 59
19 20 55
9 10 80
8 15 21
14 24 20
14 17 80
16 12 88
10 14 40
11 8 79
4 11 1
21 5 21
10 1 98
20 5 6
5 3 99
7 16 59
6 6 22
8 5 55
24 9 16
10 23 89
5 24 21
16 4 18
15 7 86
19 5 0
19 6 71
20 5 76
23 12 12
15 3 55
13 15 29
9 21 42
20 3 74
20 21 89
15 13 29
5 1 60
12 11 84
25 21 87
14 2 3
23 3 10
5 4 10
20 25 26
3 25 73
9 7 45
3 4 76
14 20 82
15 12 2
9 24 39
9 11 59
19 19 48
4 23 93
11 13 32
11 22 80
5 3 5
19 12 68
6 16 21
22 14 42
7 4 46
14 4 76
18 11 85
5 19 60
9 1 35
13 9 19
9 15 86
3 21 0
22 22 81
14 21 65
9 17 81
4 24 8
18 14 13
22 25 23
2 9 1
13 14 99
24 24 22
4 18 87
8 12 28
13 13 38
22 16 0
16 2 50
7 24 43
23 6 49
7 6 76
18 23 80
7 5 35
11 12 1
3 7 43
6 21 0
19 10 13
14 20 80
24 17 28
11 8 92
17 14 27
4 25 43
3 15 40
11 18 33
11 21 18
25 4 18
4 10 96
7 17 56
18 23 37
6 9 82
4 11 22
24 5 52
20 18 6
22 13 25
7 16 77
2 24 65
16 23 32
5 10 25
20 3 31
21 9 88
2 10 53
6 23 40
15 12 12
6 13 2
19 12 15
6 17 16
2 15 8
15 2 59
5 25 7
25 23 74
20 8 55
8 20 77
21 6 71
17 23 8
10 19 92
2 17 11
16 15 99
1 25 22
13 9 37
14 10 24
9 24 70
10 6 74
25 13 14
13 5 41
20 22 92
2 13 15
2 12 53
18 25 98
23 13 34
18 23 44
20 9 15
24 3 97
25 20 1
15 8 0
6 14 47
15 15 33
16 4 53
11 17 81
1 9 47
19 21 62
16 19 70
2 14 49
1 1 98
11 14 3
21 5 56
13 11 73
5 5 1
17 11 26
19 5 85
20 15 1
15 14 23
22 19 47
8 13 48
16 23 76
23 19 31
5 10 30
3 6 71
17 1 39
25 8 80
3 2 84
6 4 93
13 9 73
22 25 85
4 14 90
19 18 26
10 16 93
12 13 78
12 12 3
18 10 55
1 8 71
22 22 45
14 15 12
11 18 18
9 9 73
6 1 91
4 15 48
17 25 3
7 17 24
1 1 71
22 11 83
4 4 40
1 15 42
20 16 87
14 5 60
12 20 66
9 6 100
14 9 51
15 23 36
20 23 15
15 9 13
25 9 49
13 12 29
1 17 38
20 25 59
14 5 61
3 24 14
21 2 63
5 11 75
8 3 19
4 25 4
14 22 53
6 1 83
16 15 25
22 16 97
23 14 22
21 20 58
4 23 34
2 1 96
18 5 8
9 18 21
22 1 89
20 12 17
20 4 27
12 1 25
8 3 74
14 13 57
17 10 44
5 18 78
19 13 92
6 15 63
3 18 43
14 16 97
5 1 16
9 13 49
3 23 80
18 10 21
21 20 51
23 24 50
9 22 51
13 17 0
14 25 1
20 14 82
16 15 7
17 25 35
7 25 51
11 24 84
18 17 1
6 8 64
22 15 91
24 22 39
20 8 44
1 25 93
9 14 36
2 14 2
10 2 11
1 8 27
2 6 45
11 2 89
15 10 31
4 16 61
4 13 12
16 2 96
11 5 25
17 1 97
2 5 2
6 14 65
20 14 4
3 6 47
8 4 56
3 13 7
24 10 31
25 21 18
21 15 66
1 25 41
9 5 4
7 22 65
18 16 25
1 8 25
13 6 28
19 4 94
17 6 88
20 6 81
1 22 57
8 23 35
11 12 80
17 25 41
6 1 58
16 8 19
18 4 75
16 21 64
20 7 0
16 17 22
13 19 9
7 20 0
7 14 87
19 12 65
8 24 93
1 22 5
15 8 73
18 6 96
1 6 63
18 19 32
2 3 45
11 14 73
10 7 69
10 19 46
25 15 56
6 3 28
1 6 88
7 7 54
4 2 25
5 12 97
5 12 15
20 5 28
25 7 76
3 3 19
20 8 78
3 7 68
7 9 34
7 5 69
20 20 53
4 4 51
19 2 54
7 11 54
16 16 17
14 23 30
7 17 100
3 21 99
23 21 33
20 21 10
14 22 25
4 10 97
15 14 47
5 3 1
18 17 36
14 2 3
9 2 81
1 18 17
18 8 1
6 18 4
6 13 20
22 4 89
15 17 70
24 10 68
6 4 32
9 22 98
16 22 100
5 9 84
10 2 75
8 6 54
25 15 11
2 14 36
12 24 81
20 24 73
21 5 17
1 23 71
7 18 12
21 11 16
6 6 92
18 22 39
1 14 38
19 20 23
2 21 76
19 19 49
1 5 76
11 8 26
13 23 51
7 22 45
15 24 88
19 8 33
15 6 6
3 9 92
9 7 41
9 1 28
24 6 88
1 21 46
24 12 54
1 9 14
8 25 8
3 12 38
24 13 8
17 24 0
19 10 59
5 10 81
20 6 76
1 18 13
8 12 46
7 23 4
5 14 7
10 24 77
4 14 39
2 6 75
7 9 84
9 5 99
23 18 16
19 14 22
1 22 3
21 7 50
19 24 34
15 24 27
19 18 89
5 14 30
13 18 64
3 9 7
11 9 8
8 18 56
13 20 58
23 16 18
18 25 68
17 20 9
19 25 58
5 15 62
13 19 0
2 20 42
8 17 50
23 3 54
13 2 69
24 10 11
7 8 20
17 19 9
7 22 56
14 1 10
2 17 72
6 13 37
8 14 10
7 9 96
8 2 15
5 3 57
18 22 75
6 6 48
8 1 36
12 15 76
6 24 95
15 21 2
10 15 92
20 17 92
14 21 20
6 21 38
17 22 8
19 14 13
4 15 18
8 9 24
2 1 79
17 21 6
19 16 67
18 8 46
5 16 59
13 11 4
3 19 4
13 10 67
20 12 47
3 13 60
8 11 50
14 22 99
5 8 71
23 2 6
6 2 23
9 18 86
20 9 19
24 24 63
17 25 21
22 17 30
22 17 5
2 13 11
4 2 33
23 4 1
23 2 35
2 23 3
20 17 12
13 19 21
24 22 23
6 5 8
6 12 19
2 6 5
20 9 79
16 14 92
21 14 8
12 12 13
13 14 62
10 15 76
24 9 41
6 19 35
20 6 60
25 22 50
4 2 19
12 13 6
23 23 69
7 7 3
8 23 91
17 18 44
8 24 48
19 18 21
2 16 65
12 10 37
14 12 95
16 21 50
12 8 46
21 1 38
17 24 67
5 7 21
7 25 62
16 15 37
2 21 34
17 3 23
2 4 45
12 14 8
20 2 44
22 4 8
10 11 17
11 9 76
3 24 34
3 2 6
1 20 53
10 25 30
2 6 19
24 2 94
16 17 36
14 17 82
18 15 48
5 8 100
3 15 45
12 19 55
5 7 100
3 4 84
16 22 18
5 10 44
7 9 55
9 1 2
22 21 88
18 12 81
6 9 85
16 16 47
2 2 82
22 8 0
21 12 25
22 17 25
4 12 36
1 15 98
10 8 36
3 6 17
15 21 75
9 9 0
10 14 56
4 21 30
5 21 26
25 2 22
9 16 11
22 2 26
16 6 7
21 23 54
7 7 45
1 8 7
13 21 83
6 10 11
6 16 50
9 5 70
13 5 81
19 23 58
12 10 42
16 1 77
21 12 27
17 24 53
25 22 14
9 14 99
9 4 26
16 13 7
5 6 34
8 5 25
5 16 97
15 12 43
6 2 92
23 15 50
4 22 49
7 5 86
10 8 6
6 6 77
2 25 63
18 15 42
6 1 51
3 13 4
1 22 83
8 14 37
8 11 47
19 6 87
13 19 66
15 25 13
14 8 49
18 23 73
11 20 41
4 15 19
7 23 12
22 3 74
14 1 48
12 14 39
5 17 6
13 3 18
6 15 88
2 17 38
7 8 48
24 21 82
3 4 94
6 13 24
12 11 26
14 2 9
8 5 100
19 20 63
20 10 70
25 24 71
24 19 77
24 13 77
4 14 76
7 14 2
20 17 48
25 16 27
21 9 92
25 25 42
14 20 19
12 3 68
17 13 26
5 13 53
15 11 79
24 6 0
13 9 22
15 23 91
25 1 48
15 21 80
1 6 41
16 5 65
23 20 99
12 25 54
8 13 5
12 18 96
7 21 60
3 24 29
13 7 30
7 17 67
20 4 75
21 8 98
1 3 27
7 4 31
1 9 99
18 13 71
14 15 54
8 2 16
20 23 31
22 25 2
21 24 70
20 9 23
6 17 32
24 6 93
11 12 84
16 7 44
19 10 60
5 23 8
13 11 32
10 12 21
25 23 37
6 22 75
16 13 21
16 5 21
13 9 30
25 10 1
17 11 99
24 20 14
1 22 91
17 25 50
6 14 72
2 14 64
20 14 10
1 7 85
25 25 64
25 8 75
4 20 71
23 15 28
17 6 79
13 16 62
24 22 98
20 6 25
14 24 22
22 24 25
11 12 56
6 23 8
6 7 4
17 18 48
5 14 41
6 24 81
11 1 3
24 8 52
25 22 41
7 6 81
22 25 79
16 4 89
8 20 91
19 16 7
24 8 69
5 23 32
8 20 47
14 25 92
22 3 95
19 2 14
3 20 34
5 10 56
9 21 68
1 9 10
24 24 51
24 9 7
16 20 68
11 8 77
6 24 50
15 18 40
9 17 43
14 10 91
9 16 10
23 16 49
19 1 44
22 12 37
15 9 69
2 25 89
23 7 97
24 5 67
7 24 100
8 1 11
17 15 71
5 22 87
12 21 31
20 6 84
19 3 10
13 22 88
1 9 53
15 5 63
2 20 20
25 16 0
1 23 59
18 17 75
9 14 26
11 14 46
22 16 10
1 24 29
14 4 69
2 24 17
16 16 33
3 15 74
18 5 77
17 2 3
9 22 74
14 25 53
25 20 38
13 8 56
8 23 77
24 23 37
7 12 77
7 11 44
24 1 66
17 23 40
20 14 84
4 16 60
5 6 38
5 11 24
22 13 70
20 7 63
14 19 96
21 23 83
22 9 45
7 20 77
9 13 90
11 10 34
23 7 29
9 14 81
2 8 35
3 24 69
8 17 55
16 24 60
3 10 30
2 18 36
6 7 20
17 10 96
3 6 94
4 13 67
13 14 97
19 2 16
3 20 89
20 22 63
13 2 9
20 15 58
21 22 7
9 25 97
19 19 26
18 12 70
19 19 39
22 7 3
9 21 43
13 16 88
11 11 29
13 13 77
17 13 43
24 8 65
8 18 20
15 1 65
15 11 68
24 12 12
14 11 24
19 14 61
19 3 24
19 10 3
17 22 62
6 19 20
18 9 19
16 14 43
17 4 79
19 21 46
4 6 7
15 22 3
8 6 17
19 7 36
6 22 61
12 18 77
11 25 6
25 22 68
5 11 38
8 1 99
10 9 0
21 13 83
4 6 79
19 11 36
14 6 69
1 8 78
8 24 66
3 1 61
20 7 31
25 12 27
14 13 35
12 19 32
25 3 92
8 10 96
16 17 2
7 25 65
8 21 89
5 5 2
2 17 77
2 16 69
5 9 2
16 13 52
4 20 33
21 22 71
19 24 64
15 21 58
18 18 1
11 5 66
4 18 59
3 20 1
13 8 82
21 15 49
10 1 27
24 18 3
16 10 78
4 23 27
24 7 95
3 16 28
24 7 39
20 24 28
4 13 96
20 18 16
16 9 24
8 5 27
23 11 65
18 17 25
13 2 43
14 2 83
2 24 10
15 4 40
8 2 40
5 17 39
4 21 1
8 5 56
5 1 14
3 10 43
20 10 19
12 11 66
22 18 100
18 20 85
3 8 73
19 10 100
24 12 48
11 1 44
1 20 64
25 7 92
2 22 93
23 9 27
25 1 52
14 23 78
5 3 67
20 6 0
5 8 73
16 3 57
7 21 33
22 3 81
13 5 86
18 1 56
24 10 25
2 16 14
25 4 67
25 15 75
17 3 14
19 15 67
8 1 78
12 13 36
7 19 68
23 22 14
7 11 65
1 9 27
5 6 27
15 19 89
5 18 74
18 23 25
20 15 55
15 25 29
16 22 94
21 5 52
25 20 24
21 20 44
10 8 49
11 13 83
2 24 30
18 4 85
8 4 12
15 6 10
16 6 58
16 3 70
20 5 9
19 17 52
7 7 53
19 9 40
4 8 35
23 8 32
11 4 54
2 4 10
18 15 98
2 2 79
21 20 89
13 24 51
15 14 68
7 25 43
22 19 58
9 16 27
1 21 99
14 1 97
1 18 46
3 15 67
12 10 39
5 9 79
2 3 30
7 6 36
24 5 58
25 20 7
22 8 84
25 4 54
10 3 52
7 24 69
12 20 98
4 5 67
15 21 7
23 10 39
20 19 59
22 11 57
16 12 32
21 18 17
3 2 63
3 2 72
16 16 91
4 14 77
18 20 44
2 8 87
16 23 86
20 5 47
19 1 67
9 9 48
25 9 100
12 24 91
18 9 93
4 19 41
23 17 61
19 11 42
3 8 16
6 15 1
23 3 16
17 7 26
11 15 63
25 20 55
21 20 20
15 10 58
3 5 54
5 19 42
10 13 62
1 9 96
18 7 2
23 22 87
13 19 15
4 3 21
8 16 99
8 22 0
14 11 49
2 17 33
2 12 83
12 24 29
20 5 68
13 22 7
7 24 30
1 9 90
8 18 42
10 12 42
18 12 90
4 23 57
9 4 61
5 18 0
1 20 39
5 14 88
16 23 24
4 8 19
22 6 76
19 19 3
14 10 33
1 25 35
15 5 29
9 17 57
14 11 73
17 9 63
2 21 69
21 3 67
23 6 77
8 12 15
20 5 71
19 2 90
9 18 32
8 3 57
14 10 26
15 20 52
25 14 48
22 9 21
13 18 26
23 8 90
23 9 6
24 21 44
19 13 61
24 5 39
2 6 79
2 12 92
23 12 10
6 22 87
22 17 47
8 10 75
18 15 10
7 22 85
24 18 98
14 9 92
17 19 25
14 2 72
3 13 50
25 16 35
20 20 69
20 12 59
23 6 54
15 16 56
12 22 40
3 24 78
3 13 61
16 14 65
3 5 76
24 2 3
18 22 53
20 4 22
7 15 34
15 10 80
13 9 88
13 21 48
12 9 58
17 9 32
13 11 92
1 13 38
23 2 91
3 1 33
15 20 13
5 24 89
24 23 28
8 5 57
1 3 5
11 10 50
14 1 49
16 14 41
23 16 21
24 24 68
19 25 41
9 17 42
18 1 17
7 3 81
8 12 18
14 21 51
4 4 22
23 18 83
5 9 7
1 2 99
22 15 96
15 2 76
23 3 35
20 3 88
14 18 94
1 18 61
12 7 57
20 22 2
1 10 19
12 15 44
12 25 92
2 12 11
24 2 16
3 13 65
22 13 70
12 21 45
6 14 43
14 8 69
7 12 7
15 2 13
15 11 25
5 17 74
18 20 51
10 7 17
10 2 81
16 6 10
13 13 68
23 20 37
3 8 65
7 9 43
12 10 72
2 6 26
24 15 81
1 6 79
11 2 12
6 10 33
7 7 45
8 8 49
3 2 60
1 17 35
1 21 16
25 4 97
1 9 79
23 14 47
13 15 12
13 14 16
5 14 50
4 1 47
13 14 83
3 15 37
9 17 8
12 2 35
13 10 18
2 15 22
7 23 90
2 10 6
5 20 96
21 3 50
11 3 5
14 22 12
20 25 3
2 6 86
5 18 1
5 4 42
23 14 100
10 23 64
13 10 49
19 15 37
19 18 80
19 24 36
20 1 99
14 14 37
25 11 80
22 10 66
6 24 67
2 12 14
25 19 22
1 14 61
1 6 63
17 5 30
10 5 86
23 24 76
2 10 62
9 6 45
20 22 67
15 25 41
23 15 76
25 18 49
7 19 52
25 14 86
12 7 97
12 25 98
11 14 16
20 4 61
22 18 100
7 14 74
8 13 33
9 18 93
11 6 32
7 8 9
17 11 48
13 12 4
17 20 27
19 20 33
9 3 45
15 7 6
23 7 24
14 8 29
12 8 32
16 3 27
23 15 78
1 23 32
22 3 3
1 8 41
8 16 80
12 17 80
9 23 55
13 20 16
3 12 53
24 17 7
22 15 79
7 4 87
8 14 60
4 24 57
10 15 45
6 21 25
12 18 50
3 9 19
3 6 54
2 14 63
5 23 48
21 19 61
15 20 13
11 5 94
21 13 30
12 10 72
14 19 85
11 15 52
22 15 71
24 4 57
4 9 91
9 19 51
16 20 39
5 21 61
13 17 75
4 25 19
15 15 76
4 1 70
21 15 78
8 8 91
3 16 93
3 9 64
3 25 45
18 9 4
15 8 65
19 12 1
8 4 97
7 4 41
8 2 12
7 12 48
23 25 19
3 14 2
9 25 86
11 9 93
22 23 56
2 1 1
8 20 15
18 22 18
1 10 13
17 20 23
7 19 75
10 21 5
17 7 11
12 25 74
15 20 69
23 20 95
8 15 30
10 12 33
25 18 63
18 4 41
18 16 46
2 11 67
4 19 93
2 10 20
8 21 58
7 7 76
6 13 33
24 3 89
5 14 40
2 21 81
3 24 20
4 4 97
17 17 79
15 2 75
3 6 36
6 24 5
12 19 66
17 9 82
25 17 20
25 15 61
9 2 83
13 6 20
8 10 60
16 4 28
20 19 72
13 12 48
9 15 68
19 21 83
21 9 88
5 14 34
11 14 59
14 10 15
4 17 85
18 14 2
7 18 78
15 2 99
18 22 65
24 21 16
7 23 38
25 9 19
5 11 11
25 21 25
24 15 88
25 15 76
1 19 70
24 21 74
9 15 92
13 21 93
8 2 52
5 2 49
16 16 7
1 10 7
25 24 83
5 23 28
6 22 100
24 20 25
16 23 12
4 19 31
1 2 10
2 24 44
4 24 54
15 7 10
6 23 82
7 12 9
3 4 32
19 14 15
11 3 98
21 11 42
14 3 50
16 17 29
21 23 3
20 15 40
20 18 7
13 22 61
11 4 2
22 9 63
2 5 19
5 17 27
15 6 45
13 17 43
24 14 33
7 15 73
23 16 65
22 20 86
11 8 45
21 16 13
16 4 19
7 7 40
13 4 39
7 11 91
2 5 49
4 13 67
21 23 25
25 24 79
13 22 50
10 11 35
10 10 41
12 23 79
14 21 30
9 1 13
3 15 40
5 7 97
7 17 6
18 2 43
18 18 92
12 23 85
9 18 31
15 22 7
9 17 43
19 23 96
25 13 93
17 13 43
20 14 45
8 22 83
9 3 8
24 24 44
7 11 38
12 25 26
1 1 96
25 3 63
3 3 21
24 4 0
8 18 11
25 21 11
1 10 87
9 4 93
1 16 85
17 21 0
10 13 78
21 13 27
8 6 81
24 3 98
17 10 99
11 20 85
24 25 73
19 23 67
1 3 90
19 21 99
2 9 13
25 24 31
24 8 45
11 23 73
8 1 30
11 19 72
23 11 37
10 8 64
12 23 82
1 19 51
1 17 71
6 8 99
7 23 57
6 15 30
7 22 94
15 13 43
25 11 3
13 12 7
9 3 13
23 19 36
3 15 8
19 12 7
11 10 24
12 22 51
10 5 78
19 14 96
15 18 27
4 7 43
13 11 83
14 5 94
23 21 94
14 12 13
6 2 70
14 11 21
15 23 21
15 11 85
24 14 56
8 7 3
6 6 71
5 22 62
14 8 52
4 15 95
7 14 91
2 18 47
5 24 83
15 25 20
3 20 51
15 6 7
19 4 6
10 3 55
23 10 68
15 20 27
19 9 46
14 18 55
14 20 75
20 23 97
9 25 80
6 22 34
5 20 69
1 11 3
17 5 67
6 21 51
24 4 57
5 19 49
22 22 94
16 8 41
9 21 52
25 12 90
2 25 70
24 6 11
11 23 24
6 2 79
20 3 15
18 14 85
15 16 84
23 1 71
22 23 4
7 11 60
3 16 58
18 24 93
14 12 79
5 15 25
10 3 3
13 18 16
15 19 21
24 4 36
13 9 38
21 3 71
15 9 70
7 7 56
19 24 4
20 18 81
7 7 7
14 17 13
23 17 98
6 16 31
13 15 58
12 17 19
23 24 12
23 8 80
8 16 74
1 7 60
23 5 88
18 23 74
10 14 94
11 10 51
15 12 76
18 24 49
12 11 6
1 23 21
23 8 39
22 9 3
21 2 56
8 20 58
23 18 62
13 4 86
23 22 64
23 22 39
22 13 37
11 13 37
10 12 58
23 13 25
18 16 53
1 12 73
9 6 38
20 10 99
22 9 0
12 2 96
25 5 9
2 22 57
11 19 61
24 10 80
2 19 71
9 9 10
21 17 67
13 22 65
8 6 35
10 13 43
23 21 31
7 22 46
9 17 22
6 9 19
12 7 84
4 3 53
9 14 48
22 23 66
5 7 73
16 25 52
17 22 1
13 8 48
25 11 9
25 16 18
25 25 81
17 2 29
9 9 76
9 17 59
25 12 45
23 15 72
4 12 10
21 25 83
13 12 74
9 7 26
16 10 48
7 16 46
7 25 65
19 23 20
6 20 80
4 25 27
12 9 15
23 22 31
4 12 54
11 24 9
24 16 39
21 14 16
25 4 47
22 1 63
9 12 44
24 3 28
11 8 56
13 11 63
10 7 63
23 8 43
23 7 5
19 13 93
12 2 2
9 25 71
4 16 69
8 5 4
13 1 65
9 20 41
9 15 40
14 9 45
18 4 52
23 12 68
17 11 14
12 24 69
16 3 63
5 18 40
19 20 60
24 21 95
16 12 35
18 5 5
24 7 87
24 3 69
22 24 94
8 5 19
24 25 45
15 19 63
10 9 7
9 20 100
8 3 21
7 22 1
7 15 83
8 2 98
14 22 92
15 16 98
21 5 12
1 2 78
12 3 71
8 13 53
9 17 86
4 9 63
9 17 63
24 5 38
16 1 21
8 3 95
8 4 87
15 20 73
9 3 72
16 24 19
24 18 55
22 10 58
13 15 24
21 17 77
25 4 11
14 2 36
22 25 75
20 22 81
2 3 62
1 1 88
10 16 81
20 12 100
3 11 65
9 1 81
4 20 93
1 5 83
12 1 46
1 3 28
24 10 28
5 15 94
19 15 57
22 1 34
2 21 48
23 15 35
7 24 18
15 13 29
17 19 37
23 3 89
19 9 84
4 16 12
10 5 1
4 3 99
1 12 26
17 7 66
16 6 35
17 9 77
24 3 48
23 7 6
21 20 25
23 1 98
11 4 42
3 18 85
19 17 81
20 21 21
13 15 76
20 23 49
14 22 28
10 19 63
2 7 62
12 14 37
14 4 91
15 16 87
11 21 44
10 21 60
10 17 43
23 16 4
11 1 10
8 8 92
16 24 29
21 9 1
20 10 11
1 11 76
7 19 62
24 5 16
2 19 49
17 15 25
13 8 51
23 19 56
13 7 57
16 24 58
19 3 35
24 2 14
6 5 97
23 12 4
6 23 1
16 16 28
21 13 28
24 18 86
14 1 26
23 2 100
13 1 48
20 25 35
9 9 71
9 20 42
23 17 85
4 19 25
3 2 14
23 14 62
15 20 4
1 16 5
19 7 5
3 1 57
16 8 64
16 5 86
5 10 66
7 14 6
20 5 12
25 24 1
12 5 80
13 3 87
11 21 38
6 3 53
22 11 51
18 5 17
2 12 99
21 5 7
24 16 14
14 21 53
20 19 88
18 24 3
25 20 24
3 24 47
19 11 24
20 3 92
22 10 65
22 10 68
18 5 75
13 12 6
6 14 57
7 7 42
16 12 34
25 13 62
14 5 51
15 10 48
4 14 28
22 10 96
1 23 27
11 23 97
19 2 20
12 11 15
19 20 54
22 7 60
9 25 29
9 14 32
11 23 67
15 15 42
18 17 88
10 16 63
11 3 67
12 14 99
19 8 8
11 9 48
5 20 62
14 16 58
10 15 27
20 24 31
15 2 95
24 9 90
8 8 45
18 8 64
23 11 16
23 17 27
18 16 93
14 2 57
25 7 24
22 21 38
15 9 76
1 16 92
6 8 62
21 9 11
8 18 90
13 17 49
13 9 36
17 19 90
2 2 6
10 18 25
23 10 29
16 6 66
5 19 65
8 16 45
15 15 81
6 24 38
11 23 33
23 25 99
6 22 82
25 15 78
24 10 5
24 6 39
19 17 10
17 6 57
5 5 68
23 13 40
11 17 92
10 11 43
9 5 40
7 9 95
13 22 65
13 23 61
19 8 70
21 22 96
23 20 86
24 11 70
13 1 53
11 22 39
20 16 14
22 17 7
8 14 87
21 25 39
22 12 39
8 3 14
24 2 98
14 2 39
18 5 59
12 11 17
6 20 95
8 5 66
21 2 25
4 22 49
16 12 23
1 3 57
17 23 88
11 7 35
22 2 53
9 24 62
4 23 32
20 6 62
5 10 100
1 11 89
21 12 85
19 7 21
25 20 63
13 6 58
20 20 19
9 2 86
6 25 55
2 16 82
11 21 0
21 21 67
22 22 24
1 9 67
2 12 44
20 1 56
13 5 16
6 18 35
15 2 78
18 13 49
25 19 13
10 11 93
6 18 37
22 19 8
10 11 59
15 5 85
10 24 29
25 7 14
22 5 52
3 8 36
16 14 38
20 13 1
7 18 59
19 13 59
2 10 75
19 20 93
4 14 95
18 5 66
9 23 82
16 13 69
3 7 56
1 5 30
8 16 38
5 16 40
14 14 15
8 18 83
9 7 48
20 16 5
19 4 14
19 14 34
6 9 91
5 19 18
25 6 0
7 16 58
13 6 64
3 1 89
1 15 3
20 18 80
23 12 63
10 19 2
19 22 52
6 3 55
15 18 62
16 18 24
21 2 70
17 16 34
21 24 2
12 9 20
15 3 96
15 12 37
15 24 94
13 12 25
11 9 29
18 6 97
3 3 92
25 5 21
4 8 92
25 14 45
20 16 3
16 15 24
21 6 51
16 10 42
3 25 27
3 1 80
4 3 55
13 20 70
5 7 53
21 20 18
25 4 62
15 10 57
5 14 45
2 21 27
2 15 82
19 13 94
21 2 9
4 3 37
10 18 48
5 25 51
25 11 9
19 4 19
4 12 85
17 25 22
4 24 81
21 25 54
11 15 63
1 24 50
10 21 57
13 3 24
11 22 26
9 9 96
12 22 14
5 8 17
4 25 49
17 4 74
5 2 96
9 6 59
22 1 65
5 9 72
15 19 53
4 14 18
14 4 56
15 11 90
24 17 58
20 8 39
10 21 8
17 13 7
9 6 34
19 22 95
18 2 72
23 19 51
21 1 17
5 10 74
8 5 70
1 2 6
10 4 66
10 15 52
24 6 59
19 2 17
16 21 54
9 21 84
8 24 30
13 3 55
18 4 39
22 7 34
8 11 95
19 20 53
16 11 77
20 11 51
1 2 8
20 23 38
14 18 14
5 7 8
21 9 18
4 14 9
22 22 9
14 15 6
9 6 37
22 22 37
7 8 45
12 3 94
21 3 87
16 2 88
4 22 22
5 11 42
23 11 48
3 5 5
7 24 76
5 2 10
19 5 34
8 22 84
6 15 29
14 7 53
14 12 55
18 21 31
23 6 86
18 16 73
9 21 39
2 5 9
4 1 33
24 21 22
1 24 52
8 9 78
15 12 90
6 6 2
15 13 97
6 2 4
14 16 36
18 18 19
13 9 14
7 4 4
20 5 0
21 20 79
3 25 99
10 4 20
25 4 98
3 22 47
11 25 5
22 3 68
10 25 39
6 19 14
5 9 17
21 2 91
11 1 56
10 3 8
3 10 89
24 2 13
18 15 12
9 16 74
9 20 97
1 8 82
20 18 99
9 20 8
21 24 51
3 22 32
23 13 33
13 2 9
10 2 55
15 17 21
11 20 98
2 10 88
13 1 22
17 15 15
10 14 10
25 18 39
2 5 81
9 5 16
22 23 93
1 8 88
18 4 16
16 22 78
25 3 86
16 5 47
14 10 52
3 25 41
10 12 35
12 15 44
20 19 62
10 8 72
20 12 30
23 8 24
22 5 47
4 5 16
24 7 89
7 20 16
22 24 50
1 21 74
9 12 100
13 25 33
15 10 67
16 17 65
21 18 85
16 24 42
24 2 86
22 7 58
13 15 37
17 17 8
16 16 69
1 11 50
16 4 33
23 15 29
8 21 46
8 20 50
24 9 45
14 12 84
18 19 99
18 10 91
4 20 93
20 15 76
14 16 40
1 18 63
25 18 3
6 14 55
14 9 32
6 18 67
12 11 91
18 11 22
3 10 83
12 24 9
8 6 45
16 9 74
7 16 24
14 22 98
1 5 10
19 10 32
14 9 67
15 24 2
22 10 95
5 7 67
21 10 63
25 4 4
14 23 23
11 16 8
4 13 48
3 11 32
20 24 52
7 1 98
13 20 28
22 15 57
16 6 82
16 17 39
7 7 32
19 5 22
8 24 45
16 6 45
11 22 60
5 24 96
15 24 72
18 13 74
1 8 73
2 4 79
23 24 30
12 2 25
10 19 31
4 16 38
3 13 17
3 7 29
24 21 66
14 8 4
8 16 47
10 1 40
2 2 26
1 13 71
9 2 40
7 15 33
19 7 63
22 16 4
17 8 39
2 15 56
10 17 26
13 11 13
17 15 82
14 1 91
22 22 84
14 14 72
23 12 22
25 1 15
20 15 0
8 23 72
23 12 75
25 24 88
16 7 31
5 18 55
22 23 13
16 10 79
12 14 5
25 18 66
3 10 73
20 23 25
22 16 24
10 15 100
19 17 11
19 10 98
25 11 88
6 22 48
1 14 42
21 16 81
2 18 24
17 13 81
11 4 43
12 11 22
17 8 94
8 5 93
24 25 0
14 13 5
8 21 78
7 5 14
2 8 52
21 16 35
3 21 90
22 14 73
10 15 17
3 20 53
11 12 59
10 2 41
15 14 56
20 25 19
25 18 80
7 12 15
23 25 72
4 5 31
24 21 20
17 25 6
7 18 57
9 17 55
13 16 39
20 12 42
1 4 61
9 3 100
17 2 51
7 10 8
12 7 0
22 3 55
8 15 46
14 20 84
3 3 70
21 14 82
14 14 40
19 10 34
4 5 2
7 12 18
6 4 26
14 1 85
12 22 98
12 5 26
10 16 47
21 25 76
2 16 22
20 22 28
2 18 0
25 21 81
9 22 35
20 16 79
24 16 74
25 8 28
5 13 2
18 1 74
20 6 36
5 16 66
5 18 4
22 15 6
14 3 54
18 24 66
22 19 51
22 16 6
5 2 10
9 14 33
16 1 49
2 7 36
15 13 34
20 4 1
20 12 95
22 24 21
4 11 74
1 8 100
22 22 87
10 13 36
4 4 73
3 13 30
24 1 77
11 12 81
18 20 28
20 3 13
3 5 11
20 11 20
14 10 42
22 8 51
20 15 19
3 14 60
7 24 0
1 16 44
19 25 60
10 19 91
7 7 30
14 2 65
10 21 35
3 9 26
21 6 29
11 10 47
22 8 24
4 11 5
9 8 60
1 6 67
16 9 1
24 9 50
6 23 60
10 13 18
21 25 33
22 6 82
18 23 6
7 23 7
14 22 86
18 15 50
14 2 37
25 5 21
20 10 74
12 10 28
15 10 21
17 7 40
17 4 30
7 7 65
17 1 14
4 22 3
8 16 88
14 7 11
23 11 69
21 23 51
10 25 95
9 1 58
14 9 60
6 18 89
4 24 8
9 10 47
23 16 61
6 6 66
13 15 45
7 23 53
25 3 75
19 18 50
22 19 62
21 24 31
16 9 3
19 17 44
20 12 15
15 11 1
2 14 17
17 14 73
20 13 24
13 24 96
19 4 47
23 12 49
11 4 10
14 25 86
24 22 28
16 17 84
22 7 28
24 5 98
25 5 45
24 24 1
22 21 73
10 21 42
13 15 73
24 10 78
15 10 41
5 6 40
6 5 15
1 11 13
12 19 2
6 15 24
10 25 75
15 1 12
23 12 77
25 11 25
2 15 10
13 17 7
7 8 37
5 17 99
13 25 69
14 1 92
14 24 89
23 7 35
22 4 96
22 20 8
23 6 86
23 13 65
8 8 54
17 11 30
22 15 97
25 14 48
18 14 26
23 20 26
12 8 15
2 7 12
13 22 53
10 23 94
7 13 86
16 14 82
11 20 44
25 23 12
14 1 100
20 11 3
12 18 80
11 16 27
9 13 56
24 14 72
14 7 64
23 25 1
5 3 21
18 5 98
21 1 11
5 4 61
7 16 22
24 2 81
18 1 79
23 24 37
1 18 33
20 11 90
7 11 68
19 12 96
1 3 84
22 14 33
15 8 67
25 12 70
13 10 69
10 9 100
6 25 99
5 5 73
4 18 37
23 19 92
12 8 4
17 12 42
2 10 14
13 6 78
16 22 72
3 14 29
23 3 53
25 9 53
6 16 87
22 24 60
10 20 41
9 12 51
22 2 74
17 20 20
3 20 4
8 18 86
3 11 50
8 11 33
22 15 83
9 10 92
16 19 10
13 5 40
15 9 59
16 14 93
21 17 9
2 6 7
23 11 81
11 9 28
2 12 23
14 18 9
1 21 12
15 18 6
12 19 95
14 20 71
10 12 78
13 19 76
13 6 0
17 1 57
17 14 0
11 1 16
19 11 93
15 4 51
11 14 69
11 5 7
3 9 1
22 12 69
2 9 44
25 7 24
21 4 1
6 12 79
17 15 14
5 18 51
10 25 87
21 2 34
2 20 66
5 2 37
1 12 89
10 12 48
5 23 2
5 24 20
3 20 53
12 11 56
18 2 59
14 2 89
13 4 51
2 5 46
3 14 70
12 15 74
2 3 76
7 6 58
5 1 7
6 22 84
6 2 85
23 13 74
10 15 82
11 15 10
21 1 53
11 5 62
4 11 74
6 8 91
20 25 65
24 3 38
20 6 61
15 20 91
22 8 65
19 12 53
12 20 27
5 18 48
8 5 26
18 1 33
16 11 85
25 9 91
9 6 30
16 21 21
18 5 46
25 1 14
18 17 48
17 20 99
21 18 25
18 7 94
11 24 74
8 8 89
10 16 58
7 9 46
10 13 54
25 3 62
2 13 56
20 4 99
3 24 2
13 11 13
3 21 53
19 6 99
21 23 9
13 1 59
18 16 6
8 20 78
15 4 78
14 22 83
2 20 42
5 7 74
11 19 32
4 23 38
1 23 81
1 24 52
12 22 7
11 24 74
16 8 74
13 12 87
4 11 1
17 14 43
12 18 28
1 6 100
2 17 35
11 12 11
13 14 13
8 2 64
9 8 82
12 10 82
23 2 71
2 22 5
19 24 36
5 5 96
16 16 70
12 24 85
20 21 45
25 22 73
3 15 85
20 22 29
11 6 22
18 18 14
18 2 83
15 17 39
14 19 7
11 10 70
23 12 44
18 18 9
23 15 57
22 8 38
20 4 67
25 24 23
24 20 65
10 3 76
23 25 14
23 19 6
18 10 63
12 24 99
6 19 12
20 19 70
22 14 36
12 2 32
24 4 6
24 2 61
10 14 55
3 25 36
9 11 37
17 2 3
15 23 19
13 21 91
19 17 85
1 24 1
11 18 60
21 12 48
11 23 1
12 24 32
9 9 42
14 1 68
10 9 32
10 22 66
23 3 59
21 24 100
14 18 78
14 14 65
8 1 31
3 22 76
8 18 72
9 25 69
8 17 26
11 25 28
17 7 68
2 7 64
3 23 79
15 25 44
23 23 45
3 12 90
9 4 75
17 24 24
20 8 95
1 19 31
3 6 19
24 2 10
14 4 44
14 25 1
1 25 15
22 17 93
20 14 27
24 8 18
2 7 12
3 16 5
6 1 1
17 3 18
12 2 12
18 12 98
1 13 83
21 4 74
9 18 31
2 3 6
22 17 40
23 2 90
3 9 55
13 20 88
8 2 73
10 17 20
21 18 54
20 11 82
4 18 71
8 5 11
19 1 24
23 15 3
6 20 8
10 23 63
8 1 72
9 10 10
15 24 53
11 18 78
20 20 77
22 19 63
18 5 63
21 3 27
11 21 88
2 9 90
23 7 12
2 13 60
7 21 29
19 21 31
10 15 89
17 3 29
7 6 36
9 18 13
1 12 9
20 24 17
16 14 47
5 17 72
24 1 94
18 2 80
7 19 1
15 21 43
15 1 67
14 18 41
12 5 47
18 25 78
25 21 73
4 2 15
2 16 42
14 9 52
2 20 53
12 20 26
15 6 99
2 8 83
13 24 90
19 21 62
18 24 23
22 12 57
10 23 25
7 13 78
24 16 32
21 19 57
12 10 25
5 14 33
6 6 57
3 12 23
7 9 23
19 13 44
16 20 62
2 23 83
22 2 76
22 21 55
4 12 46
22 23 57
23 18 21
16 24 90
6 14 0
12 19 6
7 21 5
21 8 24
11 11 34
10 9 81
9 25 38
23 21 88
16 18 97
1 22 84
21 23 65
7 2 96
17 1 65
12 16 81
11 1 2
1 23 55
18 12 63
15 6 91
6 19 51
25 5 8
12 10 41
12 22 47
8 8 75
3 11 8
4 23 23
24 19 30
18 24 38
14 8 30
21 23 2
1 18 88
9 16 21
18 6 63
9 22 57
11 25 9
1 16 55
11 13 47
7 22 93
18 13 21
23 15 52
15 5 48
8 24 53
10 23 4
19 4 23
18 15 72
15 4 46
4 18 64
9 1 7
4 1 71
15 8 75
6 24 3
9 2 51
22 10 96
6 12 78
11 3 80
23 25 9
19 11 95
13 1 20
24 13 33
12 12 80
6 5 58
1 16 75
23 12 29
20 25 57
22 4 62
2 16 100
13 8 62
7 15 93
3 1 61
15 13 99
7 18 87
9 10 92
1 8 38
9 2 13
1 3 93
21 16 75
4 8 4
7 24 93
18 22 44
3 8 6
14 10 99
12 21 34
21 1 26
13 2 35
1 3 58
19 7 95
23 8 98
1 19 25
4 1 30
8 17 4
7 15 17
16 9 73
5 3 62
3 19 57
19 18 11
22 3 20
6 21 83
9 6 30
8 23 99
20 12 17
14 25 64
10 24 76
18 17 68
13 22 4
4 8 35
17 10 86
2 24 2
21 7 7
17 6 76
25 15 15
12 13 91
9 16 67
5 2 7
23 14 23
3 4 47
5 3 41
24 1 77
6 18 56
24 5 58
19 18 70
10 16 91
8 16 94
8 6 15
23 7 70
17 25 36
21 2 31
8 7 95
17 15 2
4 18 18
22 22 62
3 10 11
9 12 55
17 2 73
19 22 83
19 19 41
6 4 91
16 10 61
12 18 44
20 3 98
2 2 85
1 16 41
17 23 16
3 8 6
7 23 55
4 12 63
6 22 38
10 10 11
22 20 34
12 11 57
1 20 68
9 9 5
8 14 44
3 14 96
17 25 66
20 22 71
15 22 96
14 20 45
15 23 67
20 5 74
3 4 100
23 16 54
4 16 21
23 24 50
13 9 59
16 15 25
15 2 20
24 4 65
15 5 0
15 14 83
8 25 26
17 5 47
5 20 46
22 19 24
14 5 88
20 7 26
22 6 44
14 9 23
15 24 89
22 13 23
19 8 3
20 6 20
9 14 75
1 3 63
3 22 100
13 25 8
18 7 68
13 22 31
7 17 56
17 17 23
5 3 26
20 20 75
15 20 7
24 22 75
10 7 52
12 7 22
21 4 8
2 16 82
2 10 26
24 22 81
20 13 37
21 17 11
22 17 34
12 20 29
6 8 8
17 2 20
14 10 7
4 13 20
16 24 3
15 23 44
21 20 97
8 18 43
4 7 67
8 24 10
13 4 60
17 14 40
16 19 40
10 1 40
3 7 6
13 15 55
21 7 29
18 23 76
1 5 58
12 16 58
6 17 22
19 1 56
16 14 8
4 14 93
16 13 7
23 18 19
4 20 81
6 15 12
3 10 54
17 13 7
5 11 32
1 14 32
14 9 66
19 5 94
2 2 45
6 14 88
18 14 8
15 19 77
16 8 2
7 16 92
2 19 69
24 22 92
23 20 46
4 14 25
13 3 20
3 18 47
19 2 55
3 11 5
19 4 73
2 24 77
1 4 1
8 17 15
20 5 44
24 4 72
17 24 61
3 14 84
7 12 89
8 6 37
25 6 99
6 21 68
3 22 58
1 21 72
14 9 50
12 5 47
2 16 89
5 22 81
24 6 59
14 4 64
24 20 32
22 21 65
9 4 57
23 15 44
13 7 79
19 19 48
20 20 95
2 18 94
15 14 47
17 22 28
21 3 51
19 21 57
19 18 20
1 9 73
13 18 82
8 24 73
17 22 74
5 15 91
25 21 93
5 13 79
22 13 11
22 25 56
15 21 37
11 21 35
9 15 5
9 3 54
12 19 83
4 8 77
24 21 23
24 25 87
16 16 96
3 8 13
21 15 52
23 12 52
6 21 26
6 7 37
9 19 95
7 4 85
13 13 5
3 10 1
19 10 78
14 7 32
18 6 95
1 6 90
25 10 81
19 21 79
11 25 18
25 22 89
23 13 12
4 6 76
24 9 2
21 3 15
12 14 60
12 15 13
4 19 91
5 16 89
14 24 6
19 22 48
21 8 88
13 17 31
19 14 92
21 15 87
1 12 92
8 8 38
11 2 45
6 12 73
4 18 90
20 25 62
9 17 39
6 4 25
13 11 19
22 20 86
3 14 22
22 15 48
4 12 50
23 3 92
25 14 42
4 5 83
6 21 15
6 4 52
4 3 65
18 5 87
16 13 2
9 17 89
3 25 47
9 7 71
19 6 94
21 25 82
17 2 19
22 12 92
17 2 86
8 25 26
14 10 95
11 21 29
15 15 73
3 17 70
13 14 92
11 24 59
22 22 42
24 12 71
4 22 62
21 13 16
3 1 14
24 21 70
21 20 42
7 10 13
2 8 46
9 22 59
18 11 65
1 12 39
22 14 67
9 16 89
19 21 36
18 3 78
21 5 19
17 25 56
15 19 9
1 20 7
14 16 18
17 11 55
18 18 58
23 4 71
9 10 63
13 24 89
16 22 7
4 1 28
6 10 51
19 5 73
11 15 74
6 10 38
21 10 92
19 25 71
8 18 41
13 16 22
18 25 7
20 4 58
8 12 49
3 1 10
18 12 77
18 1 97
12 8 91
24 20 75
20 3 58
4 14 54
15 3 33
4 24 98
5 24 92
10 8 27
16 2 14
9 16 25
17 7 79
23 9 27
22 11 86
18 25 14
11 23 70
4 7 51
21 11 84
9 16 73
12 22 32
2 24 45
5 24 72
8 20 32
7 1 60
24 11 27
6 24 79
1 16 28
18 23 57
24 7 38
2 18 9
4 24 66
15 2 99
12 2 15
1 11 34
9 10 89
24 2 61
25 9 38
8 12 64
2 1 93
2 9 75
21 13 73
22 19 52
13 25 44
7 17 25
19 20 3
11 10 16
15 3 98
21 17 20
15 20 53
8 15 53
1 5 19
8 14 6
7 8 18
13 13 73
14 10 59
6 12 85
23 2 67
7 20 4
12 3 42
15 17 57
19 8 80
17 8 37
22 8 53
11 14 32
6 14 35
10 23 90
13 18 46
22 13 37
13 19 63
4 20 39
16 5 1
16 17 37
2 22 21
21 24 40
3 14 5
16 10 48
9 14 70
22 12 17
14 8 41
18 24 93
10 5 44
15 17 20
4 12 95
5 15 57
3 21 55
17 13 60
23 23 31
11 4 14
21 18 68
15 25 75
9 11 89
20 25 44
16 8 35
23 20 0
5 5 91
6 15 63
23 24 83
4 22 24
13 7 87
15 2 39
23 18 84
24 25 70
24 13 61
18 1 61
22 7 58
23 9 23
24 18 71
21 2 77
20 8 97
20 9 6
4 13 9
11 12 29
6 8 81
16 25 69
11 9 98
5 18 54
18 10 52
16 5 21
8 13 57
11 11 15
14 20 73
9 16 74
11 14 15
18 23 92
22 1 42
19 9 18
19 17 40
9 7 40
16 21 96
4 10 86
6 20 16
15 1 4
21 14 87
7 8 70
10 13 0
2 11 42
16 2 27
10 3 73
5 14 22
5 11 80
4 12 35
23 8 55
11 8 14
17 5 35
2 24 26
20 23 57
13 20 97
20 5 56
17 5 39
24 5 47
21 14 40
14 10 65
16 3 78
13 9 8
18 3 89
22 9 12
20 24 18
6 24 61
17 15 11
8 2 77
16 20 14
18 13 95
11 2 15
23 5 65
8 18 95
6 3 53
7 5 49
1 17 92
14 3 28
14 19 88
10 19 62
22 6 66
10 3 21
3 10 83
4 10 12
10 11 82
2 24 53
18 17 21
19 1 29
2 23 12
1 13 79
21 6 27
17 25 80
21 1 55
8 3 37
25 4 17
19 9 97
18 11 58
15 10 65
14 4 51
18 19 58
24 16 51
11 9 92
11 4 51
18 4 30
3 1 36
22 25 60
17 2 36
2 21 25
23 10 34
11 21 21
9 8 90
10 15 12
4 8 80
13 4 72
11 7 63
14 4 4
20 21 2
14 2 41
15 10 74
9 7 4
15 8 60
8 3 64
6 7 52
25 3 69
2 3 94
14 16 65
13 15 61
5 3 47
21 7 21
11 8 67
25 7 62
4 20 79
9 1 2
17 3 85
11 7 30
11 1 83
8 13 26
15 12 69
24 24 37
7 4 47
15 24 8
22 3 24
21 8 32
8 1 15
8 18 8
10 7 88
1 11 20
12 25 37
9 9 97
1 6 79
23 8 2
11 1 1
11 11 26
12 23 23
14 12 17
4 12 99
24 6 0
24 3 32
19 14 30
5 25 67
17 4 31
13 16 91
3 10 19
23 9 19
21 18 39
8 18 61
4 18 85
21 2 60
1 4 32
20 11 41
6 20 75
12 5 26
21 19 67
3 10 10
21 15 91
17 18 36
15 10 77
23 24 54
5 23 30
10 4 4
19 7 26
8 7 60
15 13 73
22 20 71
5 23 27
23 1 17
1 6 18
13 5 52
20 23 10
24 13 68
7 12 39
3 3 4
21 10 58
23 21 87
13 6 100
11 20 69
1 8 28
11 20 95
10 10 41
24 16 21
11 5 39
11 12 27
5 20 71
8 14 71
4 21 76
3 15 12
3 15 71
8 21 56
8 11 47
22 10 35
9 16 22
6 21 42
2 8 18
8 2 89
21 1 26
10 9 30
24 22 68
14 1 39
10 2 50
14 18 10
19 9 73
16 6 57
14 6 31
18 9 29
20 8 8
15 7 88
24 5 31
19 13 62
21 24 4
9 23 68
11 25 6
18 6 99
3 7 20
21 11 13
4 10 47
16 25 84
19 3 16
14 5 21
8 4 1
9 8 79
19 2 24
1 13 81
3 3 73
16 1 33
13 8 62
5 14 76
10 23 83
13 13 71
10 3 41
17 14 15
3 19 11
20 20 48
16 17 50
17 8 44
23 4 75
1 2 29
5 11 31
17 3 8
8 10 94
13 19 81
10 23 65
13 20 71
23 8 62
19 14 91
5 18 40
20 10 16
5 5 28
5 22 62
19 11 84
20 4 85
25 14 41
8 17 30
8 14 49
4 3 23
4 13 15
20 18 6
16 17 13
9 15 40
9 2 36
16 7 54
16 24 30
1 17 3
5 8 3
22 18 37
6 20 19
15 4 32
15 24 65
13 11 14
14 8 12
25 5 48
16 19 19
23 16 49
3 24 71
18 2 0
19 1 65
18 11 68
9 11 51
15 20 86
23 1 40
23 21 100
22 8 87
23 25 9
13 14 72
24 2 53
7 5 2
23 16 78
11 22 29
9 16 35
6 23 91
7 4 8
3 13 58
24 20 8
9 9 7
22 15 98
11 23 26
12 2 43
22 13 72
14 19 81
17 22 24
21 3 13
14 14 78
13 3 88
4 18 91
18 5 39
17 3 50
20 12 64
12 21 52
22 19 72
19 21 95
22 5 5
15 23 9
20 23 86
17 5 49
17 16 58
6 7 5
11 7 13
25 11 5
23 11 41
21 19 51
18 15 37
9 25 77
19 4 16
13 25 97
12 9 36
17 19 34
22 21 19
4 22 83
9 20 26
19 9 11
12 17 7
4 15 0
2 14 77
18 22 93
3 8 92
3 15 43
7 7 67
1 17 90
22 16 73
20 6 33
11 18 13
1 25 1
21 14 92
4 3 65
22 14 2
13 9 6
15 17 53
9 12 79
6 19 95
23 19 16
18 12 94
15 14 65
18 3 79
9 5 19
19 14 3
22 11 77
2 9 8
8 7 60
5 5 28
8 22 79
10 10 45
23 20 59
22 23 88
25 6 70
15 19 75
19 1 59
13 25 5
2 7 62
14 18 95
10 10 45
9 9 49
22 21 98
12 13 74
11 13 91
3 2 94
4 1 37
8 15 32
11 21 10
20 3 74
24 4 53
3 16 2
8 18 34
23 14 98
24 8 7
21 19 67
20 3 27
12 9 22
19 14 100
11 9 67
13 14 24
9 19 14
14 16 19
13 14 50
24 1 46
2 1 54
24 9 33
3 8 97
7 23 20
14 1 59
14 12 85
1 5 29
7 6 34
16 8 21
10 3 7
20 13 4
17 14 72
18 3 91
21 8 57
9 6 46
10 14 26
5 12 56
1 24 20
6 15 64
17 25 95
24 8 1
9 19 68
5 21 57
15 18 77
7 12 30
5 3 43
3 2 23
23 21 56
12 21 100
4 3 12
18 12 89
12 4 20
1 1 99
18 25 17
16 15 55
23 12 59
23 4 66
9 13 1
22 8 23
9 14 39
13 7 27
6 15 6
2 6 29
24 24 42
4 11 100
24 21 60
6 4 17
22 6 34
10 22 98
12 21 97
25 25 23
10 7 76
7 25 32
9 9 86
9 18 50
20 4 7
18 1 93
15 19 61
10 8 60
21 23 71
25 25 40
2 15 68
3 17 4
18 1 44
12 14 71
21 17 80
14 12 79
11 17 96
8 20 21
8 12 53
16 14 73
17 1 4
24 25 11
20 15 11
21 8 38
1 1 89
12 25 66
2 15 80
10 7 8
10 12 26
16 22 48
25 6 24
5 22 47
24 10 92
8 19 2
16 7 54
13 12 91
22 3 21
15 24 83
20 5 85
12 2 29
25 4 77
22 2 24
20 11 96
21 5 34
15 11 91
20 17 76
21 7 100
14 15 21
11 16 90
7 6 1
12 2 32
16 6 23
12 17 42
25 6 25
20 13 15
11 16 96
4 18 88
25 25 70
8 22 53
6 2 82
25 16 10
24 14 21
8 3 73
24 22 22
18 6 98
10 12 5
2 10 13
13 5 70
11 11 86
22 9 83
25 24 22
8 13 54
17 15 70
13 6 74
14 6 7
4 8 11
1 22 52
1 24 80
25 6 87
16 4 53
17 14 40
12 11 69
2 20 82
17 16 62
9 19 26
1 21 30
9 18 91
25 2 33
4 12 3
17 25 25
10 3 17
8 8 93
18 24 7
2 14 84
25 21 40
17 7 55
5 19 87
20 18 19
17 6 62
17 22 22
10 10 32
19 5 81
18 15 56
21 20 28
16 17 32
20 21 43
4 20 19
10 19 65
12 19 29
1 13 3
15 10 73
4 24 66
23 17 86
10 5 66
8 20 99
5 22 21
2 23 94
14 15 94
2 11 84
14 18 56
6 11 91
20 18 77
19 24 13
6 3 93
3 11 54
8 25 61
10 5 47
4 25 73
23 25 92
20 23 4
14 2 43
25 8 30
24 14 56
16 16 76
24 16 48
15 11 14
4 16 39
24 14 18
3 3 45
23 18 19
8 8 41
8 2 29
19 1 21
21 15 73
20 8 2
12 25 20
18 24 29
3 25 82
18 6 47
9 8 92
20 21 18
22 20 36
7 6 93
4 5 3
12 6 83
18 3 27
18 25 100
22 13 39
23 13 43
12 16 24
8 2 85
14 6 2
24 23 56
23 5 21
15 19 15
2 18 70
3 12 35
3 23 47
3 2 53
20 6 21
14 10 2
6 15 92
15 13 19
1 17 93
13 22 19
15 4 6
4 21 7
6 4 41
21 22 72
2 23 67
15 23 54
10 22 7
22 5 96
17 17 19
14 3 41
25 19 16
4 2 67
12 6 39
18 8 6
12 6 60
18 11 4
25 10 76
23 5 76
8 15 40
8 11 51
15 6 65
1 8 36
22 14 78
23 14 31
18 23 29
20 8 25
13 3 2
5 2 9
22 10 99
4 7 9
3 1 92
19 4 80
20 10 19
19 20 56
25 18 20
10 19 78
3 12 46
9 16 44
18 2 33
1 15 93
9 21 17
24 23 57
25 23 59
4 18 11
10 21 65
3 23 53
17 23 21
25 6 34
14 3 15
7 15 14
4 17 26
4 24 27
18 21 81
5 18 3
2 6 18
13 6 26
14 7 37
2 6 98
19 16 48
11 19 88
