93
282
18 54 5
44 40 98
48 53 97
45 88 7
86 8 83
43 67 75
76 74 72
62 83 33
22 13 91
57 45 13
25 75 94
72 7 17
2 10 17
72 78 0
60 56 74
23 66 8
72 68 30
43 23 67
64 29 3
27 62 73
35 84 50
39 22 0
61 84 47
33 58 71
47 19 78
7 2 41
92 61 5
74 13 13
52 10 20
84 92 48
25 4 93
26 54 31
42 45 82
8 78 35
84 2 5
75 4 30
66 64 7
55 67 12
4 84 86
39 56 26
66 19 89
69 92 93
71 19 2
79 51 92
93 84 77
81 14 49
54 35 8
77 57 39
1 27 71
54 19 19
67 5 38
72 13 29
69 17 51
76 47 7
68 35 65
83 65 92
1 74 98
59 70 21
38 50 23
22 74 78
42 19 13
42 74 43
9 41 71
93 48 90
45 56 25
17 32 39
78 34 45
14 27 68
60 83 48
49 73 30
82 80 32
27 11 14
27 31 28
14 69 97
59 19 64
18 89 85
40 57 4
85 82 87
93 38 0
47 8 88
14 23 52
88 32 48
57 34 79
45 63 71
93 32 96
49 69 3
55 58 10
81 85 76
23 18 7
89 42 38
58 13 86
16 22 95
79 89 31
76 75 79
66 58 99
1 73 64
58 66 89
51 38 65
64 62 9
21 87 72
80 45 74
79 51 60
44 49 4
92 54 76
40 6 24
65 51 47
53 34 20
15 52 40
15 54 36
80 52 94
39 36 50
37 27 57
86 42 63
9 88 3
46 87 32
91 61 97
77 84 2
49 45 75
20 71 5
39 57 11
32 22 84
83 88 33
27 84 78
1 9 85
35 62 83
59 67 13
65 73 31
11 4 95
50 21 46
89 56 5
76 67 72
84 91 43
8 18 100
40 90 96
15 72 1
57 7 62
42 1 63
66 76 53
67 47 50
66 78 5
12 52 5
44 52 59
3 46 14
45 80 76
40 36 11
52 34 73
39 21 91
88 14 61
46 24 33
6 58 74
77 87 79
8 12 66
26 82 70
75 65 35
49 50 18
72 16 71
69 3 73
24 6 21
37 57 79
1 39 50
18 20 90
20 54 96
47 14 91
19 8 36
57 57 85
38 32 96
48 45 30
60 59 5
44 90 97
8 49 15
61 69 62
42 41 27
30 62 40
24 5 91
73 41 9
63 83 0
5 19 25
84 4 86
37 44 27
21 88 68
75 65 97
62 33 14
77 26 64
73 65 84
79 22 81
53 66 64
84 3 59
14 47 75
69 10 3
80 17 91
75 30 10
27 43 24
87 36 34
13 4 7
1 27 7
27 61 54
28 20 35
16 26 82
25 54 6
88 23 11
44 80 53
18 19 21
42 38 99
60 25 54
76 39 62
45 5 8
25 41 7
71 85 12
49 61 55
66 44 8
40 59 0
72 49 72
19 38 45
11 20 78
75 88 7
79 52 84
63 50 1
54 53 26
42 58 83
42 28 22
23 35 69
31 23 23
62 60 54
40 18 36
35 7 13
53 75 52
48 25 44
40 72 56
57 36 2
38 69 42
37 91 51
74 79 63
20 71 25
86 93 49
55 13 35
15 35 37
72 70 91
20 38 44
76 22 40
37 87 21
85 16 70
53 23 47
39 46 49
66 8 82
61 42 77
42 6 7
55 13 60
91 80 62
20 16 89
70 41 20
59 77 6
61 1 39
18 63 61
34 26 35
36 77 95
74 7 33
48 25 82
33 68 80
17 91 7
6 21 47
53 36 82
2 93 27
6 56 97
77 32 21
31 81 81
67 57 65
2 78 80
50 5 29
40 88 39
23 74 48
42 8 96
14 36 60
55 73 59
8 2 46
24 52 97
27 49 55
69 74 36
93 9 10
18 3 80
26 68 94
69 63 69
46 8 31
