69
129
56 11 15
22 29 8
45 33 2
35 31 66
47 17 62
2 52 40
65 52 96
61 49 20
66 14 79
37 21 78
53 17 29
5 56 22
6 30 86
17 63 66
2 56 59
22 32 99
28 34 98
42 69 66
24 57 22
44 57 100
45 56 46
40 28 19
23 6 63
8 33 60
33 16 57
32 46 49
15 53 81
18 40 10
22 28 87
44 15 35
44 18 53
30 3 65
62 53 52
26 33 58
41 23 64
8 36 17
44 61 29
45 30 21
12 51 33
49 25 33
18 23 1
44 33 72
42 27 35
4 65 14
41 12 72
36 43 87
34 40 34
66 3 71
34 1 88
38 8 13
21 61 99
13 66 47
6 6 24
37 14 58
56 64 57
6 61 50
69 47 34
16 48 60
50 56 8
31 38 8
17 7 69
34 27 18
45 10 5
26 66 52
48 65 5
52 39 44
35 61 65
27 9 78
45 8 60
38 10 44
49 28 91
63 65 63
53 18 50
1 11 79
49 43 88
61 24 22
18 19 50
37 56 47
7 60 26
9 61 28
26 6 58
6 61 75
63 6 74
64 8 49
17 67 45
57 48 29
68 29 100
31 15 57
2 4 71
9 49 73
49 12 35
39 11 20
36 51 96
59 21 36
21 68 23
61 4 91
60 16 2
64 46 76
31 29 15
60 43 22
11 24 18
8 34 26
3 28 71
58 59 22
50 30 5
63 10 94
24 28 93
58 17 87
48 61 46
51 29 32
48 60 93
57 27 78
69 46 59
55 68 91
57 52 62
40 42 71
2 64 9
43 21 45
5 61 12
27 67 43
24 32 99
51 27 37
21 42 93
27 61 0
28 51 56
16 66 92
26 59 6
69 6 62
13 37 66
