42
116
25 11 10
36 1 35
12 21 42
41 24 14
35 41 92
25 29 80
25 8 75
41 21 36
28 36 39
9 8 57
11 29 94
13 5 23
32 36 65
33 7 71
6 12 69
2 9 47
30 40 3
11 12 6
30 6 14
24 25 37
35 39 59
3 18 98
4 4 59
14 39 60
41 37 19
32 25 31
16 26 61
26 38 57
2 40 69
28 10 64
35 19 75
42 19 71
13 3 89
1 12 79
5 19 9
9 13 64
39 7 31
40 1 34
34 27 49
10 29 22
14 13 21
8 37 56
29 7 7
15 19 96
22 3 3
38 24 94
24 41 57
12 12 5
32 29 42
14 2 40
28 13 48
14 18 33
22 30 42
23 19 68
32 12 89
30 18 75
1 36 69
26 35 56
35 9 88
11 24 97
3 26 45
19 21 97
30 19 48
32 8 69
13 38 86
30 2 0
31 38 84
9 41 35
20 12 88
11 27 62
4 11 88
36 33 37
35 1 84
1 1 25
32 2 72
36 40 37
21 5 32
16 6 81
10 36 71
36 28 70
20 18 94
10 31 80
4 41 66
34 11 38
34 5 26
29 1 42
9 35 72
35 15 36
28 41 94
29 10 2
30 31 0
11 6 40
37 42 74
10 39 9
39 35 98
18 10 32
30 20 100
41 9 82
35 9 94
23 5 28
6 35 92
5 6 79
32 26 47
27 37 28
7 12 38
20 7 54
17 15 45
40 29 8
15 19 51
14 6 83
14 1 2
21 22 30
39 29 0
5 27 81
19 19 71
8 34 34
