86
192
30 24 39
1 44 79
12 40 67
33 70 56
34 78 92
53 17 27
46 55 62
43 59 19
36 21 88
75 58 50
53 81 54
40 33 79
59 61 83
77 50 32
10 43 48
51 28 35
55 21 82
18 73 62
63 63 69
3 75 8
4 21 98
52 43 88
86 81 82
24 59 77
80 72 89
7 44 6
28 30 58
79 45 27
53 85 35
84 64 72
37 55 60
59 2 5
46 55 62
61 10 78
1 7 58
53 42 54
31 13 93
84 69 47
32 73 90
71 53 56
51 71 0
18 67 37
18 5 34
41 71 37
72 77 9
50 21 48
86 50 50
49 50 87
31 61 28
83 67 77
43 77 9
85 68 4
48 61 47
53 79 76
35 21 29
60 15 81
37 37 17
38 84 93
18 82 69
8 36 68
30 72 97
11 82 1
55 77 53
86 17 3
51 46 32
52 81 65
36 6 48
49 43 86
36 62 14
34 46 70
8 6 83
36 80 19
57 74 13
86 76 41
19 76 2
39 69 80
21 52 98
34 51 16
14 10 1
29 19 62
82 25 86
16 44 32
23 68 56
52 50 12
29 6 82
83 17 82
18 14 79
69 81 64
65 54 1
85 48 4
60 31 36
18 40 15
65 65 77
31 73 44
79 51 21
79 65 36
37 50 14
4 20 87
30 33 80
41 58 76
35 3 29
48 41 48
74 7 99
23 20 13
42 66 86
15 37 83
19 39 35
27 37 82
26 73 18
84 35 41
35 23 49
30 16 46
31 66 16
8 64 84
31 10 32
6 68 20
37 48 85
72 82 25
3 76 80
13 37 55
4 23 20
70 29 93
85 50 39
31 67 32
52 72 83
4 1 98
69 45 28
65 65 40
44 22 18
53 53 56
82 86 3
85 67 26
3 55 79
58 26 18
20 82 26
86 25 44
1 26 68
41 55 94
42 27 66
73 24 45
61 26 63
83 47 67
44 83 23
17 11 77
9 72 28
12 40 48
26 53 65
82 80 92
58 48 5
83 31 14
81 71 12
81 23 87
45 50 49
69 19 23
83 15 17
45 78 8
3 70 40
51 7 100
66 22 20
79 81 3
77 83 97
16 85 45
54 79 77
8 47 14
68 22 75
39 19 10
22 86 90
78 8 20
20 56 6
33 50 22
2 44 86
62 34 98
43 20 41
3 81 74
15 79 36
56 33 43
22 8 72
8 2 7
70 3 93
21 40 69
65 50 69
48 18 48
38 61 92
1 27 94
41 16 57
46 80 74
17 18 63
51 73 61
43 3 94
37 67 26
22 12 24
84 66 68
