94
3303
49 65 33
62 34 82
17 14 35
40 77 20
21 27 27
38 27 51
65 63 10
36 28 48
42 80 2
90 43 46
93 34 73
64 7 67
21 81 69
81 41 31
7 22 37
23 81 2
6 47 89
92 61 42
29 55 49
24 44 39
60 75 30
38 50 38
6 40 16
31 50 9
61 40 32
74 4 8
70 59 10
26 18 37
3 33 35
91 41 32
51 71 23
29 74 91
12 11 77
60 67 23
57 77 68
62 2 53
40 33 50
49 2 23
37 35 55
11 8 23
11 73 81
20 3 21
47 59 0
79 82 5
44 92 80
72 9 8
31 62 36
44 19 32
70 38 52
42 58 5
10 72 25
48 51 46
34 62 96
50 4 14
24 43 11
32 87 42
23 85 11
83 23 76
31 87 54
43 77 12
66 87 95
62 35 52
65 69 17
61 15 89
37 28 99
56 40 51
73 6 31
41 90 40
2 43 84
43 93 69
67 91 34
79 13 83
77 93 93
68 91 10
47 22 56
14 33 28
21 7 6
68 32 18
10 91 24
62 14 32
94 8 83
46 17 30
10 89 79
19 60 70
77 78 89
32 37 24
80 30 42
91 46 17
16 71 55
77 4 36
11 21 82
19 3 27
86 23 29
40 28 60
84 38 39
48 63 27
2 69 14
50 4 54
64 1 46
86 91 72
11 43 4
6 3 29
31 85 33
89 4 46
16 72 47
11 89 74
57 34 94
40 16 76
13 54 22
50 70 55
69 91 75
67 67 6
49 22 98
92 28 9
64 3 8
41 81 62
27 92 95
17 91 77
92 81 87
15 64 84
32 69 94
32 76 80
31 66 52
49 41 9
71 74 47
78 52 44
22 21 81
56 38 59
22 79 90
65 43 84
49 74 41
58 35 16
67 28 56
66 56 33
33 85 71
45 61 35
84 77 49
71 47 84
11 67 22
34 40 15
20 50 21
94 89 53
48 24 48
59 52 6
58 43 56
3 26 2
35 83 23
64 21 53
86 82 68
87 70 71
24 15 52
51 15 86
72 90 56
91 67 14
81 7 80
30 14 14
57 65 78
39 56 33
69 40 16
68 15 89
84 84 29
56 81 55
67 50 51
45 40 15
55 7 54
24 65 100
33 88 98
10 90 73
72 18 100
74 93 30
6 48 14
52 64 41
71 63 17
88 63 85
64 19 83
52 6 38
15 22 64
6 67 31
87 39 37
78 69 50
61 43 33
91 26 97
66 54 83
33 77 75
49 90 65
92 74 57
34 53 38
34 64 25
20 69 69
71 86 94
33 92 2
81 39 71
37 8 89
2 74 48
80 40 21
77 32 91
34 6 83
9 86 38
33 23 98
16 19 85
62 36 94
12 54 14
15 44 95
44 90 74
38 29 44
17 66 61
42 85 2
74 30 59
55 89 71
69 53 83
30 52 73
12 30 36
28 73 88
18 66 30
79 69 53
46 68 100
72 60 38
39 81 44
12 85 59
31 4 51
59 30 92
43 9 32
1 62 80
13 34 14
69 45 65
1 10 5
71 60 2
32 27 37
46 58 100
15 41 44
78 31 88
58 75 97
49 21 22
42 25 51
77 79 49
44 69 60
13 43 57
55 87 31
90 26 13
72 13 75
89 81 74
92 11 8
67 21 62
23 83 72
43 5 95
3 67 39
58 51 72
46 15 14
69 28 91
8 57 23
19 32 29
73 63 25
22 48 35
12 77 93
57 91 70
76 83 77
45 5 2
84 1 37
41 33 54
14 37 29
25 27 29
80 93 3
67 92 16
4 38 36
36 92 73
19 86 71
18 36 19
78 86 73
25 67 30
2 28 88
30 89 5
5 93 46
78 13 14
92 91 22
43 36 40
20 25 93
55 59 93
38 57 79
40 13 79
48 56 71
69 60 31
52 50 56
28 61 98
17 45 10
70 94 8
36 77 60
91 19 78
23 55 70
72 60 90
22 1 12
10 75 44
69 68 16
73 69 69
11 85 93
37 21 68
66 77 34
32 26 25
54 15 19
9 35 7
65 84 12
37 34 58
33 79 57
55 33 49
35 8 85
40 77 79
20 5 3
12 94 57
44 26 11
89 92 87
73 23 94
13 90 49
34 69 26
15 70 63
17 89 17
81 10 66
81 75 96
19 12 43
81 85 58
82 39 93
94 72 54
31 93 61
83 90 69
18 17 47
91 30 24
92 71 84
39 9 76
65 36 56
44 11 20
55 14 58
53 48 53
6 56 70
10 45 5
47 28 58
46 64 7
73 62 100
54 30 53
47 79 100
37 59 95
47 6 64
79 63 18
60 71 55
8 7 16
7 64 89
48 43 36
46 8 87
5 3 0
1 50 100
7 41 95
93 81 89
22 94 47
6 39 86
70 39 44
44 70 98
88 3 6
30 71 46
12 14 56
59 30 12
67 3 5
86 94 28
82 48 28
33 2 43
84 27 44
32 35 24
93 90 5
80 7 64
32 93 46
81 79 95
62 28 65
36 4 54
49 27 3
52 52 24
52 13 79
57 67 42
78 10 72
93 24 37
5 80 60
25 50 97
6 70 6
57 20 15
88 62 50
74 77 16
14 6 31
22 74 9
27 24 4
6 40 22
75 68 89
29 73 32
82 14 91
29 47 61
47 74 23
74 88 68
6 42 92
94 65 48
7 58 80
80 49 44
16 7 92
6 83 33
79 4 18
70 56 54
71 30 87
1 14 65
80 89 0
42 48 7
18 33 36
56 72 68
94 89 71
9 86 67
66 20 57
10 31 84
78 86 56
16 94 94
43 17 28
59 25 17
29 16 48
2 83 1
56 65 52
53 41 7
8 82 43
17 48 3
24 19 84
43 50 7
73 92 63
49 27 86
81 55 47
88 35 35
35 47 60
24 35 62
34 1 71
9 50 41
87 18 10
29 38 81
14 38 36
82 71 100
86 79 20
55 88 91
73 87 8
17 91 19
10 73 14
7 13 82
80 5 89
69 12 32
71 16 80
90 22 69
53 15 25
82 9 3
38 40 79
3 77 82
72 78 55
2 10 67
67 60 63
17 23 67
68 15 70
30 73 100
6 79 42
71 39 29
67 72 31
62 60 63
78 68 99
83 75 65
16 38 76
18 48 85
52 79 44
35 49 61
23 25 82
4 35 71
47 53 63
50 85 59
64 41 94
75 47 54
17 32 93
5 64 20
48 6 19
85 91 25
3 93 25
85 72 35
4 20 63
18 79 6
15 7 42
76 43 51
4 45 33
3 58 63
80 47 3
70 27 35
11 75 55
91 72 56
36 15 73
55 90 78
65 4 83
69 47 86
22 88 25
74 13 3
8 33 66
90 86 82
67 48 85
67 89 63
58 29 45
16 37 39
61 94 92
8 43 5
66 35 61
64 66 0
71 92 85
57 52 54
31 13 12
48 26 36
53 63 53
64 93 43
55 38 87
57 65 78
28 35 94
81 44 96
73 16 58
76 5 1
88 27 87
48 90 32
60 83 27
29 13 65
29 29 52
55 77 43
49 63 43
76 29 51
16 54 82
68 29 80
46 37 27
31 48 69
36 72 32
5 45 39
90 63 97
47 9 7
65 36 33
22 63 32
92 23 62
83 4 58
83 56 58
72 3 85
58 38 35
43 81 39
7 30 37
58 75 1
72 26 73
43 43 92
55 68 32
61 23 83
49 11 51
10 38 33
64 13 95
29 55 87
87 10 48
8 65 85
84 22 69
70 14 70
55 11 54
58 78 3
90 89 25
14 65 60
62 51 72
51 63 3
53 26 29
9 61 22
10 14 61
77 61 25
21 26 80
16 61 46
10 42 21
30 12 95
14 64 71
1 63 49
28 15 54
74 89 99
1 85 66
74 55 79
6 74 20
38 57 39
73 51 93
54 91 64
86 23 90
26 50 56
5 48 77
19 50 36
90 10 55
79 34 44
66 45 99
50 37 36
82 3 58
90 20 84
66 15 25
21 20 62
72 23 39
17 40 64
28 72 56
44 72 30
3 28 12
51 12 86
8 53 86
28 46 65
1 35 40
67 68 50
60 29 68
27 27 17
90 87 40
56 12 79
58 19 43
89 27 99
78 35 59
41 22 34
61 35 50
94 55 72
71 17 97
23 19 12
26 21 46
40 14 26
15 48 65
91 20 44
81 12 7
81 23 53
4 27 2
68 2 25
25 15 68
75 28 66
81 39 96
16 43 49
57 5 31
71 84 64
82 31 80
58 46 30
37 43 72
19 30 11
4 34 99
58 68 33
89 12 87
92 89 90
76 39 63
3 36 36
84 77 85
51 32 43
31 87 40
84 9 9
94 77 17
24 75 22
94 24 52
50 5 89
81 38 79
41 77 10
28 82 70
66 43 53
90 83 50
9 62 62
36 90 32
82 16 58
26 68 51
42 85 8
84 37 32
69 7 76
52 3 13
48 85 4
83 16 40
56 54 44
51 47 20
66 26 20
88 64 50
38 15 25
19 33 50
88 1 1
67 51 96
34 10 23
55 19 22
72 66 53
66 72 46
40 52 19
61 51 48
56 8 15
68 47 84
19 60 18
54 46 14
83 90 50
53 65 36
7 44 12
12 94 72
6 81 41
78 28 96
42 94 7
13 42 88
40 45 83
66 1 69
41 22 84
18 63 0
21 35 18
44 44 23
56 10 57
16 52 80
74 50 29
75 55 27
28 19 75
4 74 71
43 8 21
16 41 12
87 6 88
22 56 100
45 79 27
91 65 84
94 61 38
39 30 34
24 64 33
14 61 74
87 36 80
42 27 59
59 89 13
49 41 10
91 68 30
2 30 3
4 34 98
88 75 44
52 21 96
93 71 4
68 2 42
94 49 50
16 48 33
59 2 27
32 64 53
15 52 11
30 68 44
19 78 61
63 22 88
16 24 39
31 16 4
58 77 54
27 3 48
30 41 89
10 39 75
12 10 77
23 70 20
5 88 87
87 3 60
12 93 6
38 55 40
59 14 52
88 57 97
72 84 81
69 23 77
11 50 14
7 81 90
73 24 69
70 84 75
86 13 27
38 88 37
73 86 44
94 1 96
40 61 49
16 16 2
89 19 72
25 91 40
62 44 36
4 89 28
75 80 40
73 54 50
88 79 69
35 49 3
55 37 89
59 94 15
89 4 2
39 67 21
30 61 25
33 86 48
74 20 14
80 1 99
63 42 35
16 54 84
64 13 5
6 49 36
10 71 12
44 26 25
67 33 45
88 63 40
9 77 78
33 47 46
60 17 100
25 61 44
18 1 59
60 44 11
45 54 62
92 5 92
25 39 47
34 13 95
72 90 85
59 17 75
41 44 58
67 71 80
37 41 79
10 81 33
13 5 57
13 38 89
45 1 31
37 85 62
61 93 34
72 35 80
81 62 54
68 50 90
85 67 29
60 18 95
88 43 67
64 22 14
28 61 51
26 48 51
4 20 79
85 5 3
14 54 31
48 43 18
54 2 14
47 23 22
64 89 20
67 85 14
53 85 16
44 66 21
68 90 7
88 81 12
44 44 91
48 68 96
75 81 16
28 94 48
21 10 7
6 86 24
91 86 27
87 86 67
90 26 56
65 30 25
66 64 2
16 62 47
82 82 19
80 17 90
67 79 38
79 68 86
19 63 24
74 70 89
40 61 57
80 40 55
23 37 65
15 8 72
62 65 18
27 31 33
81 90 29
49 94 75
44 44 10
2 36 89
91 69 62
80 24 31
43 16 45
22 53 73
81 15 43
65 71 48
82 52 85
52 51 35
48 78 68
56 52 81
28 63 59
52 43 83
9 91 58
3 64 37
78 13 47
90 76 35
29 86 50
80 18 72
1 92 47
73 23 53
35 1 16
86 87 66
80 19 56
6 47 43
78 12 31
68 89 6
78 82 17
23 89 62
27 43 0
80 56 99
52 14 26
3 42 74
82 55 79
63 49 83
60 48 92
46 43 38
17 82 82
73 35 33
85 35 96
66 59 26
68 55 52
83 77 74
79 55 0
4 23 100
23 40 22
20 11 17
14 57 97
20 37 90
51 27 12
62 39 34
67 34 84
35 55 76
51 42 32
20 52 95
20 5 36
92 23 33
68 56 85
42 94 39
37 42 95
33 35 12
23 22 88
6 8 86
64 36 79
89 15 71
33 42 70
72 88 56
42 45 18
82 47 54
78 15 97
86 50 0
38 46 43
16 48 17
67 26 27
87 81 44
80 48 89
80 70 14
35 19 32
10 11 81
53 12 95
68 46 14
79 90 100
53 35 91
71 27 13
50 33 14
84 60 15
35 29 70
36 26 51
83 18 47
20 89 3
93 66 73
59 29 8
6 92 21
75 16 51
79 85 24
36 37 96
61 13 35
34 70 67
32 53 53
6 65 36
46 39 49
31 28 30
83 10 42
13 38 90
56 46 9
68 71 38
53 92 6
8 83 48
86 66 57
11 4 76
63 54 37
67 57 98
93 66 69
35 32 31
16 19 81
9 15 39
9 84 14
75 88 58
64 68 34
50 28 18
24 81 17
94 23 46
80 64 81
27 85 2
27 35 61
61 35 55
87 87 98
87 22 13
70 43 82
72 37 29
87 13 96
66 75 92
40 67 34
33 23 77
92 78 97
14 88 57
76 79 14
37 81 5
43 58 43
78 65 96
56 9 91
70 85 39
88 74 94
2 71 79
19 13 73
17 28 54
37 65 59
65 39 6
82 33 3
68 39 4
1 25 72
8 79 18
74 77 83
15 52 46
35 66 6
61 27 12
34 41 35
11 14 61
11 33 85
36 75 87
49 71 83
29 67 39
32 94 25
57 53 76
65 61 1
65 62 82
12 34 47
70 21 35
80 84 49
72 32 26
9 32 7
81 50 33
69 20 11
14 88 14
1 41 51
63 12 21
26 40 1
19 14 39
49 27 3
51 57 98
57 58 91
29 78 51
76 24 14
67 92 97
34 60 91
17 81 14
65 63 63
49 8 62
9 31 81
18 93 37
32 77 58
52 73 84
94 15 69
57 48 9
74 16 5
93 76 13
28 23 28
29 87 42
74 21 22
47 72 76
90 90 40
23 88 74
76 84 23
46 52 56
57 54 48
84 46 92
8 54 5
57 8 27
75 66 89
25 63 88
12 4 10
59 33 33
1 33 70
30 63 47
7 89 38
36 10 63
7 83 95
86 12 39
75 58 33
21 47 62
70 43 69
46 58 48
52 32 88
3 68 86
81 31 27
19 4 76
70 27 17
12 42 71
14 29 75
27 9 6
4 80 98
22 35 95
53 36 20
60 29 0
69 13 84
52 48 45
88 93 60
14 13 63
40 63 49
52 78 8
7 60 27
8 9 24
12 63 0
91 33 75
71 92 15
63 9 91
41 40 66
30 87 90
20 17 59
59 23 83
47 70 72
54 27 16
3 47 0
24 89 63
78 31 39
15 94 88
50 39 5
48 94 4
6 58 65
27 43 55
14 37 82
81 90 76
48 51 92
7 15 74
31 51 32
16 9 31
80 6 54
35 66 72
87 47 42
71 60 24
36 54 69
93 38 93
12 38 66
27 9 1
72 49 8
57 35 21
42 65 87
38 92 33
4 68 64
93 48 15
27 12 53
90 6 87
42 33 4
87 78 15
10 39 12
38 7 53
27 52 70
5 75 100
11 11 4
78 51 85
84 8 71
70 86 8
12 78 75
37 93 1
39 48 69
34 57 56
10 73 25
38 83 71
91 77 69
77 4 97
20 43 22
16 90 70
35 50 48
14 62 22
62 64 13
35 76 99
59 56 95
54 25 12
60 42 25
68 86 78
63 69 46
15 22 41
94 34 55
89 38 66
10 86 24
13 5 38
56 38 73
43 32 89
14 21 37
56 14 46
40 59 88
33 27 34
69 25 80
77 90 15
84 65 61
39 34 88
52 80 41
71 47 51
88 48 55
32 18 99
66 65 32
23 94 69
84 41 59
47 24 99
84 14 63
7 26 54
9 65 34
67 77 20
57 49 38
88 91 25
81 92 54
89 17 78
59 24 68
78 75 33
22 49 51
1 2 15
72 5 97
55 44 54
53 88 82
57 24 45
66 85 91
40 84 64
93 61 74
17 27 97
36 33 54
78 75 99
16 80 32
52 92 88
28 52 62
13 90 31
8 12 88
32 49 72
50 10 20
51 58 26
47 29 45
48 87 9
50 44 87
48 74 56
52 13 52
57 15 0
88 53 36
72 46 78
56 72 82
51 71 39
80 89 35
28 22 20
11 27 35
93 60 5
52 46 58
17 16 20
51 73 73
63 51 95
29 53 75
90 67 5
1 40 40
27 6 43
93 17 78
10 69 18
64 86 60
58 39 9
56 46 33
63 41 33
94 5 97
17 29 23
69 59 78
10 50 99
5 19 6
55 51 2
89 85 89
2 48 12
80 25 47
22 31 96
15 61 9
15 86 25
24 5 97
14 32 19
78 38 95
10 86 97
90 30 9
6 86 82
39 11 12
29 77 86
47 86 14
10 13 16
40 52 32
34 11 36
40 65 21
50 55 69
3 23 57
93 14 77
5 27 2
50 91 10
91 40 1
75 66 57
34 67 61
94 89 64
40 91 20
82 89 100
93 47 0
71 81 81
81 23 33
85 60 23
48 78 59
61 26 93
17 31 98
21 38 63
21 83 72
46 31 27
57 8 40
7 49 19
25 31 83
81 45 67
13 91 37
85 63 85
81 59 5
2 15 86
54 60 100
56 41 37
81 67 9
65 26 100
28 63 15
81 47 11
86 10 97
35 59 100
51 2 57
20 81 69
1 55 69
33 74 79
52 91 35
24 62 37
21 81 18
64 84 47
10 65 77
23 16 98
73 9 84
75 37 2
20 74 60
8 20 24
78 3 64
45 76 23
80 31 11
25 6 10
71 1 73
33 84 62
32 20 79
38 52 43
50 43 78
13 90 85
33 88 6
33 79 2
61 25 56
38 94 83
88 21 99
9 29 3
76 29 66
34 9 40
92 78 37
81 34 97
4 10 18
16 13 32
84 58 79
20 2 4
11 20 83
65 76 6
52 77 76
82 86 64
53 80 76
51 50 64
73 82 78
83 61 84
35 4 8
14 54 19
73 37 93
3 86 57
33 10 4
87 66 42
41 14 52
72 80 75
77 20 97
81 5 93
41 93 82
10 30 39
77 60 69
19 9 98
36 29 73
8 18 68
25 53 14
80 72 42
52 27 23
94 89 33
66 74 12
74 22 62
4 5 76
18 93 86
45 69 52
69 94 68
18 58 80
38 51 61
48 37 47
57 1 42
72 5 50
72 11 53
6 22 28
63 13 79
17 39 13
93 69 7
16 31 11
32 35 60
66 21 45
43 54 83
50 91 61
20 19 93
56 67 46
9 65 71
10 60 14
50 33 46
40 90 21
23 79 64
68 30 28
30 70 72
10 67 44
8 67 35
46 10 63
85 28 86
40 49 26
18 6 54
54 83 15
37 5 37
6 41 32
20 50 44
90 50 69
59 53 27
35 43 100
85 9 84
12 66 27
33 66 17
43 38 49
1 49 77
52 44 32
73 32 46
23 4 15
45 24 61
85 4 100
79 32 69
63 39 19
31 56 32
89 56 15
67 92 58
18 83 53
1 1 86
59 75 80
40 79 45
6 32 71
85 6 25
6 55 90
60 46 95
29 43 96
66 34 71
11 37 94
86 73 26
27 4 75
39 18 82
90 56 68
11 39 39
11 77 66
47 13 66
64 27 92
63 17 1
52 27 19
21 57 42
1 26 18
73 94 5
90 31 91
30 5 90
60 6 78
6 57 7
54 75 12
55 49 75
46 32 56
90 65 89
10 37 93
77 52 70
31 92 21
88 53 28
38 26 22
44 73 87
29 71 20
45 86 59
72 38 22
68 52 88
28 21 43
15 15 46
7 54 43
88 63 55
22 42 30
45 22 20
81 53 11
69 83 29
78 57 91
19 16 48
94 82 90
5 62 47
27 51 23
27 64 21
57 89 67
94 63 39
83 82 92
77 35 96
27 90 34
36 72 62
55 21 73
34 57 23
89 44 87
12 37 89
16 58 88
73 12 41
67 49 62
7 84 71
30 16 89
31 61 25
68 4 13
74 84 44
67 60 50
62 38 9
66 53 67
41 88 61
23 41 100
2 12 44
74 67 18
79 4 41
60 2 77
65 94 29
88 80 72
15 62 97
30 7 13
60 64 52
73 85 14
6 38 69
21 58 70
65 15 22
83 35 89
4 43 74
72 12 66
87 32 69
75 66 3
40 51 56
38 20 99
94 41 54
14 91 98
25 78 89
35 35 40
43 66 13
86 20 49
89 20 70
44 15 37
53 85 32
50 90 73
33 72 10
13 42 77
87 63 6
37 89 89
4 38 11
8 66 85
3 64 64
2 76 21
46 88 62
22 64 60
52 24 33
80 35 72
51 13 28
69 66 75
86 71 79
50 85 74
57 53 1
28 41 89
50 87 64
9 34 29
18 5 24
27 4 56
75 13 90
41 38 84
83 29 18
90 89 23
50 6 24
85 83 76
69 87 82
7 53 56
62 27 29
1 5 83
83 76 27
72 81 20
26 83 32
51 56 44
55 79 85
15 52 33
21 88 27
52 21 41
23 10 77
37 20 43
14 55 77
7 59 46
1 28 54
85 73 1
32 9 56
41 79 84
87 81 52
13 3 55
90 81 68
56 31 72
87 10 84
93 15 42
48 49 20
84 46 20
93 37 1
73 46 99
59 60 33
10 16 14
23 2 88
50 84 94
38 33 18
61 54 12
93 47 51
65 56 49
3 23 73
36 58 27
70 27 47
70 22 22
41 17 42
35 44 77
84 16 39
30 48 49
88 79 73
49 10 17
52 88 74
68 74 77
47 34 47
86 76 8
56 93 46
88 33 35
82 10 73
34 13 59
16 87 66
61 35 26
60 60 73
37 76 50
90 44 43
68 57 32
16 29 92
68 31 53
6 6 84
25 44 69
80 11 20
3 58 76
38 12 34
16 7 35
7 65 4
38 56 2
75 73 24
67 19 35
91 53 86
84 76 20
16 38 12
73 42 75
76 11 85
5 36 35
71 61 2
54 86 63
49 85 49
33 82 33
92 35 19
5 30 59
77 6 93
77 90 40
42 78 38
33 23 57
73 19 23
39 75 64
36 23 13
84 86 98
2 86 28
78 71 51
27 20 56
17 81 34
69 75 55
80 62 79
59 75 43
16 22 13
13 56 32
42 75 53
3 39 80
83 63 39
24 84 85
13 36 10
7 43 22
67 84 23
4 45 56
39 17 18
70 58 45
32 59 51
19 28 57
20 44 37
19 26 19
53 36 10
23 56 71
67 57 83
29 20 10
14 12 68
66 60 0
94 76 98
16 73 46
56 6 78
38 23 48
28 92 40
50 16 78
57 87 74
39 77 46
80 55 24
87 43 59
33 51 73
82 76 87
62 8 82
72 35 15
3 56 83
83 66 18
65 22 28
82 25 60
26 70 4
30 87 4
13 32 59
13 58 97
32 62 68
91 29 70
2 38 97
16 78 8
22 48 36
48 2 75
8 49 76
32 50 30
3 12 74
29 10 83
72 7 30
43 39 37
31 66 63
89 3 32
79 63 18
89 24 13
32 71 5
83 74 16
80 64 11
29 80 76
8 90 62
75 56 24
49 94 13
30 86 75
81 68 98
54 23 17
65 28 4
10 13 80
78 88 38
68 41 24
57 81 15
7 92 38
33 93 73
84 86 89
39 86 82
50 88 65
49 17 37
77 8 1
32 76 28
10 33 84
90 11 74
61 40 3
86 69 88
63 82 50
76 48 49
62 91 40
93 61 57
16 32 14
61 70 79
73 51 92
72 56 32
56 55 4
41 91 87
34 68 29
78 65 92
4 35 38
6 53 99
18 42 65
85 37 9
52 62 1
87 35 51
65 87 89
1 84 19
21 58 44
56 83 57
64 28 12
7 56 58
67 35 80
57 36 74
28 3 71
20 18 70
21 27 96
77 68 48
84 14 45
21 74 43
44 16 9
89 15 44
89 65 6
12 83 98
36 83 23
20 49 78
37 11 100
55 36 77
31 7 66
19 54 11
81 35 10
69 91 82
28 17 24
25 36 85
70 90 94
59 22 65
27 74 5
32 94 78
8 25 44
36 65 71
71 4 74
71 82 46
65 79 46
73 42 88
86 66 57
35 59 64
90 49 33
68 6 51
28 4 31
44 33 62
35 47 42
5 15 10
77 62 5
80 34 60
57 76 42
40 43 51
24 86 70
20 94 17
60 69 69
35 46 27
78 54 98
78 29 57
47 18 6
64 26 69
41 76 95
4 21 34
34 11 90
72 40 32
61 74 41
4 75 60
13 25 16
55 65 42
34 30 77
90 68 97
85 11 93
37 80 26
9 33 16
37 89 82
66 63 63
27 40 42
90 38 95
69 17 61
52 42 82
32 60 53
87 3 93
80 78 17
76 82 36
87 57 98
92 6 75
22 33 47
8 79 29
24 70 65
19 14 52
50 18 2
36 28 80
45 66 57
82 79 46
89 82 11
33 92 91
74 43 23
20 24 18
17 67 48
46 68 6
29 41 75
23 10 95
74 49 98
91 86 60
78 57 27
91 53 91
90 82 62
29 7 61
54 88 32
81 22 28
33 13 75
4 60 100
55 86 77
24 28 88
43 28 47
14 36 51
44 68 91
27 49 46
34 1 48
87 6 14
44 36 63
28 68 93
16 73 87
46 21 20
23 91 73
94 86 16
42 85 62
11 28 84
71 67 91
79 10 11
15 72 100
14 34 92
6 61 80
11 59 54
28 54 75
14 22 54
10 81 37
2 38 27
4 44 95
45 70 57
60 84 32
62 44 13
6 87 16
54 39 87
84 53 35
54 74 73
38 48 85
55 74 29
70 30 51
37 4 82
9 65 35
1 23 56
29 94 92
68 2 0
33 12 2
66 93 44
40 41 63
23 73 81
93 61 15
22 49 9
27 44 36
64 58 60
49 88 82
51 82 26
18 13 40
22 66 72
91 43 81
33 25 86
30 18 99
49 72 88
33 29 29
72 18 4
80 22 75
4 11 71
48 94 81
4 79 84
88 6 25
81 16 96
58 23 76
44 48 89
23 5 72
5 93 69
38 33 56
77 41 89
14 58 17
84 57 67
33 77 4
73 5 96
75 12 92
3 20 57
92 20 83
38 77 59
57 84 3
9 33 68
7 25 66
43 82 42
82 85 9
33 68 56
70 3 6
13 38 65
58 50 49
46 36 47
25 46 73
60 31 86
83 50 9
66 27 62
32 57 46
44 64 83
88 73 91
39 42 64
20 25 72
53 86 22
29 68 15
49 26 84
68 21 89
45 83 51
41 58 99
89 81 1
16 91 2
36 32 42
44 65 47
78 12 97
70 42 59
45 3 78
45 4 85
71 21 0
74 73 35
9 91 46
8 6 8
67 60 1
3 40 73
67 23 3
23 23 23
65 76 96
83 56 90
43 53 7
71 1 8
32 14 85
10 69 74
3 37 27
70 89 18
72 88 53
52 36 33
93 29 1
10 26 15
54 40 90
86 77 48
71 4 80
67 76 93
75 2 23
48 15 65
6 19 83
81 37 35
8 44 95
57 94 20
42 70 58
27 81 14
55 43 91
79 50 79
4 66 22
64 82 31
11 1 92
64 1 33
84 56 16
51 4 47
66 39 35
1 71 1
43 68 5
78 50 65
65 89 77
32 13 6
3 13 14
71 67 42
67 28 1
14 37 28
27 91 74
58 75 74
47 48 43
29 84 79
5 53 14
55 32 51
12 10 70
72 51 19
24 43 37
70 18 84
28 26 85
77 23 27
41 21 47
91 18 75
73 61 32
60 57 92
25 52 32
28 70 41
81 89 1
93 41 75
15 44 18
83 5 47
78 40 85
13 57 90
73 12 40
72 55 90
45 1 15
50 34 71
87 75 90
89 11 42
32 46 12
71 13 33
34 10 64
64 47 66
10 19 85
65 46 59
40 28 98
70 76 18
38 1 90
4 71 48
28 38 57
19 59 40
91 63 36
53 33 23
67 40 43
3 71 93
72 62 87
72 7 81
12 94 11
40 20 73
71 14 94
68 58 18
61 6 27
72 75 41
14 82 75
45 29 92
41 47 98
54 29 15
45 71 17
10 65 77
27 88 53
83 8 42
92 80 50
30 42 31
51 86 71
87 70 35
68 68 48
28 85 0
52 30 71
90 14 39
78 40 46
13 89 94
38 69 17
62 88 72
56 80 61
3 24 33
66 3 95
55 16 38
27 69 75
1 3 58
37 39 74
35 90 29
14 85 19
9 70 15
8 74 61
69 17 43
48 58 52
88 48 3
33 6 95
54 47 97
43 63 37
43 17 15
81 78 53
66 40 11
21 93 45
91 17 14
49 48 72
79 4 95
18 84 55
76 65 47
71 83 80
6 68 48
36 84 18
54 75 56
64 62 19
80 91 67
67 9 9
30 60 67
87 40 4
30 89 31
31 38 86
36 57 43
19 17 11
27 76 86
81 7 18
71 23 52
84 25 40
40 45 64
51 34 76
12 38 78
31 44 70
42 54 5
19 28 70
86 62 62
49 43 94
11 79 65
90 83 94
7 20 81
37 92 20
67 3 31
80 11 14
35 64 76
2 43 69
93 26 79
77 72 97
53 47 93
13 75 94
81 18 34
82 70 70
47 90 14
9 64 23
44 46 32
12 53 71
6 87 65
9 55 89
13 69 87
26 7 22
79 79 47
10 30 86
53 38 8
57 58 20
34 64 27
7 78 92
16 55 35
49 28 49
74 68 76
24 47 27
40 87 62
28 78 54
16 42 39
60 33 48
65 48 98
54 35 27
55 92 96
88 66 87
69 87 59
61 21 88
2 71 19
62 22 96
8 71 1
60 23 69
55 42 50
4 54 56
81 9 50
19 38 46
46 12 60
94 85 51
66 78 47
25 88 50
85 48 51
37 91 22
86 94 77
80 71 72
62 53 21
16 65 53
5 23 100
21 36 45
29 68 95
23 32 58
47 16 9
61 41 47
2 72 3
12 59 60
69 36 19
72 19 81
45 87 50
72 48 82
36 18 11
13 27 10
53 75 8
3 47 6
24 41 19
54 9 76
52 7 30
68 57 59
88 87 37
32 45 90
23 37 72
21 32 18
59 33 52
20 22 7
92 47 47
8 40 74
34 72 65
19 88 34
70 74 86
9 9 75
70 84 34
13 34 72
64 73 44
71 7 44
73 90 58
64 61 62
56 10 97
11 70 39
58 69 94
28 69 52
53 16 14
38 90 5
8 94 54
33 76 0
48 32 91
88 57 35
40 60 56
27 83 95
31 58 97
26 90 39
62 6 92
55 60 46
13 83 51
46 6 86
33 64 58
4 14 95
50 29 53
13 12 66
80 50 64
30 16 22
3 54 5
20 46 4
20 48 93
13 9 80
5 73 29
22 46 93
29 51 2
30 71 47
4 37 50
26 55 47
91 72 85
58 64 8
75 55 96
34 28 8
8 60 1
8 41 3
84 62 56
88 94 17
93 40 1
35 25 72
75 55 70
87 50 55
57 45 59
25 6 23
18 75 59
84 19 27
15 32 90
15 39 95
48 68 17
14 67 28
38 53 59
61 28 67
62 66 24
74 76 14
71 68 49
6 51 57
50 35 39
25 8 62
64 8 86
72 34 18
69 55 0
60 1 19
21 77 28
59 31 6
55 32 36
78 4 47
65 77 63
86 65 84
42 48 50
44 52 15
61 46 65
44 94 91
73 25 57
9 85 16
87 1 26
88 28 93
59 33 61
87 79 93
15 94 45
49 35 85
27 72 23
35 94 91
12 46 33
38 92 11
43 41 42
91 39 5
2 76 100
77 70 32
17 93 46
51 4 66
9 61 94
44 37 55
22 61 96
60 77 69
63 36 32
75 51 89
73 79 8
58 81 74
28 56 41
17 84 16
55 17 78
84 61 15
43 15 78
19 85 75
7 67 44
28 37 87
32 39 29
42 15 92
81 72 34
43 92 7
26 44 90
55 87 28
65 71 87
63 3 82
19 33 63
52 66 13
89 54 17
74 14 3
88 62 59
27 75 75
1 76 4
88 26 66
28 14 59
16 11 100
30 53 89
11 72 85
37 9 74
7 72 91
65 75 20
16 61 48
34 44 37
93 18 92
42 44 1
42 6 34
74 39 91
21 83 86
38 69 4
20 93 79
13 30 47
87 80 17
47 27 60
72 58 75
28 66 60
28 51 79
2 24 53
55 6 37
82 52 20
79 75 47
34 41 66
18 27 63
76 77 64
37 84 90
93 73 51
40 36 76
60 40 58
80 10 58
90 32 42
25 52 33
30 67 98
89 1 35
9 14 10
54 46 26
42 28 45
20 55 13
83 64 41
24 7 12
30 82 74
21 84 26
44 86 90
63 38 58
21 24 5
68 80 36
38 15 29
48 64 75
76 73 64
17 27 78
2 10 5
26 49 89
47 85 74
71 37 97
63 77 62
94 53 62
22 45 70
4 30 24
3 57 7
16 64 62
4 20 14
73 28 3
31 92 24
67 79 58
21 14 23
39 84 32
19 11 50
55 64 70
17 31 56
46 81 1
40 62 74
30 36 19
9 74 18
82 2 35
86 57 38
57 4 40
3 59 74
47 1 76
53 62 42
71 6 63
20 88 80
19 76 59
82 38 56
51 5 74
45 58 86
55 46 64
45 7 37
86 16 8
15 45 53
19 37 62
94 74 75
40 15 42
93 9 95
44 88 70
77 48 14
43 23 77
64 43 37
92 54 85
65 18 45
53 69 40
24 21 55
21 64 87
30 71 35
54 15 48
44 6 36
82 35 93
32 87 69
12 2 95
58 70 68
15 45 28
23 7 2
87 57 71
74 51 54
85 29 40
23 50 53
78 48 28
30 27 13
34 82 63
15 6 81
51 70 33
81 25 10
78 51 28
69 53 41
58 52 85
54 56 14
68 54 56
1 93 97
81 31 86
9 78 99
63 76 82
64 11 34
50 32 100
43 94 22
54 48 15
48 77 20
75 2 19
10 23 59
89 16 18
28 71 85
45 14 40
54 77 49
81 70 49
81 68 26
82 9 8
55 10 5
30 55 32
21 10 74
21 89 93
54 83 12
83 17 22
71 13 41
36 36 99
87 91 60
83 27 86
94 89 74
29 25 10
41 9 30
55 12 25
65 44 65
69 58 58
68 56 34
3 89 2
71 86 87
13 37 13
62 9 36
46 60 49
62 22 79
65 3 83
4 47 40
78 67 68
26 69 69
3 89 49
11 86 22
6 58 59
6 85 35
75 26 61
50 27 22
92 2 33
35 3 30
43 59 7
85 73 29
67 82 84
1 19 22
77 58 88
27 30 36
34 17 36
50 67 23
19 39 92
77 83 47
36 78 6
79 2 18
22 55 41
59 22 44
11 82 16
89 80 6
64 2 47
73 31 65
63 17 62
10 83 20
78 68 11
57 61 50
25 34 38
71 25 91
29 59 43
1 3 41
42 24 42
65 90 58
32 80 92
32 82 64
91 52 31
65 45 69
84 94 13
4 70 9
17 22 4
36 61 88
11 44 15
17 68 100
27 85 21
2 38 26
11 78 52
49 12 14
66 22 89
63 71 67
86 61 62
67 32 97
46 10 78
69 47 29
9 49 70
79 85 78
53 10 43
86 18 12
64 7 6
43 14 83
1 52 67
12 50 0
90 12 98
55 2 1
94 11 48
74 22 34
46 44 37
55 75 60
81 67 3
61 82 66
50 68 54
73 87 93
38 36 55
3 37 59
43 36 19
20 19 27
62 17 20
8 31 99
5 4 67
88 84 25
37 21 29
53 73 28
68 19 21
65 65 31
24 65 35
5 62 25
91 39 51
89 40 37
39 18 95
79 7 79
57 47 96
57 11 51
81 78 26
71 46 31
75 6 39
75 61 46
89 1 88
56 10 7
61 70 14
62 12 7
70 57 14
14 85 32
3 63 76
1 82 12
22 26 20
77 82 13
83 25 66
26 41 16
50 77 54
32 54 39
11 25 63
2 14 21
54 2 47
12 18 24
2 53 99
11 15 57
1 27 23
28 38 96
48 39 60
25 83 99
21 4 33
34 92 2
81 84 32
34 27 88
57 74 31
91 77 0
71 73 44
12 53 62
75 5 38
54 90 31
57 22 15
72 8 79
23 86 20
54 51 12
63 86 25
66 49 0
28 62 100
30 2 88
32 45 47
57 68 87
89 68 79
29 91 33
55 41 19
32 67 87
59 15 25
15 14 89
49 2 49
37 74 55
83 10 67
30 9 75
55 41 71
4 61 15
69 9 90
58 79 23
55 55 97
36 3 48
5 9 35
3 2 6
86 27 42
63 30 82
29 67 40
36 15 68
50 41 7
91 3 12
45 86 64
69 2 80
37 68 50
82 19 82
93 15 4
74 30 77
64 78 82
73 3 77
91 81 94
46 11 44
79 18 64
93 33 52
19 48 11
63 76 61
34 76 3
66 72 75
46 90 79
38 30 31
64 57 57
58 48 36
47 58 9
47 15 40
76 35 97
61 36 4
3 50 30
16 30 31
48 32 14
8 31 83
49 73 98
81 15 85
94 78 36
12 42 19
9 41 79
85 77 46
71 53 0
63 58 76
45 18 63
18 69 33
58 55 15
64 88 45
66 25 35
32 38 21
42 82 80
65 62 94
20 25 17
81 32 89
4 13 71
10 36 36
94 21 61
29 91 64
90 24 94
37 57 4
74 65 51
54 85 9
44 47 66
44 1 52
36 86 46
52 67 40
83 36 92
57 87 91
68 32 81
9 34 60
91 79 23
89 92 80
24 85 87
76 65 51
92 12 28
25 83 100
65 2 15
20 73 65
73 43 19
50 65 73
22 8 78
24 89 95
6 48 0
67 17 31
79 91 19
14 87 28
45 12 36
43 11 30
7 81 6
22 17 6
17 86 59
80 48 59
64 24 88
11 54 43
34 61 64
44 19 5
91 17 53
30 93 80
52 50 60
6 29 73
45 81 21
30 21 77
74 77 66
91 38 45
59 29 99
60 64 70
85 26 85
89 47 64
29 68 17
22 41 41
63 60 93
84 16 58
65 47 36
56 63 80
51 81 9
86 29 33
50 44 57
14 72 42
90 84 60
42 52 19
83 38 95
79 34 25
72 29 31
53 15 33
93 4 5
9 19 14
18 92 79
58 87 0
62 28 62
50 63 81
16 62 53
79 57 43
59 9 15
2 18 27
18 9 39
51 60 37
38 22 15
1 6 9
2 11 26
6 33 77
75 20 37
31 24 87
66 69 60
60 82 22
17 77 65
63 22 73
78 35 43
69 33 9
94 88 34
65 8 2
15 45 81
58 41 33
13 90 97
22 17 18
75 35 91
15 83 56
28 60 7
20 29 52
54 8 22
20 70 91
33 34 18
24 5 57
47 29 59
86 74 62
24 14 26
81 71 13
30 90 96
80 69 46
27 78 25
2 38 11
45 86 8
4 68 38
35 22 59
26 25 85
13 79 74
91 90 5
82 36 57
70 6 53
3 17 90
16 46 18
20 84 18
73 10 88
17 83 13
28 61 75
5 22 70
91 55 18
91 24 19
35 38 53
93 42 7
78 90 43
92 2 34
83 84 53
88 48 12
42 21 4
45 67 15
79 70 33
68 41 77
68 37 41
64 59 62
86 85 35
48 77 7
20 48 47
3 16 90
38 25 47
3 34 79
53 2 78
18 44 11
39 22 67
87 60 43
2 35 84
37 14 89
78 76 61
40 17 41
60 8 84
43 7 48
63 18 16
33 46 62
7 72 89
58 27 0
93 79 43
15 66 35
5 65 33
74 29 83
52 23 83
32 91 68
6 94 0
16 80 13
70 24 7
61 68 56
63 59 27
18 27 41
54 44 36
74 49 29
53 46 23
11 55 27
68 6 96
50 92 9
36 57 63
86 58 79
80 12 91
48 9 95
64 11 8
29 79 29
83 25 87
14 90 100
67 27 87
82 90 53
71 23 100
27 54 11
1 19 27
68 2 19
84 65 43
66 44 34
63 58 25
24 84 60
48 28 96
47 4 52
1 93 8
73 35 94
32 92 79
88 8 18
93 90 95
15 7 17
48 87 52
38 77 46
51 63 78
71 4 84
62 52 71
36 31 75
60 57 98
26 67 5
43 68 75
78 33 21
78 2 57
28 47 56
6 70 87
13 68 54
58 92 99
62 38 73
35 9 37
57 87 42
66 59 63
87 19 63
4 82 62
26 60 61
16 30 79
53 19 86
35 19 29
35 12 68
10 51 73
62 60 49
85 45 90
70 88 80
16 88 75
26 8 45
19 83 54
9 17 4
2 64 83
63 62 20
92 55 57
82 43 15
85 12 98
12 62 50
71 69 44
9 8 72
52 57 40
3 10 62
66 92 0
42 28 28
19 45 30
44 20 27
19 19 12
56 51 71
50 4 59
46 73 19
43 61 6
28 86 88
71 85 13
70 9 5
5 71 41
86 63 60
17 76 19
28 67 26
29 19 25
45 94 22
83 11 7
58 34 60
94 10 88
16 62 39
34 38 41
18 67 2
46 35 31
6 23 84
47 73 33
20 75 98
57 49 38
48 5 35
83 11 50
30 29 94
66 58 11
36 79 9
46 8 98
30 16 13
68 12 79
4 94 0
29 67 11
28 86 77
23 67 78
89 80 100
30 94 5
69 84 93
77 35 5
11 21 10
92 62 59
30 34 20
93 45 15
79 33 91
2 7 40
63 84 72
4 47 65
38 81 72
35 93 92
27 69 94
8 53 70
71 37 48
38 67 36
16 86 59
15 8 20
32 6 38
74 54 64
10 46 46
51 18 49
48 78 52
68 11 29
59 93 7
24 56 60
23 43 25
31 15 49
87 90 28
58 11 72
17 78 96
45 72 89
35 34 46
24 13 23
92 37 41
19 73 85
46 5 79
92 52 39
74 36 95
64 35 25
27 60 68
30 11 70
13 93 17
29 80 3
55 39 63
71 14 40
51 44 90
33 53 94
49 25 71
88 6 74
78 4 46
20 75 42
46 67 70
28 11 86
62 6 70
33 88 57
20 33 57
89 45 49
5 64 25
31 19 32
51 44 66
77 31 81
66 4 92
49 79 54
36 70 93
28 70 9
48 84 12
48 54 72
68 92 1
82 49 16
49 77 7
14 59 28
69 46 12
60 11 57
17 79 76
84 63 79
31 63 77
52 52 6
73 76 4
68 47 52
64 53 98
72 69 0
24 91 65
4 30 25
65 72 65
55 69 42
89 64 45
1 83 23
26 83 91
73 73 11
73 90 75
47 83 55
92 21 85
19 19 92
1 50 12
44 38 52
34 67 83
16 53 3
70 45 24
50 24 79
7 94 40
79 38 15
51 67 66
88 43 17
61 30 46
61 78 50
84 70 39
25 37 53
39 58 7
57 52 29
53 58 2
61 20 14
89 89 31
75 3 23
85 84 39
10 45 39
7 11 82
59 20 84
69 14 22
53 31 78
38 15 12
51 59 81
27 18 32
43 51 45
67 17 80
18 92 87
31 13 1
4 15 91
77 37 97
42 53 64
69 1 16
77 72 48
68 65 97
60 10 49
56 41 73
70 45 72
7 86 85
76 69 44
13 61 87
6 22 96
38 55 25
12 32 64
73 86 7
88 84 42
51 4 87
49 48 88
8 93 52
19 34 91
16 89 25
22 63 20
62 25 9
6 64 76
54 69 1
83 31 63
88 82 47
31 73 62
79 47 48
27 26 44
66 53 15
60 28 35
14 36 40
5 38 70
49 40 65
83 78 2
1 33 25
56 39 74
66 65 93
43 33 78
41 4 22
39 40 4
26 7 88
33 62 5
43 8 4
38 47 60
7 52 56
9 25 55
49 85 10
72 34 56
9 42 25
8 77 72
58 14 50
71 9 6
57 13 79
71 32 85
16 7 14
24 27 32
60 3 57
59 41 97
11 54 91
7 11 37
82 29 22
37 51 8
60 67 45
18 32 18
18 68 88
21 88 49
38 90 32
60 1 94
13 48 56
19 69 29
52 40 28
56 62 66
20 10 0
61 40 19
38 79 19
77 92 63
81 21 0
34 51 30
84 5 71
62 42 12
28 54 21
42 46 54
20 29 62
14 33 44
71 21 68
9 67 76
89 60 85
90 9 34
72 29 92
36 61 77
88 91 6
18 87 34
39 69 6
11 13 91
42 83 70
40 27 31
80 94 41
23 33 79
50 19 74
23 44 57
43 26 55
27 29 27
59 69 50
28 28 35
34 38 70
88 50 1
