38
6442
5 12 68
20 16 29
33 17 77
27 8 72
21 8 47
19 34 26
38 27 46
27 2 58
11 2 17
8 28 21
6 36 26
34 24 84
5 5 71
22 34 66
27 4 100
20 29 47
20 2 30
15 23 47
30 5 61
28 13 35
32 34 12
32 2 48
9 35 50
37 1 24
17 18 12
22 20 12
21 36 12
12 4 92
27 24 27
1 5 66
32 31 82
23 35 80
23 14 47
38 33 76
21 23 73
3 3 55
28 24 90
19 21 64
35 22 18
13 10 20
19 33 59
26 5 93
10 3 97
32 3 92
4 16 44
37 15 3
14 15 37
3 31 49
18 27 3
6 37 62
34 36 83
36 30 9
9 32 87
24 37 45
16 1 70
24 15 98
16 24 95
18 10 83
9 2 34
12 19 98
21 19 82
28 19 24
29 8 75
27 18 19
9 32 54
4 27 9
18 20 5
25 3 16
10 29 6
3 20 44
36 35 2
28 5 31
8 26 4
7 14 25
25 13 23
30 12 51
28 13 25
27 38 67
6 36 34
38 7 19
5 8 80
13 4 8
12 29 100
32 17 14
32 25 1
13 13 18
8 6 3
30 28 98
5 31 77
8 22 18
13 33 12
31 6 7
37 8 35
13 9 94
35 13 99
15 4 21
23 6 38
15 14 72
15 1 79
33 29 42
1 11 34
9 13 69
32 21 50
22 28 61
24 32 59
37 28 44
14 32 6
33 31 11
4 15 12
30 22 23
6 2 94
25 35 24
15 13 29
26 4 61
13 17 18
38 34 23
2 4 28
29 19 65
2 29 19
34 12 48
16 1 12
21 22 3
26 25 75
17 31 84
28 23 46
34 11 61
13 15 99
3 10 30
19 2 44
9 6 20
29 22 58
36 6 44
11 24 30
36 26 80
9 1 95
28 37 33
22 17 71
26 28 42
23 25 55
24 38 98
4 8 76
31 26 30
31 9 51
35 14 31
13 14 21
24 35 7
2 16 8
34 2 37
19 26 61
24 35 19
15 38 69
26 1 21
23 6 98
17 30 88
13 32 60
8 3 65
14 23 43
38 6 3
18 30 53
27 22 89
27 25 9
27 8 25
28 3 62
3 25 62
24 31 74
10 11 56
31 23 54
7 11 25
17 23 36
6 11 75
27 33 85
2 8 12
17 20 53
34 13 34
4 13 78
16 1 11
38 32 16
16 14 51
8 23 94
34 14 85
7 19 12
28 5 58
22 30 86
34 20 46
23 35 74
5 36 82
20 28 13
19 22 67
11 11 26
29 37 88
8 7 73
37 37 41
4 22 70
26 16 71
7 35 71
12 9 61
37 20 63
8 37 18
6 14 28
38 37 62
8 9 93
20 23 60
12 25 21
18 32 34
27 8 56
22 8 71
15 16 73
14 24 33
22 29 72
3 1 8
11 18 56
8 27 18
16 10 14
34 27 93
35 33 85
19 4 100
36 38 29
4 9 64
28 29 88
3 33 81
26 33 65
28 16 67
37 23 0
5 18 35
25 26 56
29 23 57
25 4 19
23 7 34
20 2 14
32 23 24
30 8 100
19 36 22
14 9 27
5 7 84
8 4 97
24 5 17
10 13 62
38 19 64
20 31 73
23 3 71
13 19 41
12 13 10
17 35 37
1 18 19
34 15 23
33 14 79
26 26 67
22 31 8
27 35 97
5 4 75
22 11 44
6 17 76
24 26 99
5 28 87
20 9 11
6 15 19
16 14 93
15 13 96
17 2 2
30 15 100
33 14 70
9 7 72
8 26 34
2 31 36
3 11 69
26 37 92
16 15 49
24 14 94
11 3 23
31 1 27
31 6 45
24 19 98
22 32 72
26 22 1
21 18 33
13 14 96
22 33 10
20 32 5
4 19 12
13 15 57
20 4 54
9 11 17
35 28 52
11 31 96
38 9 38
20 30 79
7 22 16
22 6 42
18 11 0
26 3 14
18 30 73
22 2 3
35 2 86
18 28 97
33 7 80
9 35 85
2 2 95
1 4 96
6 27 28
38 26 72
33 27 59
7 7 63
38 11 89
22 9 90
28 37 8
19 32 42
7 4 1
4 27 79
28 15 73
27 37 6
13 11 88
7 10 75
26 34 25
28 37 62
32 21 89
17 13 63
18 7 65
4 38 65
25 16 55
24 17 57
2 21 96
23 2 53
18 29 40
23 35 16
32 13 44
25 15 75
7 31 68
26 13 1
20 1 25
15 5 73
31 8 89
23 9 37
33 28 61
28 34 63
10 15 38
10 31 24
11 15 88
30 1 3
23 11 56
5 5 31
2 10 23
10 26 50
20 33 39
21 23 46
36 20 78
7 20 40
22 5 36
36 17 76
23 10 29
20 13 58
5 28 3
5 7 15
16 27 90
31 13 68
30 1 71
15 7 38
9 4 42
34 14 20
19 21 12
9 30 72
16 24 26
9 34 61
38 4 95
30 6 50
36 28 90
26 27 7
12 32 59
3 36 79
29 3 45
15 34 74
30 2 68
4 31 38
18 16 98
2 36 46
29 28 98
5 9 7
28 1 28
16 29 49
24 38 90
22 16 8
28 17 53
1 15 56
9 32 68
23 16 72
35 23 90
30 34 28
19 2 93
12 16 94
37 33 2
12 36 88
5 37 9
34 27 30
4 6 11
8 23 66
21 24 16
8 18 50
24 17 77
27 29 67
8 13 50
4 22 36
33 14 9
34 1 54
16 37 66
25 14 13
11 17 50
38 33 42
3 8 76
27 28 45
2 18 33
19 30 50
25 22 47
16 20 12
3 28 26
9 13 50
1 11 90
7 18 84
38 21 97
29 16 16
15 36 87
26 29 33
9 30 64
3 17 70
12 23 40
27 11 66
23 30 35
13 28 54
18 37 33
37 8 49
12 28 24
2 28 99
20 31 42
1 32 76
10 36 5
24 31 58
35 2 38
9 32 97
4 21 57
36 22 26
17 13 71
8 12 98
15 26 100
31 37 69
20 14 17
1 2 14
23 14 12
17 33 17
4 35 40
24 30 7
5 7 7
26 19 29
36 8 96
26 26 36
22 25 88
12 14 98
12 21 66
37 13 17
21 24 2
33 6 58
38 17 33
19 11 40
5 24 4
15 34 52
11 17 0
7 4 83
29 37 52
29 19 17
13 33 30
9 27 55
34 24 15
34 11 25
30 38 60
26 36 55
35 18 76
38 5 93
12 34 16
12 6 20
7 26 43
14 12 25
16 30 27
14 3 2
36 22 16
13 21 80
14 36 17
13 8 7
33 35 55
10 7 42
10 33 32
2 16 76
3 24 59
10 1 75
22 10 8
26 24 91
5 11 59
1 3 64
37 27 21
23 34 41
10 36 67
6 6 74
18 19 43
35 37 82
36 7 39
27 13 2
3 28 6
12 11 60
14 19 58
35 12 75
11 26 67
21 36 11
19 5 21
9 22 30
16 9 88
16 10 30
4 6 10
9 29 91
21 28 9
26 30 78
11 25 68
2 20 13
10 9 66
18 31 84
36 25 99
13 32 63
31 28 64
29 4 45
4 2 0
26 28 59
19 14 36
32 37 38
27 28 58
19 26 85
31 22 39
17 1 95
31 14 67
15 3 65
3 35 54
19 27 4
37 12 87
29 35 34
37 9 0
18 20 43
1 14 20
32 3 79
38 36 94
20 16 53
12 31 73
25 8 4
4 26 86
20 10 5
13 21 46
36 1 61
17 5 80
34 19 35
18 18 60
5 16 47
21 5 8
14 21 23
27 11 13
25 32 53
8 16 6
8 10 62
5 25 32
5 28 22
22 6 36
33 29 42
18 36 54
34 38 54
24 27 29
27 10 33
23 14 47
35 27 51
38 6 57
4 37 51
3 5 82
17 35 3
20 28 49
38 32 34
16 29 82
26 29 72
10 15 19
23 1 75
34 38 33
5 17 72
30 33 67
5 3 76
22 26 25
35 34 16
31 29 60
20 27 22
19 24 49
27 1 49
37 3 28
24 35 1
24 14 92
12 36 72
24 34 10
5 17 96
7 13 79
7 24 53
18 38 43
22 27 43
28 37 72
4 28 70
11 36 83
37 9 45
33 12 20
33 26 30
31 29 91
31 3 39
13 23 12
4 6 62
4 1 40
22 32 97
4 38 92
34 24 74
11 18 3
5 38 1
27 33 24
12 30 21
33 38 45
26 11 17
28 30 33
7 15 42
2 36 30
22 13 48
15 35 31
37 24 33
24 36 97
1 35 54
19 25 38
11 22 84
13 16 89
32 21 83
14 16 36
9 15 0
35 10 33
36 12 13
13 37 19
17 22 70
4 18 90
22 30 35
38 14 32
19 34 57
11 9 35
36 37 8
19 6 3
16 19 33
34 26 48
38 10 63
36 16 32
4 33 81
5 5 98
23 1 59
23 23 58
33 27 13
7 30 73
12 2 96
27 32 44
30 38 19
32 35 85
13 14 44
15 23 49
7 21 7
33 16 41
17 35 50
4 29 64
22 16 16
7 25 70
9 2 18
11 12 32
36 15 24
4 21 47
22 34 92
20 17 5
9 14 50
9 6 52
6 4 74
33 30 71
2 38 55
18 4 44
36 27 59
36 25 67
17 12 73
10 20 59
20 18 72
2 4 89
5 12 34
22 25 51
24 31 38
35 34 16
11 3 58
10 2 27
23 18 18
2 19 51
35 12 22
26 8 58
16 28 97
5 1 19
22 32 55
23 29 64
20 13 0
15 24 86
29 18 86
37 34 100
26 20 78
37 25 95
15 29 54
2 20 94
18 16 85
17 31 18
1 8 84
33 2 15
13 29 42
34 30 95
25 20 43
4 23 78
1 11 63
34 17 59
31 3 65
31 34 92
1 24 71
16 15 31
27 29 91
25 1 29
15 14 55
3 14 2
21 28 69
13 26 83
37 21 26
7 5 17
38 2 18
33 9 94
32 38 78
4 15 72
29 29 32
13 29 14
17 1 66
24 7 52
34 4 91
22 18 20
6 20 58
24 30 90
25 11 1
34 24 70
28 24 15
23 35 24
15 14 0
28 26 12
4 36 9
28 34 75
12 18 54
2 3 54
21 24 92
28 35 66
2 26 74
15 38 58
2 25 60
14 32 81
5 28 24
14 24 38
17 25 92
23 33 15
33 29 72
34 25 45
23 29 43
27 8 58
11 28 34
11 23 94
2 33 29
28 22 28
14 9 98
11 29 53
9 18 37
12 34 47
11 17 32
10 25 100
27 7 33
17 38 12
21 35 16
14 9 26
4 36 69
4 33 10
18 22 41
31 4 30
38 8 100
17 19 94
4 16 78
24 28 35
34 14 65
7 6 86
29 12 5
8 20 31
10 2 99
12 34 16
17 37 45
28 29 12
24 14 66
13 32 78
10 21 48
12 6 71
11 30 42
26 31 71
9 33 28
17 22 68
27 30 93
22 38 77
9 36 37
26 30 76
5 1 3
13 36 60
11 24 28
19 24 93
31 29 76
9 36 12
26 37 54
3 2 46
29 35 96
8 22 83
15 10 86
6 17 43
2 37 29
1 10 37
18 22 68
13 22 52
3 15 5
30 30 68
12 3 31
29 7 97
5 17 93
36 5 37
3 32 22
16 18 12
25 28 82
34 9 19
24 17 47
36 27 100
17 16 21
36 22 82
33 9 16
31 15 56
33 17 84
33 20 11
2 10 37
30 13 94
14 29 39
9 31 97
35 35 8
13 14 60
33 22 83
28 35 98
9 15 96
19 34 19
24 18 38
31 26 74
16 27 8
5 33 73
24 4 20
3 2 64
10 29 88
18 23 6
27 25 47
12 6 13
25 32 92
1 29 17
9 31 25
35 24 11
21 14 35
16 16 41
7 31 47
7 29 88
20 27 9
11 24 79
2 17 83
4 14 59
21 37 7
3 30 15
12 11 44
3 13 48
22 6 9
18 25 62
37 6 63
33 28 96
28 32 20
35 14 61
22 8 2
28 25 57
28 34 59
33 5 49
31 10 3
33 37 45
13 2 38
22 30 61
14 21 29
3 2 51
18 15 83
38 24 19
30 14 53
13 4 77
25 28 87
9 17 43
24 32 20
16 12 39
23 35 97
23 16 65
33 27 63
28 2 41
26 5 68
16 18 55
23 26 56
21 20 23
23 4 53
32 33 77
15 31 42
18 23 32
26 15 85
12 24 22
28 2 62
14 38 65
20 19 95
33 37 19
26 26 67
14 32 95
37 11 67
38 16 85
18 26 14
23 5 68
17 34 8
27 32 83
26 37 45
32 8 44
17 23 9
14 3 14
10 31 15
5 24 1
19 18 93
12 18 20
25 24 35
38 37 37
29 21 12
6 32 17
21 5 12
8 18 50
18 24 21
11 7 60
3 37 27
21 19 57
27 28 30
13 37 16
31 12 80
22 6 0
36 34 26
15 25 4
15 33 75
14 29 41
26 5 24
32 10 10
30 20 56
8 32 51
2 13 74
34 18 6
35 11 86
8 32 35
6 29 25
22 7 19
21 20 38
3 29 61
23 3 57
34 7 33
36 12 66
30 19 76
8 11 97
26 16 13
33 34 30
19 18 25
6 13 90
1 2 2
24 8 28
4 30 15
8 12 10
12 8 12
18 28 49
20 11 83
8 22 5
23 11 7
9 38 42
10 30 62
15 22 24
18 2 78
18 19 83
38 31 57
10 11 69
32 33 19
7 13 58
9 13 67
30 32 71
12 38 84
31 8 17
15 16 23
14 18 84
28 30 72
13 22 71
19 32 30
31 29 42
28 27 63
26 5 2
27 35 15
6 10 17
31 8 24
11 12 53
12 9 46
11 19 94
12 27 37
9 21 87
30 5 54
17 5 24
24 28 16
28 38 35
38 31 76
9 38 46
15 21 37
4 37 1
32 27 13
24 32 77
9 23 87
30 9 47
34 14 53
5 13 97
27 17 89
9 21 9
20 34 15
9 19 9
8 11 90
25 36 15
5 4 17
22 29 33
7 9 93
17 36 98
33 13 59
18 4 57
31 24 83
35 11 13
14 37 86
32 14 62
2 10 79
18 16 37
7 3 75
34 5 9
23 22 100
16 19 72
5 26 49
24 1 30
13 23 44
24 12 94
20 17 17
5 29 68
9 23 4
26 12 42
4 1 0
26 22 67
23 32 74
36 26 97
8 7 84
26 5 7
25 16 23
29 23 21
9 12 0
32 11 21
3 21 39
4 14 62
36 18 64
24 5 48
25 21 64
2 13 24
20 21 65
22 36 12
37 11 79
19 18 73
35 7 28
29 12 31
21 8 10
3 29 22
28 1 93
9 24 84
9 36 63
13 32 19
24 1 39
12 12 0
15 36 1
16 5 31
38 32 15
30 24 60
22 1 36
36 8 90
22 33 95
5 12 90
13 26 91
29 18 57
38 12 90
4 30 17
28 9 45
35 18 16
24 5 8
26 6 19
16 19 89
31 33 99
6 33 10
34 37 56
9 24 39
19 9 91
18 5 16
11 18 98
19 30 83
21 33 8
21 19 62
37 7 77
9 16 65
37 28 13
21 22 15
9 15 24
32 2 40
10 18 4
27 24 94
18 20 69
32 17 31
3 7 22
1 9 36
5 5 9
19 15 95
31 7 45
5 36 37
9 38 100
25 32 61
20 8 62
21 10 41
7 23 90
23 11 11
1 18 53
27 11 43
38 4 16
27 25 18
22 29 14
27 8 61
28 19 53
15 8 35
34 19 2
31 20 59
3 10 43
26 34 31
26 9 89
19 17 56
16 16 77
1 22 14
2 11 55
17 25 31
22 38 100
14 37 72
6 4 60
12 5 15
6 30 58
13 20 17
11 2 60
37 32 43
10 36 10
19 37 45
1 19 73
2 1 81
8 17 65
9 35 17
4 37 6
26 18 80
33 31 32
36 13 35
26 20 97
31 15 4
12 11 86
6 5 68
8 3 28
15 20 31
38 34 83
5 7 48
35 19 33
22 38 39
38 17 84
35 18 53
11 27 75
21 24 17
28 26 73
31 38 29
32 35 90
20 4 61
28 18 65
36 37 27
26 4 26
14 22 51
23 1 53
7 8 65
32 9 1
14 25 17
13 10 43
28 27 26
6 15 77
26 21 33
8 12 57
7 3 62
26 17 12
9 12 10
13 34 19
24 1 64
33 28 64
27 27 71
18 13 56
12 6 11
24 24 12
24 33 15
21 2 63
36 35 16
6 5 60
14 21 36
10 1 24
21 18 31
26 1 28
4 13 21
15 19 100
17 9 75
21 3 21
31 23 52
32 37 99
31 8 95
32 9 77
22 20 9
26 8 8
37 10 90
33 35 86
16 38 9
21 30 56
15 30 33
12 35 68
31 7 63
5 17 17
24 4 92
10 13 35
29 9 14
20 10 92
6 26 24
2 26 68
16 28 3
8 18 17
37 15 98
16 5 8
14 32 68
13 12 1
25 33 65
5 11 16
28 25 64
27 11 71
33 26 92
27 15 73
13 10 82
32 31 80
25 23 16
9 11 2
21 7 88
33 38 35
13 16 92
24 1 56
22 27 13
6 5 11
10 35 37
9 29 92
28 33 65
36 3 83
36 12 99
38 14 21
5 7 45
14 22 78
33 26 99
35 24 19
18 17 94
21 16 41
12 23 22
19 16 16
4 14 89
31 24 69
32 5 75
20 1 25
19 18 78
9 11 26
8 17 94
2 7 62
21 31 18
30 35 96
10 2 19
24 5 62
38 12 52
38 35 87
23 10 50
16 10 11
1 36 40
1 5 18
5 19 24
37 12 43
16 36 40
6 2 58
11 16 16
30 3 54
37 17 92
23 23 72
30 3 52
9 19 60
6 1 46
28 10 18
29 21 50
19 2 85
8 13 69
14 34 1
24 28 62
3 38 48
30 35 73
21 3 52
17 14 79
23 11 18
27 13 90
3 37 5
13 8 2
4 18 11
17 27 73
29 33 16
38 8 16
33 20 77
25 15 86
37 13 85
4 37 99
37 10 3
28 20 34
4 28 24
12 35 61
19 16 15
3 33 27
37 36 90
17 29 12
19 7 63
26 23 93
17 35 20
20 18 72
3 6 14
13 13 74
16 34 91
7 26 87
35 17 8
13 26 79
10 9 73
16 3 28
21 9 27
20 35 66
15 1 37
29 29 71
38 35 88
10 14 92
12 12 65
10 33 73
11 30 82
17 2 38
21 8 33
35 14 25
19 31 84
29 17 10
4 20 1
27 2 29
5 2 38
26 6 70
22 20 16
24 27 13
22 21 75
3 17 33
33 33 8
11 35 13
25 5 8
12 14 66
7 7 43
14 18 67
2 38 54
8 7 44
38 19 54
2 38 7
10 12 21
15 15 64
26 17 80
26 17 37
5 4 2
25 13 18
13 10 64
20 5 34
22 13 52
19 15 81
3 38 2
3 6 25
31 24 22
38 5 55
22 35 48
38 34 2
32 10 9
29 34 86
27 24 98
12 33 98
25 16 21
8 37 39
24 7 32
7 26 30
6 21 73
36 32 0
23 8 76
29 5 79
15 31 59
28 16 40
15 24 100
5 12 61
5 16 88
9 24 45
6 33 88
15 35 23
26 22 41
25 35 35
1 13 32
16 9 51
12 21 19
35 10 94
24 29 42
29 16 78
37 31 80
9 25 72
33 19 62
28 9 42
34 6 65
28 23 82
37 32 45
25 8 15
16 22 4
28 29 52
38 21 31
30 30 14
10 8 11
7 19 31
14 7 24
26 8 54
27 18 26
26 2 57
3 20 52
15 35 20
30 9 64
22 10 16
11 12 77
16 37 58
8 31 71
3 16 95
3 29 79
37 21 4
26 5 16
36 34 50
4 16 18
33 26 20
37 35 49
23 30 88
16 34 83
16 24 96
27 17 94
25 25 13
10 4 32
2 28 24
32 28 100
8 18 85
25 7 34
6 23 87
8 4 34
1 21 4
1 7 33
3 29 85
27 38 85
1 14 5
27 3 94
22 20 97
38 4 39
19 34 30
32 6 32
19 12 79
28 12 31
25 15 17
28 11 1
28 31 8
21 32 76
33 32 22
4 27 10
36 1 48
27 35 44
19 33 48
25 32 84
19 16 91
34 24 36
8 12 81
25 25 100
1 17 90
14 23 64
37 37 18
33 34 58
30 26 5
35 16 48
22 21 63
31 4 65
24 14 19
36 32 87
6 12 16
37 12 44
13 24 87
25 3 55
25 37 85
30 2 98
22 28 29
22 17 40
32 20 98
29 9 87
26 38 10
14 31 32
2 7 73
38 7 11
12 38 14
35 13 8
29 35 19
37 5 83
13 27 40
4 31 83
20 29 29
22 4 50
16 14 86
30 31 26
6 9 6
14 2 8
23 33 57
37 21 66
38 16 43
28 25 96
30 4 66
34 38 16
30 17 41
21 14 64
12 16 66
29 36 2
12 34 23
17 37 84
28 37 63
18 23 92
38 21 96
15 21 11
7 13 90
11 9 23
37 10 64
37 8 28
37 28 28
10 2 12
17 21 88
33 26 33
12 14 38
8 34 78
17 2 50
26 12 50
6 19 94
11 37 95
30 15 70
16 24 83
38 12 65
21 3 99
20 19 81
22 17 13
22 23 87
33 31 79
34 1 51
7 14 52
3 35 98
18 4 27
12 34 32
12 10 65
13 34 39
22 3 57
10 18 46
16 29 40
7 12 60
2 21 87
6 34 52
35 1 83
23 32 60
12 16 52
1 4 60
29 16 28
27 38 61
8 17 15
12 5 79
33 21 31
18 37 2
18 22 53
26 26 4
31 7 64
33 14 81
18 32 61
18 21 3
34 30 22
33 36 6
7 7 10
32 33 39
22 22 47
5 33 24
5 30 24
1 4 47
8 21 79
35 10 27
16 6 84
26 13 52
5 35 26
36 27 67
4 18 62
8 10 87
20 27 9
23 16 34
18 11 50
9 18 64
7 16 1
29 38 70
8 27 42
3 32 97
13 14 89
28 30 9
12 5 63
19 20 72
33 32 25
18 27 94
9 32 69
10 27 34
38 36 40
4 29 4
35 13 71
11 18 17
18 13 25
37 32 73
6 32 41
16 22 46
9 32 29
8 34 1
35 2 96
1 15 87
13 27 14
11 21 88
17 31 90
31 34 14
10 3 60
4 5 36
5 34 56
7 8 46
22 29 23
28 22 7
19 25 57
10 34 29
21 26 83
20 2 18
6 5 60
28 18 7
15 11 31
22 8 23
36 10 38
13 17 93
38 36 99
19 10 18
4 3 49
11 1 18
24 2 3
2 3 53
6 32 75
4 8 53
25 17 81
7 25 46
14 36 92
36 37 95
13 14 35
17 5 35
31 25 13
28 30 79
12 33 97
33 6 8
17 38 44
10 22 76
20 26 5
28 23 100
19 37 8
36 35 50
9 26 35
25 33 43
29 36 60
27 7 13
26 31 32
16 4 21
14 20 88
11 26 93
27 24 42
38 2 44
25 22 59
4 10 95
31 8 36
28 25 56
32 2 78
8 32 38
6 37 66
36 15 53
19 37 51
35 23 90
38 26 10
3 1 52
18 9 79
32 11 15
27 23 98
17 5 48
21 30 18
9 16 39
19 16 98
34 30 54
27 2 97
32 17 76
13 36 34
5 14 4
10 35 51
20 19 66
24 10 69
24 30 74
34 10 38
29 27 46
29 28 32
7 13 35
16 19 39
17 24 19
32 13 18
14 15 56
5 17 50
16 6 16
21 16 77
33 38 21
15 8 25
11 36 57
25 4 51
14 2 16
17 2 29
2 5 58
5 24 54
2 9 15
18 33 7
6 7 46
3 13 88
10 22 62
33 35 76
6 31 68
6 13 32
4 24 29
9 14 1
6 14 8
22 3 72
13 1 99
21 11 10
16 8 56
21 28 41
14 31 3
2 37 60
11 7 87
18 5 84
9 35 12
37 28 46
2 30 47
38 2 74
19 13 59
19 26 47
5 28 50
7 21 56
34 12 37
12 28 14
13 16 32
5 7 73
21 9 24
2 12 67
17 1 24
31 34 4
34 9 99
31 16 49
29 15 35
7 3 43
2 33 54
22 22 54
16 34 56
15 10 60
5 28 47
1 23 29
3 11 23
7 38 58
22 27 18
6 20 13
36 24 10
20 10 3
22 20 65
21 11 70
36 7 36
33 18 79
23 13 80
28 15 20
17 35 97
37 22 12
26 6 57
13 8 82
30 27 63
37 8 73
23 11 48
4 27 79
32 28 23
11 21 15
29 27 20
18 38 73
3 11 31
7 26 47
20 8 23
23 29 29
36 13 96
18 16 41
1 8 3
25 18 18
23 14 43
23 28 84
21 28 6
7 8 19
2 11 24
34 22 90
24 15 38
6 7 80
23 28 35
33 26 78
5 35 6
14 10 30
1 21 90
35 14 0
9 8 51
16 20 84
22 35 68
28 22 88
21 7 18
12 1 51
14 27 13
3 35 24
29 30 67
37 33 54
2 24 54
9 1 89
14 32 88
2 2 22
7 3 81
28 27 11
18 36 85
15 10 4
36 13 8
18 34 35
25 5 52
21 18 26
22 7 84
14 35 94
20 15 36
9 8 82
1 26 39
34 35 23
10 38 70
38 9 35
17 34 96
17 22 85
20 15 27
2 36 71
36 12 61
7 37 67
14 5 23
9 26 19
17 38 83
31 26 79
29 36 61
23 35 51
10 14 46
24 11 76
22 36 7
38 22 8
14 25 39
23 34 58
16 26 39
32 25 15
5 16 3
9 14 41
3 26 100
18 9 6
32 34 63
32 9 3
13 6 49
13 33 36
31 9 90
6 31 28
13 20 9
27 4 73
6 9 52
18 20 21
37 31 27
17 37 98
7 23 51
34 34 71
31 36 9
12 24 46
30 12 41
3 21 62
24 19 7
27 28 76
34 13 99
37 38 79
14 28 49
36 17 35
25 28 66
38 11 55
10 19 50
8 18 82
9 11 11
4 30 47
24 24 48
5 34 61
18 28 56
7 23 49
7 5 48
7 15 55
6 15 74
4 10 73
35 18 70
36 26 56
18 3 64
18 2 55
15 36 24
15 11 19
27 33 42
9 25 77
12 33 82
34 6 19
15 37 20
21 14 97
6 20 96
32 23 89
24 11 45
3 38 34
6 17 89
28 26 30
37 4 29
16 30 68
32 26 31
17 28 33
18 36 8
1 24 10
32 31 56
20 10 16
15 22 81
11 3 98
1 18 89
24 24 100
31 5 23
19 21 100
31 32 5
19 28 74
18 2 8
15 23 19
5 17 25
13 30 93
36 23 35
12 16 75
38 27 1
8 5 54
26 37 70
34 2 45
2 30 95
27 22 3
29 32 64
2 17 43
23 12 8
27 8 97
4 28 64
30 33 49
15 31 33
38 27 2
4 31 67
30 10 3
36 19 40
24 23 24
35 37 71
4 33 57
33 5 8
26 7 86
5 10 16
11 11 15
36 24 80
23 37 92
2 35 32
27 8 38
36 10 69
16 21 77
19 25 23
37 6 69
28 30 90
15 29 91
12 35 62
28 20 9
1 34 61
3 12 86
8 22 83
12 34 68
19 22 100
18 1 12
22 26 79
24 24 41
28 28 34
3 31 25
17 26 54
33 30 12
34 20 74
10 26 66
25 4 83
20 10 71
22 33 26
18 16 79
2 20 74
28 13 91
21 31 60
33 2 53
1 24 54
15 18 21
1 24 28
12 34 31
37 10 98
32 26 78
1 35 24
18 30 99
14 2 86
30 33 29
26 7 29
36 9 53
16 32 69
18 4 38
33 21 61
3 38 34
34 8 51
35 25 77
38 20 49
18 27 36
35 31 33
20 8 38
12 8 89
5 25 48
21 31 94
18 22 26
3 4 46
11 11 96
1 19 66
16 38 62
37 18 24
11 22 78
36 7 60
38 22 72
4 1 7
16 11 17
2 4 43
14 25 33
4 19 39
14 14 71
5 11 54
29 9 85
26 30 19
14 17 72
16 37 41
16 11 44
36 18 98
38 36 95
9 26 27
8 8 74
33 22 24
25 9 73
1 28 63
30 13 95
21 17 75
31 8 1
32 21 100
37 10 46
7 5 54
19 20 5
6 26 4
2 31 27
31 23 59
10 5 61
8 30 9
21 9 79
10 8 44
29 17 99
20 8 42
27 21 82
37 12 30
31 5 30
13 7 100
14 31 95
21 22 33
24 30 62
31 7 58
14 36 44
8 26 25
2 26 1
28 24 28
18 2 44
16 19 38
25 18 74
12 17 97
19 29 10
25 22 80
31 15 88
6 18 17
36 30 94
25 36 18
27 21 29
4 19 48
28 26 51
32 12 56
21 8 74
4 30 29
21 32 20
3 8 10
37 10 40
10 38 69
30 24 85
10 31 47
22 4 24
37 33 72
12 35 15
29 7 57
3 28 97
32 20 26
28 32 57
9 19 65
18 36 42
10 25 40
13 22 85
9 8 4
10 25 81
18 14 82
8 37 28
15 19 8
21 30 92
16 10 86
16 29 71
8 12 91
24 18 39
3 9 1
30 33 59
3 25 17
13 12 67
25 24 20
4 9 67
23 10 8
14 33 6
8 11 97
11 1 15
11 33 100
7 33 26
14 8 46
14 34 44
31 2 58
9 21 97
8 38 99
8 5 68
35 9 46
32 17 79
21 22 22
30 28 85
12 33 66
30 9 34
7 7 65
8 10 3
8 23 23
10 14 26
33 13 61
14 31 19
21 30 4
2 4 58
34 1 13
31 34 43
26 27 51
7 32 65
30 37 49
28 37 74
12 36 75
34 21 68
14 11 91
26 26 63
6 32 55
5 13 37
9 25 13
12 7 16
4 12 86
29 5 38
11 19 71
30 12 24
10 10 7
8 32 48
6 13 4
18 1 19
4 34 1
11 33 80
11 4 84
25 28 8
10 31 46
4 22 30
4 29 20
31 27 19
13 26 78
37 38 62
37 37 79
23 24 60
3 23 73
38 8 70
9 20 56
22 3 88
6 4 79
4 32 92
33 23 14
9 16 31
22 28 36
29 38 86
20 11 88
34 13 7
38 36 76
18 4 46
1 27 85
27 6 40
21 35 94
37 27 68
20 38 87
18 22 55
20 38 21
14 17 60
25 25 73
15 13 28
16 22 55
7 14 70
38 6 64
31 9 89
5 2 9
21 14 78
9 38 36
13 13 27
31 18 8
7 27 61
20 7 51
8 9 43
19 29 22
9 17 50
31 9 24
35 31 35
3 35 27
13 27 24
22 33 1
35 36 30
30 24 43
11 32 99
35 14 29
16 31 91
8 23 58
33 24 28
31 30 36
14 3 47
37 5 68
13 1 23
9 29 64
2 32 60
10 30 86
15 2 37
32 33 9
16 12 89
18 30 85
38 6 84
9 37 72
14 21 30
29 16 90
17 24 92
2 1 13
29 24 67
7 10 39
5 12 15
20 20 74
18 12 7
29 15 69
38 31 34
2 30 10
9 25 39
29 33 88
12 12 24
2 36 37
29 28 16
34 27 62
4 4 98
3 1 96
11 30 39
9 20 19
5 34 18
4 30 81
1 33 16
38 37 34
23 18 51
6 31 96
27 33 13
33 17 66
28 38 9
4 24 17
13 4 15
34 24 55
35 9 96
38 7 94
32 3 70
21 10 98
12 19 62
11 10 11
18 6 91
21 24 59
30 4 22
34 1 86
23 11 25
6 34 91
29 11 4
2 35 85
27 27 22
19 25 74
10 23 22
8 10 74
35 21 64
22 26 82
12 19 94
13 16 45
17 31 26
25 3 50
21 34 57
32 24 82
29 38 1
29 15 3
11 8 36
21 22 46
7 8 95
16 10 54
4 27 81
17 37 12
24 36 56
12 23 99
34 15 64
20 24 79
7 18 46
37 22 52
24 30 22
17 12 24
35 25 19
5 26 17
37 8 71
8 22 98
22 32 78
1 33 71
11 21 22
35 4 52
15 29 43
29 13 100
4 20 2
6 28 73
11 36 29
34 23 46
31 38 26
5 20 48
24 30 28
22 31 28
15 32 99
32 14 81
3 16 43
29 19 42
34 7 30
9 33 60
30 9 16
25 17 74
25 20 0
27 6 15
25 7 45
12 29 63
12 23 95
13 34 39
1 25 92
32 2 15
18 9 8
12 6 42
36 21 15
30 30 37
20 11 98
27 12 81
15 17 89
36 21 46
12 33 96
32 11 75
8 14 81
3 21 88
36 1 57
23 14 93
19 17 8
24 22 53
31 25 79
31 14 88
18 22 2
20 22 82
22 29 7
3 18 98
19 17 31
11 7 90
2 22 49
17 31 56
28 38 75
22 8 64
21 26 25
21 28 66
29 11 51
12 18 14
35 6 52
29 29 35
24 25 31
8 33 65
27 7 20
36 31 83
3 7 0
29 22 28
18 23 29
28 36 58
26 37 49
12 18 1
12 20 76
3 27 37
18 11 95
10 14 77
21 3 15
36 34 78
2 33 75
20 25 45
34 19 50
19 19 57
18 26 72
11 19 45
5 20 91
12 34 29
38 20 38
17 17 84
37 23 29
12 16 61
3 25 46
24 12 28
2 22 88
21 14 34
27 8 87
38 23 55
37 19 44
31 26 48
8 3 68
11 38 87
27 38 58
10 38 24
35 19 19
13 15 71
8 24 33
30 25 22
26 25 80
28 23 77
26 10 95
8 5 8
31 29 28
30 38 10
33 15 71
31 33 40
34 26 95
9 12 71
22 18 6
4 6 60
31 7 48
10 20 9
1 18 45
12 7 98
32 33 65
29 22 53
32 28 55
7 33 45
22 25 6
1 18 14
33 17 96
13 5 38
36 35 69
4 24 94
31 22 41
36 3 72
35 20 87
27 33 36
32 32 8
10 2 7
12 38 97
9 19 17
18 3 57
9 7 83
1 6 96
21 33 65
37 16 63
9 21 19
19 25 49
4 32 33
28 31 81
21 26 69
11 6 35
5 38 86
3 29 39
18 34 73
37 6 32
25 6 67
13 21 43
32 1 16
32 28 80
13 37 60
10 9 79
14 17 88
3 38 70
6 20 57
6 1 37
13 11 92
17 18 64
20 36 97
10 6 4
15 11 74
20 30 16
36 38 42
12 2 92
6 37 48
6 7 73
8 19 3
3 18 93
29 28 35
20 20 72
16 21 28
23 2 99
21 38 69
12 21 42
33 37 16
17 17 5
3 1 3
16 32 14
8 24 32
28 28 96
7 20 44
14 21 59
9 25 13
18 37 76
22 6 97
31 8 29
35 3 12
31 9 7
6 2 72
38 19 75
29 10 9
17 1 55
12 18 23
20 26 47
1 32 80
28 19 43
28 16 97
37 13 19
16 7 27
17 16 5
8 27 3
30 24 88
2 7 85
31 36 46
3 38 73
21 10 27
36 38 61
9 35 63
27 30 25
5 11 15
9 13 93
16 23 3
21 35 70
14 19 63
8 1 7
8 30 43
16 33 40
37 38 92
10 33 34
18 11 13
5 8 98
33 28 60
37 35 89
9 12 15
23 12 79
20 12 39
18 21 42
14 12 3
12 8 67
22 18 60
1 8 48
26 2 20
11 35 4
19 2 13
16 28 68
24 18 10
5 38 86
16 37 61
22 9 39
20 3 57
12 35 95
2 38 80
23 17 76
31 10 12
29 25 79
8 11 72
35 25 82
21 26 15
11 12 59
30 15 91
21 31 24
19 19 19
2 38 45
5 1 73
17 19 6
14 14 72
3 7 80
29 17 80
14 14 21
2 8 20
29 2 43
8 27 83
2 35 84
31 7 36
16 36 93
18 13 52
13 18 72
36 28 84
33 23 8
4 9 29
25 11 27
10 8 62
6 33 91
8 18 89
38 31 93
23 17 19
11 2 1
23 2 30
10 4 82
36 26 3
11 17 69
3 3 51
24 3 20
31 15 91
32 3 89
21 3 81
9 6 94
18 1 34
35 3 91
17 34 97
26 12 95
28 20 89
22 17 54
17 20 39
28 23 60
11 19 27
38 20 91
38 25 97
3 35 24
11 5 55
16 36 37
21 16 31
29 12 58
10 5 77
31 26 8
22 14 65
7 5 34
21 25 72
6 14 15
20 5 49
14 36 63
11 28 93
16 10 52
7 8 86
26 1 93
4 25 96
17 15 99
29 17 66
38 21 38
4 18 41
23 23 93
32 22 56
14 7 21
19 14 59
32 30 73
7 28 47
19 24 9
35 27 42
4 19 95
36 29 30
14 33 89
34 8 18
4 18 66
18 29 82
9 36 24
9 1 26
9 4 68
7 13 68
30 30 78
21 1 69
35 27 42
6 10 0
18 31 89
32 27 49
19 37 64
34 21 95
18 13 43
21 8 0
37 16 38
4 18 22
6 31 86
26 17 56
38 3 90
8 19 63
10 21 43
22 18 30
6 17 21
17 19 87
1 12 75
33 16 8
29 33 67
23 36 23
16 16 57
21 28 68
9 38 79
13 10 6
3 15 76
30 23 64
24 18 5
1 6 99
16 1 82
24 18 61
30 3 49
1 18 22
4 12 28
8 19 11
6 34 27
22 19 71
6 1 8
4 7 78
21 34 68
26 15 61
31 26 39
18 4 70
10 16 5
33 26 62
9 27 86
12 13 54
28 23 62
25 10 1
6 4 5
29 8 30
29 30 42
33 4 36
32 33 58
28 26 100
9 31 61
15 30 49
38 12 19
17 37 68
22 29 81
6 28 96
25 29 87
1 21 53
20 14 49
32 7 16
36 2 61
17 35 98
33 19 38
3 37 92
13 9 56
12 32 98
13 1 43
13 7 5
30 12 62
26 3 100
33 7 82
5 12 35
4 31 56
11 7 35
15 13 6
16 31 0
36 12 58
22 24 88
28 21 26
3 28 17
29 30 49
21 8 10
24 20 89
26 1 65
15 35 21
23 28 43
38 24 72
26 36 37
1 29 16
2 21 97
17 15 99
24 3 48
36 26 72
38 26 0
35 15 61
31 18 28
4 18 87
12 30 34
26 15 13
30 27 94
24 17 71
16 14 90
24 22 84
10 22 7
22 25 45
3 31 28
20 25 9
25 11 56
24 15 98
25 6 38
5 22 95
5 33 7
27 4 25
30 26 0
37 5 34
37 19 23
16 36 4
20 36 24
4 13 78
24 31 38
38 17 80
6 18 100
17 31 2
26 7 47
6 34 55
26 21 90
17 11 32
24 4 38
36 17 35
36 26 62
35 36 24
15 26 78
20 11 45
25 21 9
26 17 95
24 30 38
14 33 26
20 34 39
1 16 73
20 4 5
26 29 98
31 9 13
10 17 92
16 5 33
26 34 9
30 26 70
36 3 68
30 21 8
34 24 49
14 2 67
18 31 17
4 16 58
38 5 64
38 37 17
3 8 7
21 34 6
36 14 13
26 6 12
15 4 56
37 21 68
34 9 68
25 18 58
20 3 17
13 21 23
15 22 17
10 21 57
20 9 20
23 12 28
4 33 55
20 25 26
18 16 41
16 2 49
29 31 37
6 11 23
8 31 33
33 29 9
6 21 61
23 1 20
10 6 52
18 12 18
11 27 96
9 1 59
36 23 31
9 36 89
14 31 44
12 18 60
13 2 8
1 32 85
29 29 54
23 6 92
21 33 9
28 1 53
12 2 84
22 11 99
37 19 29
22 27 10
33 23 83
37 32 55
36 5 85
20 24 17
17 30 71
7 5 99
36 11 6
4 10 52
29 2 5
10 23 56
36 23 6
35 19 44
38 29 72
34 24 57
28 21 46
2 32 65
34 18 38
3 11 10
30 33 80
5 24 66
19 11 74
37 3 88
34 26 45
8 4 4
15 30 97
17 4 27
20 28 38
14 14 19
6 17 15
17 18 65
35 13 92
32 10 33
12 5 90
18 9 53
2 33 33
29 9 86
34 21 96
27 38 18
5 22 6
18 5 43
27 35 100
1 20 73
9 28 67
19 29 31
23 15 63
38 28 84
11 32 4
15 35 76
24 26 33
27 25 60
20 19 42
35 30 63
25 4 92
1 21 12
38 13 0
17 38 50
26 8 65
23 21 95
28 1 59
32 37 82
27 9 28
23 21 38
1 7 31
20 10 100
27 17 47
11 4 29
13 32 31
28 29 49
38 31 33
17 26 99
11 28 21
31 16 14
33 35 22
32 12 13
25 14 41
3 17 54
29 27 94
32 27 7
32 1 77
4 9 89
5 25 93
34 17 73
1 36 19
29 32 91
2 22 18
25 16 97
16 7 4
12 8 72
31 28 92
31 36 47
18 6 59
24 32 42
29 19 20
4 10 0
1 34 69
36 18 32
31 13 22
32 9 87
21 5 65
32 34 64
8 3 73
34 10 1
11 3 81
21 10 24
29 19 86
14 5 95
26 29 27
24 4 85
29 4 52
1 5 38
18 17 8
22 9 59
27 7 86
10 16 40
18 12 31
32 9 2
34 29 59
6 33 58
21 8 33
28 28 84
4 5 18
10 27 14
31 29 95
27 20 94
22 21 22
24 22 35
30 31 24
3 22 67
4 7 38
18 31 53
32 14 39
20 16 28
37 20 83
26 21 45
20 33 55
19 1 94
1 9 9
27 7 8
21 13 93
26 31 87
12 12 60
30 31 84
12 33 38
35 11 56
16 23 41
11 29 80
15 14 21
12 20 87
13 21 100
1 32 60
13 13 5
31 34 65
2 6 94
19 11 1
26 21 95
21 6 18
33 38 98
17 23 30
9 24 10
26 2 55
25 29 76
14 22 87
23 36 82
8 5 76
23 6 17
23 2 96
37 6 64
26 18 6
22 24 22
15 22 24
12 24 74
8 11 10
21 12 74
38 29 58
22 17 2
1 18 60
38 30 44
16 7 37
26 20 50
17 14 75
18 20 8
32 35 23
13 15 88
37 14 56
16 24 73
17 37 93
32 14 57
9 18 85
28 28 43
20 27 71
12 17 33
12 6 60
14 18 76
25 25 70
25 30 38
15 38 81
18 26 11
21 38 73
10 38 70
13 27 12
18 8 57
12 13 89
36 14 80
28 27 96
6 15 80
7 6 73
19 27 32
22 30 70
35 3 38
36 30 83
18 31 99
14 18 34
14 4 39
12 16 16
25 2 91
34 6 64
5 12 21
18 2 44
32 11 48
9 28 55
30 33 87
17 18 47
6 28 99
10 4 61
29 6 36
12 24 12
2 20 76
19 38 55
32 25 85
24 11 47
19 9 81
3 3 24
38 21 59
27 21 22
6 12 89
13 38 71
7 1 100
18 15 43
18 22 54
1 1 95
12 14 24
2 4 14
12 35 69
15 24 72
38 15 26
13 14 62
37 35 71
19 20 60
13 2 10
11 31 95
4 15 8
25 32 75
5 30 92
16 23 50
33 14 3
23 29 50
3 8 10
9 21 49
9 15 83
2 9 53
35 13 37
37 21 41
17 26 52
26 13 21
25 10 77
11 5 25
19 20 49
21 19 55
6 38 86
27 5 85
36 15 89
21 31 58
2 38 62
32 8 57
1 5 85
27 26 36
12 12 88
37 18 31
22 18 30
38 6 77
14 27 20
37 17 54
32 1 46
38 8 85
8 7 53
13 3 70
26 23 44
6 38 33
12 21 12
7 35 44
37 11 66
21 32 64
36 29 55
37 4 27
15 1 83
11 21 43
6 34 72
3 1 73
15 2 81
16 9 55
3 15 25
10 5 16
16 31 54
5 22 0
26 36 68
9 21 61
29 16 89
23 23 11
10 21 25
12 7 50
12 3 15
32 1 13
29 3 38
4 2 11
6 23 39
16 35 9
1 38 98
26 3 1
35 4 8
20 14 32
4 21 12
33 26 85
13 28 53
20 2 18
38 28 3
4 36 31
9 30 16
7 4 95
14 2 8
22 5 17
2 6 71
22 29 68
14 19 37
11 16 57
18 38 60
18 25 75
17 23 16
6 3 2
2 16 43
14 16 22
26 20 20
27 23 93
23 37 17
31 15 33
10 2 60
19 31 33
34 27 39
17 20 65
38 14 86
24 35 40
36 35 81
3 13 82
31 7 40
30 10 89
27 36 93
19 7 87
8 33 34
37 33 30
17 17 44
1 26 47
15 15 63
22 10 86
21 9 81
5 9 78
35 33 73
17 8 27
31 15 16
4 4 46
12 35 41
11 5 88
26 13 32
11 8 33
16 18 40
22 22 89
18 13 75
33 36 61
32 19 88
19 28 61
31 1 64
9 10 57
36 31 11
36 9 83
10 18 43
36 8 30
19 33 81
15 19 97
33 25 53
1 25 76
23 18 79
13 10 52
2 14 100
27 14 33
20 21 15
13 7 86
28 33 40
25 14 59
4 15 16
4 36 50
7 34 24
11 33 97
37 12 31
12 23 45
32 3 59
26 7 47
7 13 35
19 24 16
17 7 71
10 22 89
25 13 34
29 32 11
17 17 4
15 32 79
9 1 1
2 29 26
13 22 69
38 2 40
35 23 80
3 28 78
33 15 23
26 35 34
7 25 53
4 10 78
27 28 65
13 20 51
12 6 56
18 26 97
13 25 48
12 17 77
26 6 88
11 9 49
15 30 84
38 27 19
29 31 36
30 28 33
37 6 48
32 22 5
29 34 35
8 38 7
29 18 33
22 23 71
2 18 17
14 4 82
6 35 20
3 24 13
24 1 12
2 18 72
33 19 30
36 30 89
22 31 39
1 26 28
3 7 13
2 19 48
33 11 55
12 27 38
22 28 64
14 31 61
16 34 85
38 15 78
35 18 77
29 15 82
35 21 34
23 34 50
14 27 86
4 10 26
30 34 61
3 12 36
35 28 43
6 28 91
30 24 57
21 24 42
4 1 35
22 25 25
22 31 64
29 16 43
5 25 43
35 21 33
14 2 38
24 21 20
19 30 93
7 8 67
24 21 17
13 24 69
9 32 52
29 2 42
23 1 66
6 5 15
17 13 70
17 12 91
30 16 4
11 1 64
31 10 66
7 25 15
19 7 41
14 36 82
3 28 20
4 34 37
30 19 70
20 19 62
30 23 9
37 2 20
35 31 97
22 6 56
31 20 95
13 25 36
1 13 7
30 27 42
17 33 74
5 4 100
3 24 1
5 15 76
1 19 17
34 33 81
36 12 33
3 8 49
15 25 90
14 10 83
9 10 51
36 31 46
26 18 98
21 13 28
20 19 30
8 5 67
8 4 27
8 9 10
23 38 23
19 25 71
23 11 72
14 34 92
10 9 84
14 36 49
2 9 31
25 3 56
27 18 34
14 36 33
30 23 78
7 32 48
13 38 92
27 28 4
35 37 83
14 13 61
36 22 62
22 21 41
12 37 62
2 7 48
4 4 62
4 20 43
36 27 95
21 35 72
21 6 55
6 26 14
8 36 9
34 22 28
36 31 83
33 10 75
6 9 42
2 29 84
32 6 30
20 17 48
3 8 18
36 12 39
16 3 83
24 30 60
19 27 14
22 12 95
27 16 34
9 38 12
18 27 93
27 33 75
27 28 67
5 12 32
10 22 12
33 36 59
21 34 7
23 32 23
10 38 77
14 15 1
16 18 37
8 8 54
21 23 59
35 34 53
13 24 9
15 14 60
21 17 12
35 2 8
21 3 91
34 36 50
19 2 61
18 17 46
10 3 42
25 36 46
27 28 35
28 3 46
4 22 3
13 20 86
10 28 85
6 18 74
16 8 43
23 5 81
36 11 94
30 23 89
19 22 90
3 7 1
38 13 74
13 4 20
34 36 62
17 9 29
33 28 9
14 22 91
32 18 49
4 10 8
11 26 94
7 5 8
11 16 25
15 9 71
30 20 59
15 4 51
4 3 92
9 24 36
34 3 8
24 2 96
15 19 75
29 38 98
31 18 92
12 34 91
34 31 41
15 8 42
30 26 89
32 9 70
10 7 88
2 28 79
32 22 82
19 14 31
10 19 26
37 38 68
16 4 51
38 26 62
20 12 81
1 35 70
11 30 3
9 25 75
2 26 48
13 6 61
20 33 29
37 23 58
4 37 100
2 14 88
23 25 46
12 16 1
20 21 29
9 27 50
33 36 75
13 35 17
8 14 75
13 25 38
29 15 55
4 13 68
5 14 49
20 11 72
33 22 91
1 17 98
24 17 81
10 1 98
14 29 1
11 26 3
31 21 51
24 15 62
29 34 95
24 2 93
13 32 54
35 13 54
23 3 97
3 12 29
19 8 40
14 32 95
35 27 16
1 17 63
14 19 7
15 18 4
9 9 18
37 36 72
35 11 57
26 21 86
29 18 23
30 37 88
4 35 22
17 6 4
1 36 83
10 31 83
29 13 37
15 25 45
21 2 78
8 36 12
34 33 16
5 31 82
11 34 44
30 18 73
4 29 44
8 38 91
37 29 28
18 6 4
29 25 1
12 1 96
5 35 21
23 5 45
9 24 89
21 28 15
19 18 28
38 32 20
25 1 12
22 3 64
19 18 63
34 1 34
24 3 35
25 19 13
28 23 88
31 28 73
37 25 30
35 37 34
4 34 33
25 20 58
19 13 75
22 28 57
13 15 58
30 28 7
13 2 73
22 27 24
37 34 45
35 37 72
13 8 95
12 12 38
34 1 46
13 21 85
24 4 78
1 32 8
5 4 7
16 17 23
2 3 18
6 24 59
23 37 56
26 38 71
20 12 57
35 11 62
32 21 12
34 12 27
8 29 31
28 30 81
29 16 71
26 10 26
6 14 43
4 28 68
23 16 57
1 20 29
29 19 88
18 11 31
35 20 58
12 32 15
8 15 9
29 36 74
15 24 87
34 29 95
35 34 1
36 33 66
7 1 9
19 14 6
10 34 70
21 28 6
2 27 77
30 20 84
18 7 7
11 33 86
36 28 11
29 11 89
16 33 68
33 1 45
7 18 48
1 31 53
15 4 20
31 26 12
25 5 46
8 9 91
15 2 41
4 12 45
10 3 100
31 25 46
24 17 60
17 23 17
17 2 24
10 14 7
28 4 69
37 20 26
1 32 94
5 28 0
16 37 67
16 3 10
13 14 54
30 11 31
15 34 98
1 37 8
13 10 51
32 15 57
27 4 96
38 7 84
19 34 28
1 3 92
31 1 54
1 31 13
4 7 92
24 30 80
5 38 88
8 12 8
4 5 57
27 34 99
37 38 34
21 29 10
31 32 4
7 25 72
35 13 34
26 16 91
12 6 26
5 20 95
2 2 77
22 3 31
38 4 39
13 4 13
24 19 5
19 15 87
25 27 83
21 23 12
11 11 13
6 35 32
22 25 42
16 34 90
25 19 77
6 29 67
22 9 58
9 33 35
3 30 7
4 37 15
29 18 15
12 34 35
20 12 24
24 31 45
21 33 19
38 2 72
20 31 67
31 14 7
4 2 7
7 2 85
6 33 8
12 34 53
10 26 51
18 22 27
11 36 42
7 1 91
38 36 40
21 16 20
21 24 37
13 4 83
11 34 71
23 6 89
21 21 3
15 9 99
14 8 62
4 28 40
36 21 6
24 11 76
33 7 76
7 10 12
20 1 4
37 17 55
33 3 31
36 4 16
38 33 29
6 12 77
12 1 16
19 4 19
10 11 16
32 21 82
2 18 41
20 8 76
20 8 42
14 27 34
14 5 6
31 34 93
20 9 56
16 16 57
9 29 59
38 22 74
15 17 90
19 22 67
7 32 63
12 16 92
12 15 87
28 27 28
17 23 13
12 17 83
32 37 95
2 32 78
14 30 74
25 32 58
19 11 1
25 35 84
27 21 1
26 27 80
2 22 10
10 30 33
20 15 3
38 1 41
27 21 92
10 1 82
25 7 33
28 11 51
36 3 50
26 34 90
1 25 22
27 34 20
28 7 93
6 3 34
23 33 4
8 28 89
21 5 99
34 2 82
6 26 74
22 14 39
7 28 11
33 14 45
22 34 100
7 14 4
16 36 11
2 1 67
13 28 67
19 13 44
8 37 38
11 30 7
6 16 31
34 12 49
17 14 82
32 10 22
5 34 5
36 14 26
35 36 35
12 24 56
38 29 7
3 12 30
2 27 4
3 1 1
38 38 47
30 3 77
36 28 8
14 16 78
18 17 28
35 19 44
25 32 9
31 28 49
32 26 89
29 23 40
5 34 65
5 16 74
25 21 13
23 26 9
14 8 83
4 31 63
19 16 88
20 23 82
32 7 40
7 6 83
25 1 71
9 33 11
6 6 66
5 26 25
36 22 19
8 10 51
17 3 23
33 18 56
10 3 82
22 5 48
6 31 36
9 3 78
11 22 50
22 3 67
2 25 44
6 27 96
32 20 29
9 25 84
18 29 73
38 31 63
24 7 63
30 11 91
25 13 61
18 12 41
24 17 48
10 16 11
4 2 95
22 27 13
29 30 93
22 17 21
23 31 12
29 30 16
9 26 16
25 26 16
12 32 95
31 35 3
21 25 8
8 16 84
8 32 63
19 31 32
25 17 70
4 16 52
11 24 36
26 19 55
12 18 22
28 19 37
36 19 22
29 30 46
10 4 51
16 17 16
3 2 48
21 15 98
33 29 23
3 7 78
27 32 51
19 27 75
19 31 89
23 14 41
30 7 90
28 23 91
17 18 55
21 32 52
21 19 44
23 8 70
20 19 9
14 12 79
13 15 5
36 31 93
16 18 11
33 4 79
23 17 96
12 6 40
19 22 81
7 26 3
7 37 49
34 7 93
30 13 72
32 4 72
17 19 47
23 11 39
34 38 84
3 15 14
24 37 2
35 21 3
25 2 66
22 23 76
25 18 16
17 14 4
15 11 17
32 8 44
9 34 69
26 34 97
8 27 71
12 32 4
29 26 6
15 22 53
26 20 37
30 27 79
29 31 44
34 8 5
31 20 32
25 8 81
19 10 95
7 6 34
7 20 19
6 8 80
10 4 80
8 19 82
29 21 29
22 28 93
13 28 7
7 18 38
18 38 61
2 12 11
21 27 11
1 12 6
34 33 58
29 18 50
12 18 73
7 15 62
17 36 11
36 17 76
36 37 89
20 16 56
36 18 55
29 21 44
9 20 55
2 31 30
18 28 31
26 6 59
13 1 66
21 31 32
31 16 50
21 6 23
9 37 67
21 27 72
7 30 84
6 7 71
26 31 90
34 9 35
22 3 46
21 11 63
14 1 75
9 14 55
12 28 63
18 14 9
20 19 59
5 26 8
14 6 35
21 9 52
38 19 69
10 38 79
37 5 43
25 15 11
8 28 67
6 16 24
38 9 44
31 6 80
37 38 26
19 20 13
9 36 69
1 8 24
4 3 32
5 14 38
15 37 10
38 38 30
20 22 52
18 35 10
2 8 70
1 23 81
9 16 0
1 25 96
37 19 93
19 27 85
9 36 2
19 26 56
9 27 13
25 5 71
12 24 33
34 21 89
26 1 5
18 38 26
17 12 84
32 23 90
11 27 79
18 7 34
35 38 77
15 25 79
36 9 94
15 34 56
33 30 40
36 38 71
35 33 72
3 31 49
7 36 12
7 20 68
10 2 32
37 11 12
24 9 22
28 3 11
15 3 69
17 10 27
19 29 90
25 19 31
36 5 61
1 3 97
22 32 26
38 31 58
29 12 84
12 14 25
37 14 35
14 32 4
10 26 46
20 13 1
32 3 31
27 35 30
31 32 83
25 31 47
29 4 50
37 12 27
28 11 80
17 6 58
29 16 1
23 10 17
38 5 10
15 8 66
36 27 85
29 33 37
2 27 1
2 9 72
8 19 82
26 27 35
35 38 64
29 30 44
27 7 92
25 33 35
32 31 61
35 20 79
37 31 68
30 33 28
33 35 90
11 9 64
28 38 70
38 14 88
12 19 5
8 20 0
32 4 59
12 28 37
1 6 12
9 3 64
2 34 77
18 1 1
24 33 99
35 12 10
20 4 95
35 2 25
21 8 96
27 36 75
1 14 33
9 1 45
5 7 77
8 22 98
14 3 69
12 17 46
17 2 38
7 25 77
31 21 1
34 16 30
14 5 25
31 11 50
1 30 27
5 26 87
9 26 92
31 11 44
2 30 52
23 36 47
36 38 0
22 13 32
21 2 45
29 4 51
20 24 21
2 24 11
33 29 3
16 35 63
9 2 69
30 35 75
35 32 90
18 28 12
9 19 88
4 36 39
7 38 51
15 17 62
29 28 87
1 25 69
27 37 55
12 10 7
30 24 67
24 7 86
18 9 69
37 9 63
20 9 7
19 23 68
6 14 91
14 28 4
38 26 97
10 10 85
20 5 3
16 12 69
3 32 21
7 6 96
19 32 2
28 13 11
35 24 59
25 34 34
35 22 36
6 19 95
19 24 27
3 21 55
26 17 36
35 17 52
10 12 90
35 16 87
16 26 40
14 25 38
1 34 29
19 15 54
11 19 42
38 8 87
34 21 21
30 19 45
38 5 4
21 30 7
24 36 78
27 34 29
35 37 26
3 11 5
37 35 55
15 14 70
1 11 54
3 7 14
16 31 26
2 34 77
28 23 76
25 32 61
37 34 69
14 6 88
26 28 38
38 29 12
24 36 30
28 31 91
18 17 69
4 1 67
17 31 51
27 36 7
35 19 8
29 2 98
30 9 75
10 10 10
20 8 67
9 25 51
30 2 69
6 19 45
19 24 74
2 4 66
15 28 30
8 21 70
24 31 84
33 9 64
18 10 65
6 1 50
22 24 41
21 7 22
20 31 43
31 4 54
27 30 42
19 11 42
17 23 91
11 22 43
12 7 29
4 8 53
9 3 57
32 18 63
36 6 6
2 37 34
8 1 67
13 16 58
3 22 73
20 38 43
31 20 61
14 12 84
15 34 99
25 3 70
22 27 71
36 1 87
28 26 2
32 23 65
30 27 78
30 6 64
28 29 97
21 9 5
17 18 68
30 2 35
17 21 10
10 35 9
31 37 73
20 35 92
12 3 11
34 22 1
11 12 60
11 2 86
26 12 88
19 27 83
8 26 5
16 14 92
26 25 47
32 21 79
19 36 76
35 1 58
18 38 57
37 34 53
24 26 99
17 9 10
11 24 39
18 7 15
16 20 86
6 24 88
5 28 73
6 7 58
6 23 54
8 10 25
19 22 83
4 22 7
14 7 51
30 22 4
3 15 14
37 37 66
18 17 86
31 37 46
35 17 29
7 28 85
16 35 5
38 15 12
14 3 51
6 24 94
31 2 94
19 13 33
10 29 74
28 25 80
32 16 63
33 12 90
37 37 94
32 36 83
24 27 67
23 9 13
2 29 23
21 35 58
21 33 65
21 31 79
32 27 25
7 5 26
4 31 11
12 22 6
7 28 39
21 13 100
14 35 48
35 3 96
5 22 15
33 32 61
22 25 19
31 22 61
14 4 69
10 2 40
34 30 53
30 7 38
23 37 13
34 30 5
23 6 62
6 16 87
5 4 53
6 36 67
14 6 61
30 6 1
20 22 22
11 17 64
1 30 16
18 4 6
37 35 18
14 16 73
13 20 58
25 30 5
30 4 58
36 10 78
25 12 25
34 33 0
2 17 50
6 9 62
3 6 36
8 12 15
18 20 82
21 37 39
37 2 86
7 20 68
35 22 41
26 38 18
31 23 23
33 33 89
14 37 27
18 16 63
18 23 68
19 23 89
29 2 32
24 29 22
30 31 43
24 29 6
13 2 92
29 22 4
32 9 67
7 8 93
31 37 25
2 37 36
6 24 7
29 26 25
20 34 26
13 32 44
4 32 91
32 36 38
10 28 78
11 26 28
28 8 40
37 15 32
5 25 90
35 31 23
15 10 66
2 10 91
12 22 87
26 10 70
14 19 33
4 25 5
13 20 0
18 11 38
23 23 92
23 1 14
21 27 43
32 5 79
14 34 32
20 25 78
33 20 57
9 17 90
36 19 10
17 21 64
29 2 76
17 4 24
20 29 52
35 15 11
12 23 44
7 20 87
3 24 20
38 28 89
36 14 72
15 33 81
7 9 27
29 29 79
14 15 24
15 28 9
13 4 9
3 30 39
27 6 81
5 27 48
33 36 94
9 26 43
35 27 3
17 21 29
24 1 33
23 34 77
33 1 100
24 30 21
37 30 94
37 26 57
26 9 81
36 8 81
2 8 7
16 24 100
18 22 37
34 23 16
37 33 26
37 26 52
6 8 84
7 18 92
21 25 50
8 9 63
7 33 62
7 23 56
30 16 13
15 8 51
27 9 78
25 2 74
7 17 39
19 26 14
29 24 30
18 16 8
25 33 10
27 32 71
6 38 60
28 32 62
13 16 12
23 20 32
38 25 99
36 8 85
1 31 40
26 1 47
25 15 35
24 33 15
25 3 90
31 22 70
3 7 7
20 13 93
6 9 58
20 4 47
27 10 75
37 12 74
30 20 35
15 20 7
1 21 61
16 17 39
20 26 56
37 31 10
29 23 50
32 1 68
4 15 46
38 3 4
20 19 76
33 27 5
5 19 87
29 33 73
32 17 53
26 8 88
38 34 69
29 9 72
9 1 18
34 20 58
21 6 27
22 8 16
28 9 99
12 17 8
5 38 58
31 4 34
5 33 18
38 19 34
30 25 74
34 4 13
14 32 3
38 3 72
18 17 52
17 28 9
16 19 65
38 25 72
37 37 61
33 38 82
16 2 48
19 35 17
6 5 92
31 28 89
21 23 91
4 1 98
32 21 18
13 13 44
18 23 25
18 8 84
5 11 66
10 18 28
29 12 23
28 23 81
6 34 59
37 2 97
8 38 59
20 34 51
24 37 86
7 16 40
24 30 33
25 16 26
26 8 93
8 33 79
8 18 15
24 11 52
18 10 95
10 5 97
13 19 53
1 7 41
9 1 78
26 20 54
29 1 90
20 34 29
4 37 8
24 36 34
33 2 79
21 5 45
14 2 100
8 26 98
8 22 74
5 31 56
22 1 82
11 29 72
29 20 57
32 37 42
37 38 82
12 29 84
19 35 9
2 5 10
8 6 14
6 17 23
2 17 52
20 23 53
27 15 29
15 20 87
2 10 12
6 33 7
5 20 82
32 36 33
25 7 87
26 27 91
1 19 1
13 18 82
3 4 97
9 4 82
26 16 100
29 22 98
33 7 81
12 32 6
13 19 17
35 2 59
37 35 58
25 18 35
21 7 19
37 27 11
13 15 49
28 35 87
30 13 90
16 29 39
7 13 53
7 1 31
24 33 57
18 21 11
13 21 1
7 32 0
31 4 96
2 34 95
14 30 57
28 11 59
1 13 48
3 24 23
10 35 11
12 21 12
24 37 74
38 9 80
32 29 1
11 23 35
15 4 36
36 5 23
18 23 67
2 12 46
21 25 55
28 22 67
14 29 90
34 3 79
21 18 0
23 37 99
23 14 9
4 15 7
34 25 19
11 36 86
6 20 100
21 15 34
24 21 97
16 29 18
32 4 47
35 3 57
1 24 97
24 28 75
14 7 67
15 14 51
3 20 50
36 24 12
34 31 52
17 30 52
35 34 80
1 21 31
28 24 42
31 18 21
20 29 64
18 24 47
2 8 41
4 31 27
29 32 91
28 3 75
25 26 42
22 36 72
17 9 66
13 11 19
21 29 31
28 3 49
8 23 56
10 16 12
16 30 69
6 38 16
25 29 87
31 26 49
15 15 83
24 17 13
18 26 33
12 21 11
36 2 17
4 17 58
21 19 67
18 17 81
14 30 21
25 8 5
13 22 51
6 20 80
25 8 67
9 27 52
9 12 95
5 27 92
15 6 42
18 33 15
36 23 99
26 12 50
33 33 46
13 34 26
15 20 79
17 19 0
7 21 92
22 12 10
8 27 28
34 26 71
9 17 85
18 21 52
2 10 51
36 17 96
11 35 37
33 13 60
12 11 1
2 30 5
26 21 44
25 12 78
3 12 95
23 29 52
14 18 10
29 11 20
34 11 65
13 20 36
26 4 30
18 8 14
21 31 12
10 21 70
28 32 38
28 7 78
1 38 49
8 30 75
27 36 90
28 7 78
35 35 22
8 20 10
16 22 50
28 8 39
36 14 9
1 21 77
1 32 82
11 28 91
36 33 83
23 30 41
9 20 72
31 11 89
32 35 96
20 22 69
35 12 37
31 6 37
19 27 51
15 9 86
20 12 96
24 6 97
8 4 41
30 10 73
5 36 95
28 36 71
9 15 72
26 36 84
31 36 32
6 26 82
3 17 4
24 34 44
22 3 18
5 19 92
31 29 99
33 14 53
5 15 48
17 20 35
3 36 20
29 5 13
17 13 2
29 7 61
12 24 47
7 2 56
18 8 81
12 3 96
16 17 100
10 38 31
25 22 48
6 27 88
5 2 75
32 24 82
19 20 35
13 27 86
17 2 49
38 30 28
18 12 29
27 28 64
36 17 97
27 10 24
30 16 60
26 17 100
8 26 25
4 31 69
22 36 35
34 38 58
10 35 31
27 1 72
8 11 11
2 27 51
31 23 25
17 35 22
14 12 94
21 18 65
36 25 78
19 4 0
22 14 92
31 24 76
16 2 99
19 34 33
23 36 84
8 2 8
20 11 23
38 32 79
31 38 71
3 21 90
13 2 0
27 19 2
16 32 14
15 15 8
6 14 82
10 16 71
11 18 90
30 32 1
26 36 68
17 21 72
20 29 1
6 12 95
29 37 63
2 27 51
15 15 47
3 38 91
36 17 34
29 26 13
31 6 15
23 6 83
20 9 81
36 18 25
26 21 63
17 7 27
15 17 69
9 35 31
7 27 8
13 30 5
21 2 77
36 29 56
2 20 26
6 36 62
10 32 52
35 3 63
34 8 35
9 26 99
7 31 92
25 36 93
14 23 22
27 13 61
29 30 81
14 38 91
37 8 38
2 18 45
5 5 59
8 22 13
18 21 46
7 9 7
32 18 2
21 22 59
1 11 30
11 27 73
18 31 30
15 5 68
12 25 88
36 2 49
33 22 84
10 24 94
19 20 47
32 37 11
18 25 33
28 15 28
23 21 8
3 34 9
4 6 8
36 22 37
37 1 85
2 12 5
4 19 64
32 34 47
21 20 92
8 27 54
30 6 11
8 30 78
4 21 20
21 1 80
18 10 2
19 38 20
4 14 81
6 38 9
17 22 31
1 38 96
20 4 12
14 22 66
3 36 72
9 29 56
19 29 91
26 33 41
21 34 11
4 14 6
15 26 80
34 3 84
32 38 12
18 33 53
36 13 7
16 3 89
13 21 18
12 14 20
38 1 66
1 37 74
34 13 1
7 37 82
31 10 65
30 32 56
10 17 100
8 18 100
32 20 85
20 34 96
11 30 100
12 11 72
37 9 8
35 24 53
12 18 66
22 29 24
35 1 42
1 5 74
18 13 22
16 22 6
26 11 31
27 13 6
6 7 15
3 11 67
14 34 45
21 3 7
21 23 53
10 12 25
18 36 96
37 33 9
2 19 74
32 4 70
18 33 88
31 10 27
13 13 82
25 16 33
22 4 42
21 34 44
25 15 82
11 13 35
32 15 22
27 21 15
15 34 73
37 35 7
26 13 68
22 4 50
20 33 100
36 37 9
3 21 7
29 28 83
23 32 67
13 13 23
29 34 99
27 19 48
19 25 56
11 15 86
25 16 40
29 13 96
30 27 17
9 38 79
18 4 28
23 15 31
35 12 15
23 32 8
3 10 68
13 29 66
1 26 51
24 2 25
29 21 54
8 7 0
24 6 90
6 22 80
15 35 85
29 33 91
33 11 68
34 16 6
29 21 81
11 3 60
29 11 67
2 2 81
4 4 4
21 27 55
8 16 62
38 16 3
3 18 17
37 21 72
17 34 86
20 19 92
9 4 18
15 27 86
4 5 83
20 8 88
9 15 44
14 16 67
4 11 27
36 34 20
30 36 30
2 37 66
17 25 26
5 11 73
25 16 66
7 10 3
30 8 51
11 8 40
22 15 80
9 5 97
9 17 51
17 16 86
29 23 52
18 38 96
12 7 52
5 28 30
9 8 38
26 11 30
35 9 34
30 28 29
18 10 45
18 31 85
38 33 55
16 11 22
26 7 94
6 20 43
15 13 52
11 14 62
1 5 63
16 18 79
17 20 38
19 37 56
26 25 9
25 16 80
30 27 94
22 3 80
3 31 77
17 33 37
37 19 87
34 38 40
4 24 74
21 6 37
8 13 8
2 23 3
5 34 68
22 37 21
1 33 81
27 6 15
37 12 19
35 26 24
6 21 82
28 33 75
8 26 70
30 36 96
8 35 9
13 8 34
13 19 34
27 20 59
31 18 45
26 37 55
1 15 91
4 29 83
12 2 24
4 2 30
5 6 45
14 20 36
8 18 10
37 1 37
11 1 17
27 36 86
36 14 16
1 23 14
15 36 91
2 6 42
36 27 45
5 27 54
10 25 100
10 29 54
10 21 25
19 27 58
37 37 69
12 3 30
7 29 72
12 33 100
38 17 13
6 27 12
7 32 89
17 24 94
11 14 69
21 36 52
36 10 3
35 21 57
15 1 11
32 7 45
25 30 5
35 18 21
24 8 86
27 26 43
22 24 3
32 9 28
35 26 51
9 24 35
26 18 51
15 21 14
24 7 11
35 32 68
34 33 87
6 24 74
22 35 100
11 35 61
3 15 5
21 6 41
5 27 12
15 20 17
3 16 41
21 16 57
1 21 32
17 4 50
5 29 27
23 24 84
9 25 84
3 15 66
23 5 89
7 28 97
7 25 97
9 13 85
2 21 47
14 35 70
35 23 89
23 7 82
26 3 73
7 16 21
7 25 74
38 10 72
6 35 100
23 3 4
24 27 77
11 13 97
29 30 82
21 9 35
14 14 4
23 25 60
1 13 84
5 20 16
19 3 87
3 5 31
29 9 99
37 30 87
34 10 13
7 14 18
13 8 58
19 7 2
25 28 21
23 2 72
37 3 82
27 9 43
19 25 99
2 22 71
21 1 60
4 13 83
36 6 16
17 14 10
3 30 85
20 34 78
25 3 14
23 16 86
16 7 65
34 13 62
37 15 84
5 9 38
27 2 97
31 22 53
34 20 33
9 33 23
10 13 69
32 11 95
16 23 34
22 35 94
36 1 22
22 31 16
26 3 77
20 32 34
6 4 5
22 5 58
26 17 83
12 17 68
22 31 87
26 33 3
12 6 50
6 33 25
34 31 1
2 2 31
31 25 43
34 18 66
7 37 79
35 20 45
14 12 37
8 32 67
24 6 47
15 12 81
33 22 88
13 23 29
6 36 18
17 26 78
17 26 86
15 6 71
19 5 13
17 4 55
13 34 5
23 33 4
9 29 60
38 34 65
36 29 78
9 7 13
2 30 93
1 2 76
6 8 28
11 24 78
9 26 24
16 19 25
22 3 72
21 37 20
13 14 73
17 27 48
35 37 46
4 27 60
9 34 63
36 29 61
34 3 34
29 20 7
1 3 40
33 30 68
11 8 0
25 35 31
31 13 55
35 29 0
5 34 47
16 34 79
3 15 18
3 3 38
36 20 60
9 34 38
1 21 32
9 38 39
24 16 0
31 6 73
19 37 35
31 16 96
26 34 74
19 2 53
6 22 38
5 1 93
8 4 62
16 12 81
28 3 19
28 12 33
29 36 15
22 7 82
11 37 16
25 24 53
4 10 34
27 21 1
34 24 32
37 14 42
35 27 95
31 6 34
31 29 33
30 38 53
6 36 85
30 3 70
33 27 27
2 22 50
7 5 64
33 32 48
20 25 27
36 28 36
9 11 65
11 32 33
5 29 45
25 20 68
17 38 95
31 25 71
30 6 91
5 20 32
4 26 6
2 38 82
19 7 35
25 5 48
5 16 45
8 2 96
8 30 90
26 28 36
19 4 99
8 14 43
25 32 9
2 18 39
3 37 98
12 27 53
20 15 3
22 29 4
22 16 48
5 16 23
13 19 31
1 12 59
5 11 92
15 23 62
31 18 4
6 9 41
22 1 23
14 15 15
23 23 31
3 17 61
19 15 23
37 31 36
37 25 66
26 4 5
1 38 70
33 32 53
25 33 57
9 30 19
35 11 38
10 14 44
29 3 0
5 10 15
34 1 18
3 19 29
28 6 51
8 16 8
33 18 97
24 16 30
26 2 32
32 15 62
16 25 71
8 15 66
20 6 64
32 14 100
2 26 25
38 35 85
28 21 95
21 8 28
3 16 60
17 10 40
25 15 95
12 6 56
16 22 50
23 15 78
33 35 68
4 34 18
30 1 1
19 16 72
30 6 68
27 9 37
13 17 6
17 4 46
18 26 41
23 37 85
24 29 22
28 28 59
26 14 32
14 11 11
1 6 34
3 24 34
15 6 9
5 15 73
27 30 67
34 4 78
3 34 6
26 2 69
19 37 54
14 21 98
1 20 97
9 37 60
18 22 92
20 3 34
5 17 34
15 14 47
25 18 22
10 25 53
36 20 19
29 7 9
3 21 34
24 36 70
1 36 95
23 30 58
27 32 68
31 10 95
26 22 71
9 9 27
18 11 68
9 2 32
5 28 25
7 38 26
2 19 14
34 3 62
1 33 44
2 11 25
15 25 36
10 15 92
7 31 84
36 3 29
7 30 78
17 7 60
8 9 83
33 16 91
1 35 70
9 25 21
36 14 43
5 28 43
9 24 47
15 13 47
1 22 66
36 12 63
23 38 82
5 14 29
5 4 13
28 2 99
24 13 51
31 28 64
25 36 20
28 35 15
24 35 46
11 23 49
30 32 95
3 12 44
3 21 97
8 1 33
11 32 66
8 27 43
15 34 59
19 31 89
22 37 69
12 19 5
37 31 100
26 17 6
25 24 93
24 37 60
17 2 78
32 38 28
2 9 10
4 24 67
35 1 88
10 25 68
8 35 72
2 27 97
36 27 42
38 12 83
16 13 40
6 36 43
31 36 88
12 16 0
14 1 91
10 21 9
32 5 84
10 30 14
14 26 2
10 32 69
1 28 98
1 4 99
10 19 23
7 15 93
19 35 100
34 23 5
26 10 77
28 25 89
1 30 34
32 37 48
22 32 38
6 26 0
35 34 30
10 15 86
21 19 20
22 13 56
9 6 66
3 9 55
1 38 22
17 32 71
29 26 97
15 5 17
30 9 41
8 28 37
10 22 22
21 5 28
27 9 53
18 8 59
6 28 35
6 8 31
30 25 5
26 36 19
17 6 95
10 17 31
11 32 89
25 3 76
22 34 4
36 26 26
16 18 70
16 9 31
24 16 3
6 11 74
37 2 100
27 6 30
38 23 76
4 9 23
22 37 51
26 35 62
12 3 61
37 8 69
7 33 22
19 10 84
20 29 6
22 34 69
27 11 24
19 2 93
6 9 4
6 25 51
13 6 49
23 21 5
9 30 93
22 23 6
36 20 55
1 35 30
25 12 19
25 25 34
4 21 51
9 25 36
14 29 3
9 29 91
10 12 54
32 9 52
13 16 35
5 34 46
27 26 30
36 23 58
30 25 98
20 6 73
13 34 78
10 10 49
3 12 9
35 4 1
33 11 97
24 26 72
28 17 19
38 12 27
9 33 45
32 30 84
32 33 92
5 26 44
31 18 91
14 30 75
3 22 79
30 38 47
32 19 99
32 31 48
23 10 63
36 28 35
28 34 22
24 2 56
23 8 9
20 6 87
13 13 83
28 38 33
33 22 66
31 10 7
17 9 51
5 31 84
30 27 9
15 2 67
5 34 70
36 5 97
4 37 7
30 36 69
20 24 93
10 29 11
33 4 64
9 34 31
37 12 3
15 9 50
34 21 49
34 36 63
17 1 60
38 28 86
7 28 50
29 23 63
23 4 79
13 20 34
38 23 75
25 6 89
21 30 32
17 10 55
35 27 17
27 34 56
11 1 54
5 8 19
5 23 41
19 30 76
27 14 54
38 3 92
36 29 58
6 34 41
13 36 95
5 3 100
26 23 7
13 7 13
34 33 76
31 14 19
10 32 51
36 29 73
7 27 44
21 35 94
4 9 52
11 2 38
15 30 10
9 30 44
20 4 93
38 29 65
13 11 33
22 29 64
8 15 63
11 34 76
9 33 32
17 16 94
37 19 4
30 30 91
15 29 9
11 32 22
9 12 13
36 32 45
32 34 3
30 14 59
28 2 23
38 38 33
16 17 10
36 18 63
31 12 20
9 29 5
3 25 33
29 13 49
12 20 76
1 29 96
23 6 59
36 30 84
17 1 81
17 23 78
27 34 64
15 35 46
17 29 30
26 4 65
13 16 96
12 4 26
15 10 90
7 13 5
30 12 95
11 26 71
12 21 32
36 11 34
17 29 38
29 8 16
22 20 42
12 29 85
38 28 31
12 7 50
38 2 18
24 30 80
34 8 74
12 21 9
7 27 14
1 38 40
21 12 71
21 25 94
12 29 14
17 19 94
24 23 83
20 3 50
5 35 24
38 6 65
6 22 13
8 24 76
32 5 16
27 17 77
35 8 95
3 35 25
10 12 79
22 12 11
22 37 11
28 11 25
18 25 44
18 21 83
34 8 74
13 38 38
25 37 97
5 29 44
5 38 41
32 22 20
3 21 89
19 34 20
15 15 36
36 14 75
7 35 15
6 28 41
2 28 16
26 14 86
18 36 28
12 9 14
7 33 97
17 13 88
19 38 80
34 7 61
16 11 23
38 4 6
38 33 37
20 30 17
18 29 54
9 16 78
15 8 9
24 4 54
10 15 95
20 22 34
36 13 67
33 17 84
25 3 96
3 7 91
9 21 52
11 5 45
5 34 6
7 10 11
28 21 12
23 8 98
22 22 43
10 30 7
36 23 8
36 10 58
25 19 17
24 22 99
3 11 60
35 35 55
30 27 28
8 18 56
8 14 52
19 5 2
38 21 27
21 38 0
26 32 14
8 12 1
18 25 93
33 24 16
36 2 21
12 19 22
33 25 77
15 37 12
6 33 10
25 21 36
13 14 26
14 2 41
8 3 92
4 38 91
22 29 72
25 16 57
8 16 1
26 30 54
9 27 38
18 20 73
9 34 34
24 10 65
31 32 41
36 18 41
8 25 34
26 8 65
21 27 49
19 26 80
38 5 54
21 16 3
7 1 29
10 24 10
4 11 99
22 18 50
18 27 24
30 18 87
33 21 8
23 25 29
27 23 11
5 35 15
18 13 65
23 5 89
3 31 37
29 9 18
29 16 7
12 19 55
38 5 50
5 35 77
7 24 100
1 33 33
8 6 57
22 3 47
23 18 94
11 37 66
9 22 77
5 13 63
1 29 61
5 21 45
5 15 76
12 22 45
33 14 5
10 15 55
5 21 3
35 31 78
35 23 77
38 32 82
4 11 60
24 22 48
27 33 26
10 11 16
18 23 72
19 1 38
11 21 7
22 7 44
21 7 43
6 28 18
10 17 99
37 28 94
25 25 27
35 4 82
32 3 84
24 36 82
15 24 33
13 31 22
10 20 43
37 38 90
1 8 31
28 21 55
23 2 30
37 36 49
31 6 71
34 36 3
3 9 36
4 14 23
30 3 95
35 38 30
9 20 66
20 10 18
3 2 4
29 18 73
32 27 84
38 17 50
4 29 50
12 35 14
32 4 95
22 14 56
4 1 2
25 30 100
8 2 73
22 28 36
28 3 58
35 38 71
27 31 64
4 26 47
32 10 94
9 36 4
4 30 99
20 16 92
21 34 34
13 20 43
35 30 16
1 9 80
16 12 43
29 3 72
37 33 80
1 23 51
36 28 17
4 8 88
25 1 18
31 28 84
8 2 59
13 21 52
11 10 53
16 28 24
35 29 62
16 11 16
15 13 67
29 3 29
22 32 22
26 3 84
16 5 45
38 18 90
5 14 67
19 5 33
34 9 82
25 36 78
22 23 61
21 18 13
29 17 33
29 30 53
22 14 35
19 28 95
37 35 78
11 33 94
13 38 45
27 18 28
6 17 82
13 12 59
10 29 58
34 1 59
7 14 17
8 20 2
13 30 16
10 37 85
27 12 58
37 6 60
23 35 40
24 37 54
6 15 48
17 16 19
17 1 52
34 19 58
30 23 37
19 35 36
26 22 50
22 25 47
33 36 12
8 32 25
31 21 55
14 9 84
21 10 79
13 3 84
5 3 2
30 31 16
26 8 52
32 2 98
23 13 75
29 37 16
19 6 94
29 25 44
6 21 72
7 23 40
12 1 80
25 1 0
16 4 71
8 27 88
22 2 87
2 6 3
5 10 40
30 32 80
10 6 44
1 6 36
26 32 90
8 13 73
21 15 80
27 35 37
37 35 73
21 9 77
22 33 66
11 23 42
28 15 88
17 35 63
19 18 22
31 29 18
23 2 26
33 16 53
36 7 64
36 26 50
28 10 77
9 30 46
36 6 75
15 29 79
36 23 85
16 27 17
36 30 56
29 34 7
19 10 7
25 25 92
38 10 80
35 26 28
28 15 37
29 31 83
32 10 44
4 30 38
37 16 76
32 9 43
38 19 12
28 15 27
18 27 72
14 7 80
17 4 81
3 27 80
26 32 70
14 38 12
13 32 11
26 27 18
28 38 16
12 10 89
22 5 16
38 14 63
35 24 40
28 17 87
29 26 92
28 28 13
26 24 94
20 26 67
18 27 26
30 35 51
24 34 7
29 16 41
32 8 38
27 5 35
4 23 25
17 37 91
35 6 19
14 21 37
17 32 97
10 4 48
28 32 81
36 3 21
17 18 54
17 13 100
13 4 32
14 34 97
2 37 3
19 31 8
19 26 51
9 11 73
21 10 2
30 8 46
13 4 0
21 14 98
32 7 99
3 30 76
13 36 21
24 21 73
14 15 64
36 15 51
29 3 7
22 7 63
2 38 48
20 20 93
22 27 20
17 11 50
7 28 19
27 15 73
21 38 25
27 11 95
33 1 84
6 7 30
21 16 38
8 28 6
37 31 95
30 8 72
20 21 27
24 1 47
11 11 91
35 20 43
4 29 2
28 12 97
16 30 36
36 5 88
1 35 85
10 27 67
31 21 32
15 37 13
13 7 44
15 8 61
27 32 33
26 13 24
2 17 46
25 35 77
37 1 2
26 12 19
19 2 43
4 17 27
9 16 57
19 11 35
26 29 99
3 23 26
23 31 16
22 3 98
15 9 47
27 4 51
38 20 41
33 28 16
31 16 3
36 7 92
37 23 25
20 4 18
1 15 86
12 1 30
2 9 89
17 38 15
11 6 23
35 3 36
28 10 66
2 20 62
21 26 53
25 25 57
13 4 9
7 23 29
4 26 25
8 21 25
29 30 36
28 33 6
19 2 79
17 13 44
34 29 94
28 34 22
8 6 60
25 33 98
21 35 15
27 27 19
16 12 77
3 31 98
12 18 12
25 22 48
16 34 34
2 26 89
26 7 98
35 14 53
29 17 79
38 5 42
17 31 50
38 35 70
30 5 55
21 35 22
3 29 70
26 11 51
38 26 46
18 29 16
25 15 69
18 30 97
5 34 56
2 29 46
32 18 14
36 8 57
10 2 60
10 6 9
3 25 4
14 22 22
1 24 11
26 1 25
8 36 50
6 12 32
3 25 5
12 19 64
17 29 95
26 33 66
38 19 24
12 38 0
7 27 94
21 37 81
22 9 18
25 31 28
37 18 32
11 36 29
4 1 97
7 12 95
31 12 60
8 14 72
36 18 28
12 15 73
36 3 60
3 4 47
29 16 87
23 13 75
25 26 95
14 5 83
4 35 77
3 22 55
3 21 88
12 29 56
37 18 41
23 32 79
26 16 33
24 18 35
34 13 17
30 28 46
32 21 46
37 15 61
26 37 11
29 33 91
8 7 93
21 13 47
16 24 97
5 26 7
12 27 67
38 14 12
31 25 51
4 4 71
24 5 97
30 11 82
30 14 15
37 12 34
9 25 0
1 14 91
5 35 95
37 15 51
32 14 29
30 11 13
3 1 77
17 24 40
19 20 60
23 35 88
30 26 15
36 26 80
22 27 23
10 4 91
25 15 6
11 38 16
27 7 96
2 18 11
2 11 66
2 5 22
25 2 73
34 31 11
36 38 65
3 30 29
19 27 6
35 16 78
15 27 4
26 29 23
25 11 87
32 33 100
8 27 28
27 11 86
17 30 80
33 36 25
28 10 94
32 6 15
38 36 69
30 3 91
36 9 64
28 34 52
9 14 57
7 26 20
8 1 87
17 27 100
7 4 23
12 15 27
15 35 74
38 31 25
7 5 41
38 1 86
6 30 93
18 37 64
16 5 4
9 19 50
19 9 33
4 26 68
31 12 24
30 19 22
13 22 24
15 21 75
27 30 83
5 10 10
1 30 98
4 38 92
13 11 56
25 31 38
24 24 28
24 4 9
33 7 56
26 33 73
6 37 1
7 15 1
21 17 39
4 25 94
36 2 89
35 27 61
10 29 85
15 36 34
11 38 27
17 21 97
3 38 52
14 20 42
17 38 25
37 25 82
21 23 54
2 14 52
6 29 68
25 13 22
38 37 11
13 2 80
38 17 61
37 15 100
5 19 80
22 34 63
11 38 61
7 4 89
17 2 59
37 17 7
10 18 75
12 33 78
10 7 31
22 27 28
34 5 10
1 20 28
2 30 83
13 24 89
24 3 40
14 9 40
8 30 0
13 23 70
27 28 83
23 25 32
8 21 68
10 2 25
33 27 35
4 26 46
6 5 85
22 6 18
24 19 93
4 7 22
38 29 83
15 22 26
30 9 48
6 33 24
32 6 20
16 23 69
10 25 63
14 8 93
6 7 88
35 38 98
21 17 45
21 13 65
2 20 29
13 22 43
37 6 70
9 10 99
23 3 86
37 14 25
32 6 39
33 19 64
38 4 10
12 23 51
11 10 67
31 15 11
2 25 98
11 9 71
31 2 24
4 31 27
14 24 54
31 20 66
16 34 93
26 3 20
6 18 70
27 27 76
1 26 1
34 14 26
12 16 93
7 20 6
14 7 58
15 34 96
27 34 11
5 4 65
32 20 82
24 22 17
8 5 80
22 10 16
38 37 15
32 34 4
18 24 68
1 29 60
4 7 69
28 17 10
7 21 0
25 19 62
31 28 9
31 4 90
1 15 22
21 13 4
5 12 25
32 36 98
18 20 14
20 33 26
27 34 5
22 15 98
4 17 27
4 4 81
36 10 21
12 34 34
26 32 29
23 3 13
10 36 5
18 25 66
5 20 70
26 3 52
37 37 61
19 32 84
30 13 8
28 12 60
8 3 42
23 11 64
9 15 67
22 31 93
37 26 96
12 26 10
33 34 0
1 6 52
11 10 51
27 38 98
13 34 91
26 4 37
5 5 6
30 8 31
29 22 13
9 18 45
12 36 30
30 34 61
32 28 29
16 21 33
30 6 89
22 7 29
22 32 8
28 3 97
31 15 76
6 36 48
11 22 75
11 28 92
9 9 93
26 24 14
34 33 35
35 8 1
23 17 2
12 26 23
29 36 42
27 22 57
31 4 67
8 23 44
28 28 87
13 28 30
