50
4841
32 15 71
10 18 78
17 27 45
7 39 85
18 37 42
6 26 32
15 32 48
1 18 35
43 19 11
39 43 69
15 4 62
12 47 16
39 50 51
14 28 9
24 31 62
18 34 37
31 9 32
34 32 83
33 23 60
6 13 52
46 35 91
6 47 51
11 29 39
23 24 29
19 41 70
42 45 21
21 40 88
26 46 13
14 11 99
35 26 76
16 12 57
41 8 47
21 4 78
28 16 64
46 7 81
29 18 98
39 15 100
45 8 35
27 10 36
4 9 93
11 20 15
4 4 20
10 38 35
25 40 72
47 18 23
23 37 76
36 22 66
21 43 84
39 15 48
19 10 59
32 12 38
10 1 14
21 43 31
12 32 89
14 6 90
37 21 19
5 44 51
29 36 22
31 27 58
25 1 75
15 16 47
43 35 38
28 29 41
30 46 95
31 50 17
13 6 19
6 24 82
21 41 69
42 10 100
29 49 70
13 40 47
7 20 26
42 17 78
19 31 2
30 29 17
3 15 7
40 28 61
29 42 1
6 4 73
31 46 27
42 13 21
22 39 22
37 6 51
22 7 52
18 32 3
25 36 98
18 2 35
46 43 4
7 20 26
45 42 64
19 32 58
3 40 6
28 6 53
15 23 18
22 49 67
36 5 87
8 10 92
48 26 71
19 30 68
16 27 36
19 11 55
19 6 59
39 27 37
33 20 85
20 8 86
32 23 39
38 24 93
36 26 19
13 36 42
8 24 62
28 29 32
7 38 87
44 46 86
7 7 4
31 4 7
48 2 33
15 31 13
41 49 16
26 26 82
1 42 83
27 14 39
31 22 100
21 14 84
35 31 63
47 39 11
23 14 33
46 44 58
8 26 14
37 35 18
7 37 2
5 49 86
13 23 51
12 13 15
21 23 9
26 11 15
34 23 65
40 5 91
2 24 60
16 18 21
5 34 74
37 27 33
6 27 65
30 13 97
10 34 76
35 48 90
27 25 94
42 28 41
5 38 48
44 22 5
4 45 67
3 24 90
29 17 98
30 33 98
38 36 88
43 30 7
32 2 71
43 2 8
14 48 32
31 46 44
44 23 64
39 18 24
45 27 58
26 26 10
26 12 91
14 14 71
40 32 9
2 16 41
40 36 8
13 39 5
46 33 4
17 4 38
32 6 6
9 15 91
44 9 52
19 28 21
5 19 3
43 43 96
17 32 37
42 24 15
30 50 6
35 43 65
5 39 56
17 24 70
38 11 38
45 5 74
25 44 96
9 32 81
2 35 27
13 12 20
8 26 97
39 45 54
2 27 17
24 41 57
4 10 38
40 31 40
37 7 48
20 14 49
31 4 31
4 2 24
11 12 1
12 8 10
44 48 17
13 21 58
30 15 24
1 44 58
15 42 96
36 10 60
13 48 74
35 48 78
50 43 39
49 9 17
25 6 39
21 35 15
35 34 72
46 43 82
15 11 39
16 22 3
16 8 100
12 22 29
41 21 98
31 15 11
46 14 43
14 44 19
40 41 51
42 29 72
10 25 0
48 4 2
43 3 40
24 19 20
44 49 30
24 14 28
33 49 77
23 23 49
33 18 54
44 8 70
5 45 3
11 36 70
35 9 3
4 3 69
7 43 87
17 21 28
31 47 63
26 22 63
8 3 97
34 42 17
28 20 84
24 30 41
24 49 80
47 42 87
39 39 81
17 50 55
37 8 18
44 33 33
43 40 18
32 5 73
20 34 38
29 47 43
26 39 61
48 10 51
10 27 2
22 40 89
26 13 42
11 32 69
25 36 11
45 15 27
12 43 75
22 49 39
3 32 92
14 42 48
41 9 14
28 11 9
14 48 36
32 10 51
3 11 26
27 28 93
14 23 50
8 15 73
21 27 47
40 20 12
9 50 86
6 40 87
37 1 31
6 12 37
20 49 99
28 20 30
35 46 4
1 1 49
10 47 45
10 3 56
47 42 94
31 35 65
17 38 91
10 38 1
24 34 88
23 22 9
32 11 27
42 29 16
40 25 51
28 28 8
12 23 5
8 42 5
45 2 0
44 50 38
16 27 13
13 7 64
43 25 8
4 11 76
45 28 89
27 5 23
45 22 99
43 33 12
43 36 26
27 9 33
12 7 49
32 2 33
11 7 15
32 8 32
33 37 14
11 12 82
31 41 35
49 47 10
7 1 30
31 39 50
12 28 81
36 33 43
30 35 71
24 35 70
29 4 94
40 27 51
37 13 59
10 26 98
11 20 33
20 44 42
31 12 68
22 44 19
48 10 4
28 43 99
14 7 44
3 30 6
18 14 26
27 19 47
31 11 57
39 26 8
28 22 18
5 5 16
24 21 40
17 12 75
21 50 15
32 8 61
20 31 95
35 32 10
7 44 68
48 17 22
23 9 62
30 4 40
7 21 71
48 43 37
38 27 77
33 5 17
21 40 23
29 39 31
32 11 85
38 20 2
20 32 32
1 37 49
5 28 52
10 27 15
48 1 89
38 42 3
11 50 28
12 16 5
17 8 95
43 18 63
6 37 24
37 40 22
44 18 22
47 4 94
47 9 20
3 32 70
7 4 18
30 9 25
49 11 24
27 14 74
16 7 96
47 46 19
47 35 33
2 35 95
34 22 77
44 45 48
35 13 74
31 3 73
39 39 75
11 9 20
13 22 20
2 36 96
3 27 32
28 37 4
45 50 26
44 46 91
11 20 43
38 18 37
19 23 11
18 22 20
43 17 45
11 17 28
45 34 86
9 49 23
2 27 44
27 46 85
10 36 9
2 49 6
11 50 11
3 30 23
49 21 15
23 21 11
42 47 67
24 7 43
16 21 52
16 8 99
37 18 35
23 18 77
7 30 14
50 36 9
45 14 52
1 48 45
31 49 67
10 49 24
12 27 30
3 40 77
3 42 93
37 6 10
32 8 39
13 28 75
4 21 2
48 24 25
13 34 49
19 33 40
20 21 10
29 15 35
40 50 36
28 38 75
8 19 38
43 49 44
22 30 54
5 19 44
20 19 12
41 24 66
20 3 26
45 14 52
4 40 80
36 25 65
30 29 5
37 45 65
39 6 32
33 45 50
30 25 4
31 35 97
44 48 34
39 29 15
42 14 97
6 20 23
4 31 87
36 22 44
13 26 44
37 19 6
20 14 69
27 21 22
10 31 1
6 40 33
4 7 48
30 34 32
25 30 95
50 5 11
41 26 44
27 13 23
16 38 75
14 1 63
35 27 94
33 8 81
41 33 13
17 23 15
19 36 37
20 7 33
42 6 65
37 11 93
14 7 44
30 6 70
13 24 26
41 14 31
24 23 38
38 46 71
30 25 69
40 30 91
44 9 79
20 21 61
9 4 18
21 31 32
5 48 35
22 36 38
34 14 14
11 12 85
12 40 31
3 37 40
4 3 61
5 35 7
23 25 74
24 23 59
15 30 74
36 33 46
41 30 69
30 15 1
50 13 63
31 31 18
2 31 3
21 50 69
18 33 12
23 9 79
10 35 50
46 30 96
42 10 57
38 46 68
49 31 2
23 16 69
3 5 59
37 3 13
43 29 71
1 37 31
28 41 22
15 44 72
31 45 83
46 10 26
2 19 21
22 32 5
13 5 78
45 42 38
2 4 24
17 35 40
25 36 79
24 5 42
28 16 21
1 49 49
5 25 82
46 50 75
43 41 4
19 27 60
34 22 15
36 22 64
21 26 65
49 32 83
4 34 34
44 14 5
45 25 83
42 7 90
11 28 60
31 4 64
30 6 45
1 50 15
43 7 96
20 16 28
32 6 5
7 29 53
7 3 53
5 13 68
45 16 76
31 31 50
18 25 87
10 50 53
22 9 17
25 29 48
32 27 20
34 37 42
8 13 56
15 11 14
18 24 8
29 25 48
23 33 64
2 40 53
26 33 66
8 13 38
28 32 62
19 29 0
21 33 60
45 40 31
27 5 33
34 41 45
8 23 51
19 20 90
22 35 78
15 11 12
9 26 23
3 16 25
39 38 18
24 50 23
27 47 45
3 32 70
12 6 53
30 50 10
39 12 39
8 46 68
49 39 17
30 5 37
34 19 68
34 40 3
49 46 89
11 12 76
44 3 58
7 14 72
47 24 63
36 43 23
29 13 8
22 37 35
33 31 63
36 2 70
35 1 77
25 25 52
24 32 86
10 9 45
3 24 22
11 26 52
31 10 78
37 6 4
28 28 52
7 2 99
18 45 3
30 11 40
18 24 12
34 31 66
20 22 45
9 28 17
35 17 100
8 5 13
43 11 47
47 19 77
37 35 99
22 36 49
35 48 0
46 22 56
20 48 72
40 2 98
23 20 15
20 48 14
24 36 53
10 30 29
49 34 47
6 8 66
14 45 15
19 20 2
50 31 59
30 36 66
15 40 29
3 28 37
50 3 36
49 31 85
11 21 16
22 1 25
43 4 99
29 9 77
46 10 72
40 44 15
49 29 69
13 13 40
13 29 17
36 32 74
47 36 78
5 43 99
2 46 96
14 43 75
43 7 42
5 42 66
3 10 24
20 32 79
17 47 34
36 10 79
32 2 66
47 1 16
3 36 15
34 7 3
27 10 91
18 13 66
48 24 20
16 15 47
25 31 37
9 31 7
13 44 13
11 14 32
40 24 82
17 49 83
44 13 39
11 31 20
8 6 92
5 28 6
49 24 58
34 3 90
26 23 21
23 20 84
29 17 21
44 16 100
3 25 53
49 28 56
42 19 34
46 1 4
27 5 23
24 9 69
44 47 25
8 23 86
5 39 73
3 29 23
38 12 87
27 13 36
39 30 99
20 26 80
38 24 83
2 5 93
24 9 14
15 37 99
48 20 41
8 10 18
20 23 46
47 44 54
2 38 54
6 6 72
39 39 4
10 14 52
33 37 68
17 3 12
26 15 25
8 46 32
39 6 37
20 41 41
24 47 69
31 4 45
40 36 70
5 5 62
46 11 8
6 46 24
27 36 92
47 25 20
35 49 59
42 21 1
15 20 1
42 44 56
13 25 19
30 17 31
22 42 1
39 33 71
13 34 43
24 47 26
21 24 21
50 5 1
31 12 42
46 41 18
3 16 68
31 4 47
8 11 95
29 3 92
33 29 75
9 19 97
13 9 24
38 24 56
4 46 31
1 42 48
8 34 52
39 33 69
38 19 9
44 42 15
35 17 53
6 19 3
42 46 29
3 45 78
43 8 63
25 1 28
11 49 21
38 22 95
10 7 14
11 29 60
30 32 80
38 39 13
4 20 7
8 9 82
41 8 25
23 11 28
23 4 33
32 9 61
37 2 100
44 37 76
20 1 9
30 23 92
46 43 74
3 14 68
34 46 99
17 50 46
30 27 53
17 4 9
9 14 19
16 25 32
29 35 87
48 27 34
46 29 63
44 12 66
17 31 32
13 3 71
41 21 86
3 20 9
18 22 26
23 23 24
39 23 30
32 38 56
19 41 66
25 32 16
17 29 3
12 17 32
9 29 98
41 22 36
19 20 18
3 25 67
47 22 66
38 8 100
14 12 51
27 20 45
36 6 83
48 1 93
33 5 9
4 7 44
3 30 98
13 33 78
41 11 93
29 35 15
45 8 3
31 4 74
49 14 77
23 20 71
35 14 87
3 9 24
23 17 82
26 49 76
47 42 18
7 26 55
5 11 94
19 10 62
28 13 51
38 37 39
35 26 34
47 16 22
16 3 48
41 7 52
15 48 25
41 25 21
32 19 77
45 11 76
14 24 79
28 15 73
33 23 36
41 2 75
3 6 0
17 15 42
37 35 6
48 48 71
28 3 3
11 19 77
13 19 32
30 47 79
41 3 65
29 48 81
35 35 77
38 17 78
18 2 69
36 33 85
22 46 19
50 16 34
12 44 16
6 40 73
22 36 76
29 45 6
49 25 8
45 47 72
46 2 62
36 19 91
30 39 18
10 7 13
43 10 38
38 32 78
31 43 13
36 2 19
34 35 92
30 38 58
33 4 100
30 25 87
26 13 64
42 37 70
5 18 92
18 28 49
47 5 16
11 8 85
38 40 33
26 10 61
7 8 81
20 20 84
42 6 16
20 38 21
38 1 71
14 29 50
11 36 92
33 13 34
47 41 22
14 14 7
11 42 44
8 46 80
23 4 92
17 35 55
6 4 92
4 30 32
36 27 50
24 49 90
10 1 29
47 47 58
2 13 26
14 38 24
13 45 17
24 27 73
41 32 2
30 3 20
16 33 4
22 13 44
7 13 69
13 17 15
32 33 17
16 34 77
46 13 73
40 4 11
44 36 56
10 6 97
1 7 35
11 8 31
3 38 96
47 48 42
27 6 19
21 18 94
32 43 69
6 2 18
14 47 61
49 15 39
6 21 76
1 11 70
19 24 11
2 31 12
31 4 61
2 39 89
16 10 38
44 30 96
26 11 45
39 44 48
34 3 99
9 15 30
15 29 97
17 21 49
41 43 75
2 36 83
34 2 88
27 2 94
1 50 22
28 46 40
10 24 76
32 48 48
38 47 96
4 47 43
32 40 89
4 47 45
14 1 42
43 47 81
36 46 15
31 47 39
24 22 64
23 44 24
17 30 30
10 28 18
7 24 11
8 36 58
8 35 1
39 38 36
22 13 44
20 2 33
6 23 60
20 34 13
35 31 75
41 10 75
17 35 29
16 47 26
40 6 88
20 3 89
30 31 46
24 13 82
25 41 93
49 14 68
11 30 20
7 49 39
40 34 54
6 46 91
44 20 11
14 50 45
40 43 8
33 7 50
4 17 24
42 13 68
5 31 65
5 39 83
49 34 49
23 19 73
17 20 39
14 18 54
44 3 100
36 29 53
33 38 84
44 40 36
34 42 19
19 42 19
1 18 97
49 41 90
47 32 75
1 34 18
35 17 32
33 36 24
29 18 29
1 20 11
24 24 44
11 18 3
1 37 95
1 17 62
15 15 35
31 8 17
31 45 91
46 31 92
18 40 86
11 22 46
29 27 47
19 29 10
44 30 98
39 44 75
34 49 61
12 33 29
19 22 76
35 19 44
23 43 62
20 18 19
26 35 13
17 38 43
37 16 66
45 46 69
22 8 78
21 25 78
41 1 9
24 22 40
50 50 2
35 31 69
12 23 5
34 41 53
10 8 33
7 10 71
22 5 60
22 33 32
37 17 81
45 40 8
32 18 32
25 48 91
35 49 82
7 33 77
14 44 38
10 22 44
25 34 69
43 34 49
26 5 23
34 28 84
40 14 0
19 22 82
16 15 56
10 35 40
48 37 13
44 43 32
43 29 23
16 10 14
14 40 75
9 48 4
43 25 21
6 50 85
1 34 63
44 14 92
31 21 75
34 1 81
45 24 8
20 31 7
50 19 35
27 50 95
47 50 57
14 3 86
34 33 28
35 46 95
11 19 54
18 43 15
21 38 65
35 17 28
20 13 51
12 10 44
3 46 30
27 22 37
6 45 85
7 5 39
29 5 3
20 32 46
10 5 83
27 5 21
24 7 98
5 35 64
22 50 93
25 13 99
9 37 2
38 2 24
42 8 51
6 40 51
14 47 72
41 36 69
50 19 15
20 15 65
45 42 97
12 44 19
3 8 45
5 13 9
23 20 51
15 4 12
43 43 1
2 27 99
23 31 100
32 34 94
44 47 93
14 5 88
14 26 5
8 45 90
3 37 98
26 34 99
3 24 86
9 33 98
39 37 39
21 27 66
2 13 80
42 4 73
20 15 79
48 36 55
4 22 56
31 14 4
23 16 71
41 43 94
8 4 63
27 43 96
46 10 98
15 39 10
3 10 81
22 12 3
27 13 52
34 37 82
31 49 57
11 37 0
7 9 71
29 23 27
3 45 21
8 45 52
2 21 6
47 29 98
33 16 9
31 36 43
16 30 3
40 17 59
15 11 41
30 36 80
29 10 24
32 20 60
46 48 41
16 37 51
13 8 27
18 4 30
5 12 91
15 14 47
31 8 99
45 33 55
36 3 48
49 28 36
9 36 89
3 18 22
7 36 79
46 27 70
10 23 2
21 48 42
38 28 85
28 45 68
10 1 55
35 35 65
6 2 20
41 16 90
41 26 82
32 20 77
5 49 31
28 44 1
36 33 60
3 5 31
26 29 67
31 10 2
42 34 97
16 43 39
23 50 38
20 39 59
33 48 77
39 16 47
46 45 24
38 33 53
47 44 82
39 4 61
42 23 59
43 9 72
21 3 21
20 11 97
23 10 42
14 32 70
9 25 40
34 24 68
23 3 57
25 12 78
35 46 89
17 37 41
33 25 91
28 13 68
1 13 73
16 48 22
47 21 95
15 27 70
8 25 22
9 39 43
32 17 17
4 48 6
5 50 38
30 15 76
46 47 8
7 50 8
40 46 12
28 40 92
24 7 82
21 47 99
43 38 35
23 24 25
42 4 62
28 11 84
13 38 22
39 17 40
1 46 80
5 43 79
45 41 30
43 45 78
11 7 78
22 9 42
45 16 54
38 15 50
49 38 39
33 48 27
11 37 7
22 10 16
1 41 57
40 6 55
30 5 40
36 1 34
16 40 3
35 15 56
11 32 47
32 4 83
27 6 74
36 44 62
25 9 63
16 9 12
45 33 96
1 29 36
33 13 46
19 44 52
26 48 53
5 22 55
26 36 14
21 28 76
30 33 56
40 50 100
9 21 61
19 44 28
24 13 34
41 40 24
33 27 80
21 25 47
28 17 76
45 31 85
42 13 82
50 30 33
29 31 7
33 10 66
4 42 58
3 17 58
43 38 98
7 50 41
20 36 46
30 35 10
27 30 36
22 33 36
6 39 3
46 25 25
25 13 6
37 2 96
21 49 73
27 40 33
6 24 65
8 39 68
50 13 14
18 25 39
30 39 96
35 14 64
6 1 36
33 11 15
35 33 98
16 46 41
18 41 38
5 36 54
3 37 20
17 22 32
8 10 65
24 15 33
18 29 68
5 28 12
37 23 15
18 1 83
17 29 25
45 12 82
9 50 77
33 34 50
2 12 85
37 11 98
32 30 55
26 3 7
42 35 63
6 34 82
2 32 43
21 21 50
17 11 60
2 20 10
31 4 36
17 33 82
10 5 81
50 19 26
7 46 83
8 38 75
12 14 19
35 2 60
3 13 46
41 37 56
18 25 0
25 24 38
13 7 93
44 48 69
26 33 94
50 12 6
40 6 50
26 10 93
25 5 74
19 36 21
19 44 99
2 35 31
8 33 87
13 10 64
30 25 83
26 26 0
30 38 22
6 43 78
15 5 53
3 21 73
15 2 35
34 32 68
19 15 87
46 17 67
12 49 50
41 23 71
2 6 48
16 21 79
20 46 37
44 20 0
14 43 69
43 32 1
28 8 51
13 42 49
2 37 74
37 43 79
34 5 72
43 20 61
25 17 91
9 43 83
38 33 87
45 26 32
11 20 96
48 23 22
46 10 96
36 44 4
5 6 98
30 44 11
38 13 48
3 44 44
39 20 72
50 5 62
33 4 19
33 2 31
18 17 71
19 33 74
12 14 2
8 5 5
45 11 99
32 9 42
25 2 68
46 45 31
9 26 12
39 39 4
46 14 16
45 27 87
13 43 87
5 39 93
46 22 24
43 23 90
12 3 65
40 40 64
14 7 64
31 12 10
9 12 69
31 37 30
17 3 46
50 15 41
41 4 57
33 23 10
22 49 11
33 48 13
42 34 38
14 18 65
21 38 75
11 19 90
34 7 87
40 30 95
24 21 92
45 18 68
8 23 21
29 7 15
36 47 14
1 7 77
26 50 33
21 45 42
49 22 46
5 26 51
24 23 80
26 9 28
40 23 3
39 1 9
22 29 93
29 32 60
47 48 65
32 44 81
6 35 40
15 20 1
20 6 57
5 9 47
3 43 60
48 45 32
50 40 94
3 16 0
38 11 60
23 31 20
5 35 97
11 30 35
30 46 29
1 46 35
45 12 30
40 36 19
28 37 25
33 24 92
14 33 61
26 24 8
30 50 28
42 5 56
19 11 100
45 38 16
4 32 73
4 2 94
13 9 97
4 45 39
31 31 93
24 41 10
13 1 7
46 46 96
10 38 54
13 20 23
49 3 27
10 47 46
33 41 56
47 7 74
47 28 82
37 5 93
30 23 17
31 46 54
34 44 11
8 43 62
20 17 87
31 12 18
8 11 92
26 8 49
9 29 36
20 19 100
15 1 74
45 45 54
14 3 44
20 36 51
2 12 43
38 4 36
16 34 54
17 46 84
39 47 21
40 6 97
18 14 76
11 32 68
26 36 65
17 16 30
47 1 72
39 38 18
47 16 41
29 35 15
2 10 36
16 26 99
3 5 71
30 21 55
11 48 60
18 44 82
29 23 81
10 27 66
24 23 44
48 2 77
32 12 1
32 3 74
21 8 4
17 10 8
44 29 2
38 9 88
3 33 70
35 24 98
3 6 51
27 18 37
12 47 84
22 48 86
11 16 30
35 44 4
18 3 50
15 9 99
34 2 72
31 21 90
6 36 79
7 30 53
6 5 66
36 15 81
10 10 37
7 33 33
14 16 65
47 16 30
18 24 6
40 32 9
31 46 98
6 11 42
16 35 82
10 28 59
19 39 48
31 15 35
2 15 98
2 15 27
3 34 82
45 35 40
49 7 40
33 22 28
37 26 4
22 18 25
35 50 92
48 44 72
47 7 7
5 30 84
18 41 17
50 21 84
21 20 16
22 4 3
45 37 77
33 4 28
13 20 49
8 13 23
37 41 44
32 25 69
39 7 74
21 41 37
28 41 47
27 1 30
9 49 88
18 32 90
21 45 76
11 45 30
8 40 76
37 9 1
5 21 3
3 9 3
42 22 24
9 32 90
32 36 36
21 48 41
30 3 96
6 42 83
22 24 78
3 50 7
36 26 72
1 47 59
10 43 77
17 4 18
4 39 48
15 30 30
40 30 91
34 23 86
6 47 24
33 42 73
40 49 83
17 17 59
45 21 17
6 45 70
10 1 43
38 16 27
49 32 10
49 39 8
21 13 97
33 50 66
22 39 85
14 24 69
49 33 33
50 18 23
8 36 31
34 41 69
13 27 83
19 37 97
17 21 20
28 23 68
50 13 13
20 9 43
42 43 73
5 33 56
38 40 21
5 39 11
38 34 72
32 35 53
29 24 66
26 4 8
17 11 4
2 49 11
7 28 27
3 40 22
9 6 22
24 23 100
23 9 24
5 24 72
14 7 57
34 42 0
50 20 8
48 31 56
20 35 37
18 20 59
21 36 16
22 24 12
46 9 83
28 39 60
31 31 52
11 41 23
42 15 86
8 44 14
36 12 37
7 45 22
49 38 94
31 43 2
2 36 39
42 47 86
10 5 53
39 29 83
20 8 65
27 17 14
29 26 89
17 14 73
3 10 98
43 40 42
21 10 22
19 18 75
20 30 93
37 50 26
38 2 53
42 9 67
48 16 76
17 17 7
47 4 49
47 31 20
23 49 0
50 13 35
50 9 41
8 37 98
3 43 60
45 26 8
14 20 3
37 36 35
40 27 63
47 10 75
14 8 50
26 36 26
5 3 15
46 40 79
46 27 11
45 45 54
36 5 75
7 39 64
20 44 57
35 7 44
24 28 56
3 30 66
29 29 61
2 23 21
43 35 17
18 47 41
27 4 54
22 20 14
7 20 52
36 29 38
30 47 97
49 13 28
24 23 58
16 23 96
9 47 56
46 35 69
26 3 69
31 28 6
46 21 97
24 24 16
14 20 71
1 33 19
20 11 91
16 35 58
5 33 28
19 22 40
4 2 28
6 37 32
16 19 99
34 46 55
18 5 72
19 28 60
42 6 13
14 42 2
41 14 87
5 26 39
27 1 42
9 47 54
10 18 52
5 13 48
24 21 92
42 28 83
35 41 12
11 46 84
9 41 78
2 47 36
11 17 55
23 13 11
26 45 85
44 46 36
15 5 92
48 36 24
50 10 12
5 25 67
17 19 98
12 22 29
12 37 53
5 38 37
29 9 39
21 34 6
17 37 64
30 22 25
46 36 80
41 17 9
11 12 23
17 20 29
25 12 59
28 13 5
47 14 79
45 14 94
40 9 68
5 40 76
48 27 41
9 19 86
10 40 89
19 30 15
30 17 72
41 32 39
44 7 52
27 41 13
8 49 61
19 48 79
8 10 28
6 43 99
32 23 10
19 24 12
34 17 85
7 38 75
41 45 60
36 25 48
49 49 40
33 35 94
11 26 16
14 3 50
26 6 10
29 44 34
12 12 86
19 27 84
12 26 42
43 18 77
21 15 8
39 36 78
41 6 60
18 8 6
35 17 43
50 45 11
40 21 75
1 41 78
5 49 71
18 29 24
38 37 40
1 20 16
4 38 95
8 17 81
21 24 49
17 16 57
35 42 57
32 48 46
17 4 100
25 37 28
11 8 12
30 11 66
30 3 84
32 14 36
37 37 21
8 29 46
29 18 74
20 20 24
5 12 48
40 44 70
39 5 11
40 24 82
6 3 84
28 34 12
10 2 14
22 38 51
42 37 34
16 44 33
45 40 76
29 24 52
18 16 25
16 43 53
27 21 100
48 38 13
28 29 28
25 3 51
10 36 7
19 23 96
26 6 14
5 43 41
38 41 22
22 30 26
45 45 73
45 16 99
20 24 81
49 17 4
50 4 66
36 44 67
22 16 66
4 36 23
30 15 99
13 14 54
5 1 46
27 10 29
4 35 28
26 5 94
18 3 54
25 10 22
33 6 50
46 43 41
29 26 57
22 50 47
22 27 8
22 33 23
39 8 90
24 20 48
20 37 51
45 22 66
43 36 64
17 30 83
14 13 16
29 34 64
41 4 65
35 40 7
19 47 97
27 50 67
6 44 99
13 12 94
21 39 57
21 47 5
19 31 63
31 21 26
5 20 74
34 1 68
21 19 37
35 3 2
5 23 35
21 27 5
6 29 33
21 15 33
22 10 16
18 12 38
32 36 41
42 10 96
32 27 10
21 11 74
49 36 55
47 22 15
50 17 97
11 6 62
45 13 86
39 1 67
48 18 66
17 25 68
43 30 74
36 49 12
14 21 35
11 15 7
7 18 65
45 40 26
39 39 20
36 39 96
34 33 24
9 38 79
27 18 55
12 31 6
5 9 81
12 28 63
42 38 68
30 7 21
41 11 38
33 2 0
30 4 60
48 9 43
30 1 7
45 20 60
33 40 45
1 43 81
32 32 21
38 39 63
19 21 43
24 5 42
4 11 49
30 47 72
18 30 36
10 50 96
31 21 26
27 2 81
15 47 34
18 7 69
28 30 64
12 15 54
9 34 5
7 27 8
27 31 96
50 35 81
22 45 70
20 1 29
37 28 82
26 8 48
39 7 60
41 28 5
10 45 89
16 31 41
30 15 98
40 39 87
32 29 96
33 17 28
24 24 44
49 50 61
10 10 100
26 49 90
3 46 15
2 34 73
18 20 37
6 26 99
7 18 73
24 20 82
18 43 35
42 50 56
8 22 36
10 8 14
9 37 36
24 22 50
50 33 80
10 20 54
6 20 100
25 47 80
45 33 89
44 20 60
7 30 53
15 12 70
13 14 15
23 6 7
23 41 38
9 24 73
2 38 45
36 43 14
35 3 100
1 10 12
23 16 62
5 6 70
2 23 80
48 16 46
9 32 83
26 25 85
43 33 43
2 45 23
40 8 88
1 26 45
39 23 44
48 7 84
38 13 79
35 47 23
26 22 83
38 21 17
1 29 30
20 32 84
27 34 46
10 42 77
30 6 30
32 17 86
15 21 14
37 8 19
19 49 8
17 32 69
14 20 72
32 12 15
25 37 11
17 7 87
18 32 74
40 34 55
12 39 70
7 39 0
25 12 37
49 39 32
24 15 60
38 25 72
46 45 65
23 8 100
30 32 67
9 38 97
50 2 28
42 46 7
50 8 93
31 41 87
41 46 60
4 44 86
14 46 66
16 31 85
42 48 26
42 25 25
40 35 55
49 36 58
20 7 95
17 12 65
6 12 85
41 29 19
38 18 7
35 34 92
36 47 2
2 6 77
48 1 30
35 43 22
41 45 63
45 32 89
44 8 30
27 2 3
12 23 7
45 50 93
7 49 9
42 17 58
35 28 66
41 6 35
31 36 100
6 50 77
44 13 7
24 49 9
47 43 85
15 45 10
11 42 16
25 38 86
3 22 14
12 34 30
16 34 73
19 36 92
44 45 29
4 36 47
15 8 58
40 46 79
25 35 97
5 43 25
24 21 17
49 9 72
25 21 37
15 16 9
26 20 54
11 20 4
21 27 100
42 24 64
17 33 30
17 31 70
12 41 93
4 21 5
3 43 8
16 5 51
35 43 100
2 14 39
24 5 44
27 22 12
27 25 28
12 1 73
27 5 29
26 28 54
9 5 68
17 43 45
29 13 36
31 45 68
16 45 63
11 42 89
26 49 15
32 15 54
25 32 23
5 49 40
34 33 54
1 24 76
35 28 22
4 3 34
48 31 78
47 44 60
15 26 69
7 10 71
11 11 80
37 14 90
9 18 37
22 18 24
24 31 91
29 43 20
36 3 3
24 42 47
47 28 23
43 3 29
46 28 22
28 12 83
16 6 74
49 32 95
5 36 25
14 13 79
28 24 43
38 5 29
26 15 47
26 39 85
11 3 10
14 43 43
12 34 3
35 24 63
11 26 0
45 2 2
50 35 71
20 28 46
6 27 89
44 46 6
36 50 43
44 48 30
46 23 52
3 15 4
7 25 73
27 1 75
27 1 78
2 6 9
32 12 20
49 46 51
27 48 58
12 24 8
7 15 57
40 49 75
46 46 41
23 31 54
36 40 10
16 38 90
41 17 37
6 26 85
27 13 41
3 31 9
36 48 71
7 17 31
33 31 88
24 50 21
7 12 46
1 34 83
26 29 24
27 37 18
16 38 61
46 25 33
37 30 11
32 15 4
1 25 88
22 12 27
23 10 38
23 14 94
35 22 7
31 7 75
43 27 90
35 1 6
27 50 56
12 11 11
44 24 77
22 7 10
4 12 40
32 14 14
44 31 27
41 48 89
27 34 8
13 34 4
27 2 12
15 23 10
5 18 93
7 4 94
7 24 58
35 17 46
28 23 71
30 3 62
4 24 85
32 49 49
8 30 92
48 33 69
22 38 46
6 19 2
37 20 75
20 3 38
37 23 80
31 46 94
12 17 85
38 40 60
13 19 86
24 43 67
19 37 22
12 30 14
31 20 88
42 5 79
41 20 1
5 21 0
17 13 66
18 7 37
21 11 91
3 22 26
50 42 35
9 16 16
15 1 42
38 49 96
25 28 28
12 29 67
32 10 51
31 34 96
11 11 8
36 4 67
30 46 94
44 25 81
41 33 1
10 7 89
41 5 44
32 50 79
37 11 52
42 36 65
14 18 87
22 26 0
7 23 14
37 14 91
25 34 58
16 38 7
22 43 51
10 33 94
26 18 76
26 48 75
43 25 96
29 15 48
38 31 63
29 48 48
24 46 94
46 9 28
5 46 56
48 26 89
2 23 48
30 47 16
33 45 61
40 44 59
9 3 13
37 18 24
48 14 4
29 10 76
43 12 15
44 7 77
31 21 73
7 34 58
21 25 16
18 18 72
35 13 61
6 18 17
13 36 17
30 19 35
23 34 56
17 36 96
12 8 88
34 3 98
44 38 34
29 43 37
6 48 71
15 9 88
22 20 51
11 37 35
43 25 78
10 49 25
3 8 42
11 39 16
26 49 98
49 43 30
47 17 67
34 38 36
45 43 72
25 26 1
40 43 80
50 1 0
23 12 8
13 35 32
2 5 85
9 49 45
48 15 42
38 25 59
15 48 24
40 45 23
42 20 64
39 24 61
44 49 7
48 13 97
26 7 75
13 1 58
46 42 67
48 9 29
38 48 28
25 8 73
47 49 26
31 31 16
7 44 86
4 30 66
32 47 77
27 18 10
5 13 91
7 49 43
45 38 32
24 17 28
1 47 17
37 39 3
5 25 96
5 17 39
26 6 83
31 42 72
29 37 48
14 9 76
38 34 6
3 39 44
32 26 65
50 15 19
29 48 61
32 4 30
24 12 98
28 2 43
27 7 47
44 35 69
50 26 87
18 3 30
20 31 87
13 18 71
13 33 2
35 37 82
28 18 25
49 45 80
3 32 9
23 24 90
23 32 74
28 8 94
1 36 14
14 21 49
44 9 38
2 38 64
6 34 48
41 28 16
41 6 24
21 14 67
16 42 75
11 42 50
19 33 96
32 37 23
7 5 40
37 17 95
28 8 46
12 42 5
50 24 7
17 26 81
11 1 0
16 36 53
41 15 24
24 35 58
28 41 50
41 30 1
2 31 41
31 31 89
28 10 9
38 32 77
21 40 57
50 49 66
35 39 25
16 23 18
45 10 68
43 30 28
27 46 83
45 28 43
22 24 56
7 9 94
9 14 1
9 21 36
45 40 24
3 43 30
32 15 2
14 46 70
2 3 80
28 16 29
19 1 90
9 35 51
18 8 13
11 50 71
13 9 84
15 7 58
18 20 33
4 21 71
38 11 1
28 19 36
24 49 49
41 2 58
39 38 61
32 29 44
31 1 8
35 9 36
17 27 58
7 7 60
9 30 41
40 18 7
38 2 55
35 36 25
50 34 55
2 39 75
16 18 67
31 19 52
29 44 0
6 23 43
24 35 27
7 39 32
21 43 81
26 10 92
4 41 95
40 38 33
22 3 86
44 30 89
49 24 7
18 26 56
48 31 85
45 27 65
23 11 10
50 47 99
16 35 78
50 9 73
3 18 8
11 22 41
18 7 23
32 3 89
21 6 16
19 31 60
28 33 78
21 50 44
48 49 19
37 13 24
3 32 4
28 1 0
46 46 53
28 49 39
8 15 52
50 11 82
8 46 80
39 38 34
8 6 12
9 22 37
7 6 98
1 17 20
15 21 94
41 13 21
22 18 39
49 40 50
16 21 72
35 27 77
4 50 26
39 10 63
47 32 23
6 25 83
21 17 91
26 42 8
13 4 29
20 6 100
20 46 78
3 31 62
44 28 18
41 31 8
17 31 96
7 31 79
9 20 80
34 31 51
30 12 79
50 38 71
50 4 74
27 50 0
1 4 76
8 10 80
50 30 15
33 5 14
24 36 68
21 46 82
1 41 98
12 39 72
20 36 1
26 21 66
20 46 8
14 47 80
48 24 84
37 39 55
12 29 28
22 39 100
7 3 53
46 20 62
33 45 27
4 25 35
9 33 53
42 48 10
1 40 97
43 8 85
36 20 62
50 34 55
14 32 82
24 21 46
49 21 44
2 47 77
5 9 6
42 1 18
34 16 39
32 24 47
24 8 98
26 42 57
26 34 6
11 13 89
39 13 55
8 38 57
16 50 79
13 13 59
27 42 26
19 17 90
21 20 99
39 50 52
37 8 81
22 8 100
34 47 48
11 34 92
40 41 86
14 44 50
7 15 87
48 36 53
46 18 43
9 20 72
35 14 56
12 43 44
30 33 27
49 16 42
29 14 30
48 22 32
50 23 34
16 42 20
47 39 2
46 43 92
1 44 39
46 44 90
4 19 49
13 12 13
41 5 19
17 32 8
19 9 10
16 33 9
20 28 81
44 21 57
38 11 70
1 46 84
26 46 13
45 5 23
32 17 37
30 10 67
36 10 46
6 25 88
5 3 53
20 9 37
32 27 84
9 47 83
27 36 72
35 46 67
35 22 56
13 12 39
45 22 3
8 46 69
40 33 88
31 16 52
41 29 6
6 30 44
39 45 92
24 1 26
23 21 63
4 1 29
23 7 37
14 34 71
22 36 95
36 21 23
47 6 46
28 47 76
8 8 79
33 13 30
12 15 3
42 19 77
47 35 89
31 20 33
15 27 17
14 11 83
16 21 61
36 41 13
14 4 38
50 11 45
9 35 61
6 7 66
24 27 27
20 14 72
20 14 12
8 35 69
11 19 42
31 33 27
26 46 98
39 43 12
41 27 74
17 32 69
21 33 48
39 45 13
6 27 54
15 49 2
4 30 88
20 38 36
24 8 14
14 37 76
41 13 92
3 24 25
8 31 75
28 6 27
30 21 81
12 36 10
12 23 80
43 23 55
27 8 53
5 15 33
3 3 23
29 24 99
17 35 33
6 12 15
7 11 19
25 27 16
24 46 88
34 42 63
27 9 20
27 19 20
22 50 32
40 40 83
50 14 78
9 35 8
8 13 38
8 21 41
15 41 7
23 23 77
29 16 2
9 20 6
33 1 2
45 36 28
43 13 55
36 34 51
3 3 98
32 38 7
46 48 97
40 26 99
4 38 87
30 10 17
47 15 3
21 25 49
12 49 50
31 41 100
19 37 56
10 20 12
14 17 33
35 11 87
24 14 44
26 3 38
30 21 87
41 17 72
10 49 74
22 26 16
2 35 64
9 37 27
17 30 99
32 15 93
27 48 31
29 43 81
44 46 12
38 23 21
21 31 45
14 45 40
19 36 0
15 37 43
18 39 84
44 3 15
16 39 28
3 7 71
8 17 57
32 2 70
7 6 20
9 26 15
9 37 25
28 7 16
18 18 57
38 13 84
36 20 90
5 31 38
36 50 77
32 41 29
42 21 54
8 37 86
32 5 93
22 3 51
21 27 64
2 43 95
2 19 27
14 25 48
25 13 55
12 38 15
36 45 46
36 28 95
4 28 97
17 16 63
19 46 39
29 10 90
1 36 94
20 6 11
25 18 77
7 42 80
33 13 84
36 5 0
12 10 42
24 33 90
15 31 51
32 10 32
4 29 16
5 43 79
36 30 27
43 4 62
24 27 68
8 13 24
15 19 80
27 2 29
38 30 69
42 22 0
27 35 80
49 39 68
44 27 58
40 7 89
44 24 3
41 28 96
22 17 90
28 38 67
12 2 32
47 8 81
45 47 69
25 16 28
30 40 32
27 19 19
17 9 49
28 43 52
31 36 29
1 7 89
38 16 44
6 18 28
6 15 23
41 27 44
2 48 78
19 37 78
38 35 7
7 3 91
47 5 78
15 13 64
26 19 66
10 7 34
40 35 89
5 31 56
27 8 84
35 37 96
41 13 53
25 28 100
25 35 97
21 26 52
7 39 90
33 28 2
43 48 50
2 31 21
41 31 67
5 2 49
12 40 49
47 28 30
45 37 62
12 19 94
44 3 23
16 23 0
36 30 29
25 18 91
11 40 37
45 29 64
21 29 38
35 45 84
37 7 12
6 3 95
14 31 52
24 17 36
36 18 60
33 8 98
8 35 48
5 25 87
22 5 17
24 30 15
18 1 10
21 16 64
11 23 49
46 33 26
31 17 48
14 46 97
11 40 64
28 1 51
5 27 97
29 1 94
32 17 40
24 38 96
22 29 38
23 27 83
5 38 72
43 48 94
27 19 38
34 27 37
13 31 79
18 27 16
4 2 56
50 39 29
42 50 42
50 34 84
32 43 19
11 39 86
30 11 55
33 31 80
25 43 47
4 46 35
3 41 94
3 40 53
21 28 61
7 8 68
50 31 72
50 46 77
18 28 25
29 13 68
46 36 11
22 38 72
26 3 0
16 32 56
4 1 45
17 20 33
25 12 10
47 21 80
39 23 44
20 4 12
7 14 42
18 50 31
50 28 31
25 24 42
33 21 45
7 13 72
29 1 19
49 30 7
4 15 90
9 28 6
26 34 89
15 16 3
32 24 98
33 37 22
5 38 96
36 17 22
18 44 66
47 2 2
44 25 71
3 49 75
28 30 40
30 22 62
44 25 50
33 13 30
47 16 7
40 47 81
21 14 51
45 10 25
36 13 16
38 4 16
13 44 87
11 44 93
43 9 44
43 2 36
13 44 74
19 13 94
23 18 78
44 34 96
41 27 85
15 28 54
31 11 58
8 15 43
19 20 45
42 23 58
31 44 17
45 36 46
1 25 78
12 39 28
1 12 22
36 5 54
47 38 47
15 20 5
7 3 70
14 39 53
19 30 56
11 5 6
4 12 27
31 36 63
6 22 88
45 12 14
49 10 2
18 25 4
34 48 10
6 49 58
25 11 83
8 9 18
46 9 80
40 31 38
22 49 84
41 43 12
35 28 2
9 20 50
13 31 100
6 21 94
32 45 54
43 23 95
34 19 32
10 28 80
7 38 62
48 16 64
34 9 57
3 35 16
20 23 98
33 27 69
34 5 47
24 2 38
50 3 27
4 44 22
33 22 53
29 20 52
10 37 33
12 45 12
21 33 26
33 33 31
1 37 1
22 29 19
16 42 26
45 6 43
48 25 19
18 4 58
17 47 52
26 1 59
38 36 53
44 1 62
46 16 74
8 48 5
20 31 88
9 9 31
14 15 76
19 47 75
31 21 44
33 33 12
4 24 32
5 21 82
26 4 13
42 31 79
26 18 65
44 24 45
33 29 81
15 16 40
17 18 59
29 11 47
12 14 8
9 45 93
15 12 47
43 20 60
5 18 11
49 24 80
2 35 79
15 38 81
23 11 56
19 50 48
28 20 28
19 43 99
40 15 41
34 20 95
24 43 23
24 35 81
12 43 68
47 36 47
2 2 90
32 25 57
22 23 87
36 7 42
19 11 42
34 49 43
33 23 83
17 33 62
31 2 72
6 39 26
30 27 56
43 7 58
36 10 4
33 50 99
22 5 81
10 15 91
6 28 38
33 32 31
28 10 67
5 50 30
41 38 75
14 11 0
27 8 49
1 30 19
10 3 15
35 29 24
50 12 90
44 31 93
40 29 73
24 7 69
21 41 58
25 27 88
41 47 23
28 41 30
20 2 24
49 32 16
13 37 13
15 20 98
10 42 87
21 26 61
37 40 77
34 1 59
20 47 9
42 13 16
19 45 32
2 17 10
26 5 64
2 24 9
29 12 76
3 8 62
44 35 61
33 4 50
14 11 84
19 42 74
20 24 55
6 44 95
5 4 76
35 38 51
42 4 41
38 41 39
33 28 30
32 22 76
37 31 69
23 23 61
33 20 33
7 22 76
6 22 63
39 33 84
39 30 5
1 41 43
34 42 3
3 45 31
13 44 43
48 43 51
48 18 22
15 28 92
42 11 64
1 26 35
43 2 13
35 8 14
30 47 47
24 36 45
17 22 60
2 13 7
24 28 4
39 6 76
18 38 23
17 35 12
38 11 27
22 23 24
7 1 61
33 10 56
40 33 86
32 24 54
27 12 56
38 30 39
42 41 86
36 42 49
3 4 78
3 12 82
26 35 11
32 30 79
33 25 6
2 15 43
16 49 97
12 14 32
25 7 92
15 3 0
28 30 8
4 27 79
16 31 34
25 17 34
14 15 45
39 2 51
3 11 99
7 30 62
48 26 73
15 39 79
37 49 100
4 37 23
20 34 48
46 9 13
1 46 32
44 4 6
47 25 12
14 43 12
39 26 19
26 19 59
41 32 52
5 24 84
26 27 13
8 50 38
22 6 56
26 18 3
40 10 64
47 4 80
37 16 16
36 39 63
29 7 37
48 44 0
50 17 54
43 4 100
22 21 75
48 20 64
47 1 72
6 40 26
1 44 83
17 40 60
34 5 55
19 39 61
2 24 25
27 25 95
47 10 73
49 47 15
50 13 59
41 41 90
35 24 68
23 44 7
50 14 6
11 30 22
12 14 14
21 36 90
31 26 87
2 8 70
2 15 98
34 42 21
42 39 39
2 19 40
1 35 41
21 17 27
5 47 100
17 7 87
24 22 75
3 27 5
13 44 27
45 1 61
3 39 38
7 30 94
48 23 88
30 4 37
4 30 51
8 11 100
38 2 37
32 16 6
1 4 95
20 6 55
42 8 68
40 44 46
36 36 89
14 26 49
14 7 7
26 18 93
49 10 59
11 47 53
15 42 83
7 24 83
9 43 27
41 2 35
30 21 92
21 11 35
22 17 68
16 17 37
14 36 37
31 5 92
19 34 24
31 50 58
21 19 32
20 12 47
20 15 59
40 1 53
26 7 61
17 14 18
2 28 92
17 22 75
25 38 66
5 18 52
48 2 63
42 30 81
34 20 2
12 40 53
28 9 100
47 24 99
17 33 59
20 5 100
5 42 85
22 21 37
16 27 59
18 19 72
13 37 68
12 7 51
48 35 76
45 21 93
45 3 52
14 31 32
31 17 32
45 4 90
49 30 42
29 14 68
8 7 74
40 19 7
43 15 61
25 30 81
6 11 18
26 40 19
45 37 43
16 49 67
47 9 39
19 30 39
40 21 87
41 36 70
49 18 29
25 9 29
35 26 2
40 8 69
22 14 44
4 28 36
45 36 93
21 21 81
14 36 41
10 37 19
3 5 77
45 26 75
44 30 40
7 32 51
1 6 4
50 25 76
2 13 84
17 25 94
25 28 50
3 43 99
14 15 81
36 7 94
28 27 76
50 40 29
2 8 47
31 31 42
22 13 4
7 29 59
42 11 79
37 45 92
14 49 32
40 13 25
26 5 32
1 36 32
31 10 86
18 33 24
19 17 90
3 42 59
40 17 98
42 8 0
32 32 27
32 6 100
43 22 44
19 40 16
22 23 31
23 19 66
9 19 96
6 36 60
35 29 13
7 41 53
8 30 50
22 48 67
7 45 29
2 26 17
41 37 46
24 4 29
18 26 4
31 15 80
45 22 4
22 10 36
2 10 2
8 43 45
41 5 23
3 23 77
21 15 20
10 8 56
37 21 20
12 40 81
31 2 69
4 18 90
26 9 16
42 39 90
31 36 85
8 30 74
20 23 90
46 38 84
37 4 88
1 46 4
19 7 54
9 26 2
8 5 62
22 29 60
3 29 29
7 24 38
36 42 40
44 42 59
9 35 18
23 40 85
50 3 17
50 49 12
50 44 7
27 48 83
23 41 24
21 49 49
30 29 41
42 49 81
5 16 17
26 19 37
22 8 59
12 4 5
8 26 99
9 43 12
47 39 79
45 21 17
16 26 50
39 44 93
40 7 71
20 19 91
49 28 47
36 21 50
19 13 64
28 27 49
12 9 91
24 22 43
17 7 57
38 2 30
28 46 77
32 38 60
19 9 50
46 16 79
36 31 85
41 18 11
43 23 10
18 11 87
4 8 50
3 28 70
21 39 26
12 49 21
18 4 71
21 14 48
1 10 37
13 36 17
27 37 42
32 20 77
6 35 18
46 6 28
33 36 33
50 9 97
37 36 75
16 44 49
24 23 38
11 42 99
32 5 70
28 45 70
7 44 83
23 6 71
1 31 87
2 48 13
37 43 52
2 13 26
17 1 5
8 46 71
4 12 74
29 39 37
5 14 41
26 27 37
49 35 85
19 37 84
43 28 76
13 4 5
13 11 48
19 44 3
39 1 74
19 31 87
47 31 9
1 21 96
19 25 80
8 45 45
19 7 10
45 18 14
13 37 21
43 34 74
28 36 89
49 48 60
15 27 73
19 9 62
19 43 39
30 18 51
7 9 52
44 11 9
50 12 21
48 34 27
11 1 57
46 42 97
26 4 24
17 3 37
38 38 64
11 34 24
16 17 27
23 23 84
8 16 44
38 14 72
13 49 36
45 12 55
47 45 70
39 21 37
4 48 54
8 31 47
9 38 12
16 37 67
2 39 31
1 42 65
46 48 65
40 18 81
34 32 19
8 22 61
10 48 32
6 20 51
39 23 83
9 4 30
31 37 72
13 30 91
29 26 87
33 32 99
17 1 83
16 16 68
11 20 43
34 33 49
18 29 72
17 28 40
16 15 72
5 26 78
14 49 45
27 5 81
4 12 43
23 26 94
35 45 9
40 21 40
14 19 74
6 3 73
11 2 76
22 29 69
2 37 15
22 28 55
34 22 91
28 37 89
17 46 47
38 36 38
46 14 64
35 1 87
27 31 56
23 11 95
20 49 46
19 24 82
17 4 96
28 7 38
12 42 72
43 23 74
15 32 10
33 32 100
43 33 93
19 20 80
13 14 7
47 28 86
44 46 49
12 24 22
42 28 96
30 48 49
9 41 61
46 34 22
20 25 15
13 7 77
20 49 36
48 14 3
31 13 51
37 7 80
49 25 18
13 41 16
7 34 84
25 4 44
35 46 44
1 50 47
5 48 23
35 39 68
16 16 59
25 49 59
34 10 38
21 22 9
35 20 19
22 20 79
30 20 77
45 29 5
34 9 87
25 26 35
28 15 19
15 49 42
16 4 85
22 43 11
46 4 44
42 44 91
23 12 74
38 45 61
48 37 67
9 28 30
41 10 68
37 34 100
41 38 99
1 36 26
36 35 100
29 42 85
39 20 37
44 30 47
26 41 4
41 35 36
17 36 66
10 43 14
10 49 77
5 49 50
33 50 54
13 10 37
33 27 27
17 9 25
44 18 60
24 34 70
33 31 48
24 26 6
34 39 88
17 4 96
33 46 38
30 4 93
3 32 55
39 33 27
30 24 80
5 25 84
48 23 64
40 18 65
40 17 53
1 29 61
26 38 88
45 49 68
13 45 19
45 11 17
48 48 9
7 13 27
2 22 35
37 49 85
19 39 89
14 34 38
41 47 47
37 48 33
40 26 25
15 18 13
12 9 9
12 41 32
32 20 51
2 34 89
7 35 3
37 7 90
7 29 87
47 47 10
33 21 55
1 22 32
17 33 18
46 39 7
30 34 96
41 33 70
1 44 88
13 46 80
41 2 82
20 34 71
21 46 17
27 14 68
18 10 96
11 28 36
28 32 0
17 40 79
32 37 85
16 5 49
35 33 16
13 23 80
45 47 4
7 10 40
16 36 79
5 11 92
42 11 82
10 15 94
15 25 9
37 47 43
45 20 9
18 19 87
28 45 89
38 26 62
41 1 36
47 36 26
6 14 42
46 39 15
20 34 19
48 8 52
19 7 63
47 47 36
30 50 52
45 36 87
5 5 60
28 23 80
15 49 78
9 36 69
23 5 1
12 41 11
18 12 59
48 41 13
6 26 93
24 27 20
6 23 62
9 30 53
46 20 91
22 19 92
50 29 73
34 25 82
2 40 68
11 18 6
8 50 60
3 21 97
33 17 58
12 28 41
14 36 41
25 7 98
9 9 58
16 15 78
46 7 32
37 30 13
39 13 61
28 22 59
3 43 69
47 15 43
44 10 55
7 49 44
39 44 49
2 35 42
33 19 2
22 37 48
50 45 21
1 16 88
39 9 82
16 18 80
5 40 17
43 42 5
46 14 78
21 39 95
25 11 16
28 16 44
44 30 25
33 23 38
30 1 78
9 31 23
9 45 58
29 32 54
47 3 89
34 19 94
26 39 13
38 1 59
49 23 97
22 9 88
29 8 100
3 39 39
15 18 46
15 2 52
49 18 14
48 45 92
46 40 25
38 36 84
10 46 87
12 40 26
2 13 95
33 14 8
6 3 69
6 21 18
21 49 51
15 12 83
12 48 3
16 35 50
14 5 54
2 30 6
35 14 54
38 16 91
18 12 22
35 29 73
50 49 43
35 8 18
19 2 54
20 27 90
26 3 81
43 37 64
21 40 62
27 44 61
37 30 39
32 32 30
32 10 4
8 24 1
20 41 20
11 41 42
19 46 56
43 13 25
12 28 33
36 5 96
33 17 57
49 38 40
47 13 60
14 12 34
32 40 26
40 43 21
16 47 80
39 36 66
27 9 37
38 3 69
9 21 95
35 28 1
50 36 82
14 3 49
2 18 68
18 20 69
43 11 70
22 10 88
46 36 49
15 16 33
49 4 56
32 16 72
37 15 87
38 1 51
31 6 74
5 7 56
1 46 22
31 46 5
10 34 22
28 47 99
50 27 18
38 26 23
37 36 46
50 17 71
19 25 80
11 26 63
10 41 89
40 22 11
12 30 59
31 38 19
32 24 23
38 25 9
41 36 61
12 22 0
29 40 80
8 5 61
15 9 77
1 21 52
19 32 28
24 21 16
37 50 28
35 34 50
20 2 92
26 44 9
35 41 95
10 14 82
48 44 91
4 24 56
25 11 44
21 50 78
45 40 38
36 30 36
39 23 10
48 40 87
43 22 57
29 2 19
44 8 75
18 48 82
30 20 69
42 22 92
31 11 43
50 6 48
7 49 79
22 27 83
50 1 33
29 38 3
30 1 72
15 43 17
45 2 14
48 4 29
32 45 77
6 34 29
16 44 52
38 43 35
16 5 65
1 30 14
14 32 62
48 4 69
28 11 99
24 44 19
18 18 78
17 19 47
22 11 51
40 13 74
47 17 75
37 25 81
16 4 43
23 15 26
10 12 10
6 19 7
9 31 76
33 2 54
34 47 75
15 16 56
42 35 76
29 43 19
42 15 66
24 46 16
49 14 48
10 37 29
48 43 18
9 8 76
2 2 24
39 44 7
19 46 69
9 48 48
19 26 52
9 12 80
36 7 29
15 20 23
29 47 51
2 36 41
46 6 86
33 50 89
12 9 42
47 11 47
47 27 73
10 2 11
6 37 13
17 1 63
23 20 74
48 32 92
16 17 5
4 4 42
9 42 47
8 15 10
37 35 96
21 2 27
19 33 80
11 43 37
8 34 27
5 17 8
38 50 21
24 8 81
32 36 33
42 23 61
46 17 53
33 6 88
8 15 16
9 14 49
42 27 87
38 29 19
17 41 8
44 17 91
18 24 1
6 19 68
10 10 21
44 44 96
16 45 59
16 30 1
48 2 38
37 30 25
4 45 73
17 37 31
16 10 36
4 6 50
25 44 96
26 15 41
49 50 29
25 31 91
21 19 70
29 7 48
47 30 66
41 23 70
30 10 51
21 25 48
13 1 26
26 11 22
14 50 95
46 31 93
8 9 99
16 43 17
3 50 68
7 13 94
19 34 39
28 49 16
32 26 27
2 28 38
31 1 37
4 47 58
35 27 87
37 12 86
11 5 43
5 43 35
42 34 32
38 35 56
22 29 25
41 22 25
29 43 0
28 44 45
49 35 72
41 5 69
32 43 98
44 44 23
33 34 50
41 6 29
45 28 33
14 19 96
21 29 86
50 24 53
8 20 6
35 39 40
45 35 28
3 44 32
18 27 51
27 21 50
22 17 17
48 43 41
31 21 38
12 13 44
14 34 67
26 11 77
37 4 0
46 42 13
1 28 11
38 2 43
41 17 1
36 32 38
43 33 17
27 50 64
48 27 90
36 47 81
16 44 29
37 46 0
25 32 100
44 40 26
3 42 100
12 25 1
5 29 87
9 42 54
14 29 47
13 50 40
28 35 22
39 1 45
38 8 11
49 44 93
15 5 60
14 19 55
24 32 29
21 9 67
47 29 78
50 33 16
22 25 21
47 40 93
11 22 42
4 4 48
8 29 87
47 45 23
22 2 48
35 37 90
38 18 38
34 24 17
35 27 33
38 34 72
40 32 14
1 24 99
17 20 78
48 7 7
19 14 68
41 3 7
40 11 24
48 37 70
40 33 6
11 48 99
40 32 94
45 40 65
9 31 43
40 8 49
50 25 65
47 39 38
31 23 64
31 3 70
2 25 60
10 31 77
39 1 45
32 47 52
50 50 51
11 26 69
8 42 67
38 30 80
21 34 60
13 15 59
12 18 97
38 13 86
25 17 50
32 34 5
20 4 46
39 8 53
14 49 6
48 39 9
12 22 39
48 19 66
30 36 58
11 39 2
28 50 19
36 1 69
27 33 94
44 34 92
24 45 97
21 35 1
9 20 81
21 28 95
12 33 22
34 29 3
13 41 70
8 26 35
22 3 15
29 5 0
50 23 57
2 25 66
11 27 11
10 39 40
44 36 45
47 33 36
19 7 82
24 21 22
31 18 1
30 40 33
18 17 54
29 12 32
14 16 32
11 8 60
39 50 32
36 14 100
12 39 91
17 23 25
43 15 96
21 16 18
38 42 17
25 17 59
47 28 30
40 8 6
8 23 68
43 2 83
43 6 10
3 38 98
36 16 62
39 17 93
50 37 41
20 48 85
10 50 89
5 11 46
13 18 34
8 27 61
9 15 32
15 13 48
10 45 71
34 38 30
44 44 97
9 13 71
3 29 74
17 50 78
7 27 68
32 13 79
29 49 98
38 39 31
25 25 24
24 9 27
38 40 4
47 19 40
40 43 78
29 24 41
41 50 85
8 46 66
39 5 31
31 41 24
12 38 44
32 30 59
19 46 61
22 31 35
25 21 65
17 20 54
34 5 70
33 34 29
45 27 8
21 19 23
3 10 71
45 30 62
33 33 18
17 36 65
35 5 88
7 28 98
6 47 49
20 32 11
25 45 0
29 36 75
33 29 20
20 6 86
11 16 54
27 3 9
48 10 74
36 12 55
13 4 8
48 44 48
16 17 83
37 6 38
26 37 21
19 42 6
19 24 46
34 3 72
1 36 63
1 25 42
24 35 63
14 24 60
31 34 18
37 36 48
24 41 65
34 17 37
30 41 29
18 13 84
36 6 65
27 27 35
4 4 74
27 30 58
16 31 31
22 17 27
41 38 86
50 34 44
24 18 17
30 36 90
20 5 71
11 8 87
44 37 88
8 18 10
8 24 65
25 22 30
30 22 31
49 24 30
19 32 35
4 20 81
19 12 46
41 1 95
14 44 33
47 34 80
43 24 42
37 24 53
12 3 47
9 2 52
50 22 94
23 42 37
8 11 99
14 46 59
10 43 33
29 4 100
28 39 98
34 28 59
35 39 81
28 11 1
17 33 49
14 44 73
50 2 36
49 11 71
1 4 62
46 14 92
32 11 90
25 33 80
39 33 21
2 5 78
37 48 18
24 28 2
49 48 13
46 5 62
33 49 84
7 15 66
29 38 9
8 23 2
3 46 44
46 44 89
43 46 67
28 5 3
10 8 40
12 38 85
23 6 89
14 16 71
49 7 29
40 47 67
15 3 49
8 47 74
24 34 65
13 18 81
10 13 86
19 33 36
28 35 61
38 22 59
10 47 7
44 5 67
5 44 79
46 27 62
38 46 74
25 46 20
41 17 15
47 26 66
25 37 43
18 44 27
38 34 3
2 38 96
10 44 97
5 35 57
47 23 42
31 20 21
43 18 80
9 13 77
25 14 9
19 25 68
27 40 28
50 14 43
42 50 39
39 21 1
1 33 62
41 31 36
3 25 57
21 38 94
17 18 64
38 46 99
2 32 6
41 21 86
6 33 86
3 5 71
38 26 15
21 40 85
1 7 36
37 48 23
42 37 79
10 13 84
36 45 57
5 48 22
23 15 62
19 5 76
12 41 72
37 41 75
40 39 44
14 44 9
36 41 88
9 33 63
2 31 64
4 41 2
40 15 70
5 35 39
24 13 36
9 27 14
2 11 17
38 38 48
4 26 42
16 22 42
25 47 20
18 7 12
35 20 20
35 20 83
2 34 68
10 30 75
44 22 14
48 36 1
44 45 46
35 23 96
39 6 45
14 19 69
48 16 30
8 49 51
37 42 18
17 3 72
32 19 83
28 44 81
20 40 88
1 22 8
50 10 84
22 14 67
34 22 22
25 50 30
44 10 84
12 27 58
32 26 74
41 50 73
10 12 38
18 42 72
19 48 10
30 15 4
14 4 61
36 19 21
14 42 84
28 42 85
14 41 22
40 39 67
19 24 49
17 3 91
47 17 58
14 32 82
27 10 34
15 11 89
8 33 89
40 41 87
38 17 44
27 14 25
7 24 45
27 22 86
50 39 45
27 19 81
15 37 59
28 47 5
47 31 64
32 38 18
43 38 60
5 44 42
47 6 88
32 9 93
50 9 97
12 36 37
47 6 60
16 13 38
6 49 65
40 14 57
50 4 9
10 18 27
15 13 11
7 28 46
46 48 53
15 49 60
8 17 49
22 45 68
50 22 49
27 38 60
40 29 98
26 37 64
45 41 15
50 19 56
17 7 49
10 35 90
11 10 22
12 8 88
17 4 99
49 14 12
3 24 24
20 12 61
4 44 11
20 43 70
50 9 98
38 11 42
23 15 6
17 28 35
2 13 97
47 6 76
13 2 80
7 3 38
25 23 45
3 41 48
27 31 94
13 39 27
42 38 14
21 7 41
38 16 15
8 31 77
49 6 77
21 36 51
47 29 72
7 16 81
39 16 18
4 47 61
33 29 51
28 20 85
11 39 57
7 27 92
46 14 84
42 39 34
50 45 96
30 3 80
10 5 70
43 33 60
17 28 5
20 47 40
10 42 31
42 41 22
5 35 36
14 36 25
38 38 23
37 25 76
44 30 69
12 14 86
30 42 23
48 4 38
9 12 81
10 32 95
19 21 75
19 15 72
14 11 84
26 26 84
14 1 69
35 23 2
7 44 46
29 23 10
15 5 80
8 45 49
29 29 20
44 19 58
43 37 91
4 35 31
20 12 30
46 16 23
13 30 87
9 30 70
23 47 98
47 41 60
20 42 75
7 18 18
38 39 99
28 38 72
28 40 84
10 49 68
34 22 93
23 50 82
6 17 48
39 44 23
35 13 58
2 50 5
47 18 65
5 27 55
30 27 24
25 14 30
50 9 94
26 19 55
1 31 100
32 21 55
19 10 33
3 4 50
15 42 14
37 40 53
6 14 92
21 9 77
31 20 37
46 25 65
30 10 34
8 2 97
43 34 40
46 6 22
41 16 90
48 14 9
42 40 15
20 48 80
18 48 19
28 23 1
46 6 63
4 21 77
42 42 12
4 26 37
43 12 7
10 11 88
34 29 41
17 50 69
31 31 30
11 41 12
47 14 96
9 32 29
28 30 87
42 12 19
38 24 82
42 23 46
45 7 76
35 5 44
35 7 52
16 10 61
36 39 83
5 31 5
43 18 6
26 20 76
46 50 86
48 37 3
43 7 73
13 3 41
21 6 24
40 49 86
36 7 61
19 23 55
3 4 55
5 11 14
28 26 56
48 3 51
40 6 52
42 39 79
9 3 84
6 20 92
1 38 19
32 33 7
25 17 68
27 7 82
10 47 24
7 16 5
10 34 63
30 4 82
14 14 74
16 41 0
37 44 34
49 25 86
23 16 93
41 4 73
2 9 16
3 13 83
50 41 67
45 16 29
19 2 66
15 27 28
37 5 69
8 21 5
3 22 7
39 4 93
1 1 81
10 13 41
8 46 13
14 25 50
21 15 70
1 29 45
18 25 91
23 27 44
17 2 93
46 2 42
31 17 51
36 4 32
26 38 36
44 49 93
11 37 88
46 30 95
44 17 10
40 33 94
18 25 96
22 36 69
15 23 48
15 38 20
24 20 97
28 8 29
22 43 100
34 10 76
47 34 57
29 39 47
11 7 4
14 41 32
29 4 27
19 1 70
8 44 84
32 30 3
30 49 15
32 28 33
12 36 96
35 49 79
22 10 80
22 18 84
8 15 31
15 44 94
42 6 30
5 49 63
16 11 56
38 25 34
11 32 36
46 11 7
25 33 20
1 27 96
42 20 91
21 13 39
20 8 91
36 1 29
42 21 0
43 41 71
24 30 83
17 19 74
30 31 80
41 15 37
28 31 90
16 36 32
17 20 63
15 26 31
15 45 39
18 26 49
46 50 86
24 44 12
28 44 25
35 38 99
1 6 90
5 39 8
48 7 2
8 41 93
15 20 36
17 38 22
31 22 22
47 6 64
20 29 57
12 39 34
22 43 70
23 30 81
25 17 65
25 21 43
32 43 17
4 32 6
4 12 3
38 50 98
18 12 100
7 31 3
50 13 10
6 43 3
30 49 97
43 29 53
9 45 22
9 23 8
36 29 56
46 25 27
12 37 47
47 44 16
16 37 11
37 12 50
48 43 81
27 44 54
9 47 53
4 10 19
35 41 45
17 29 22
31 31 84
46 1 90
41 45 72
2 32 77
24 40 62
15 7 24
38 24 63
46 15 40
29 29 86
16 43 85
25 27 99
6 26 41
13 42 14
22 18 97
21 47 74
36 28 15
19 30 99
42 40 13
42 11 87
8 10 24
8 33 77
27 10 91
39 13 14
47 41 84
11 39 62
24 5 5
24 31 31
43 38 98
13 42 14
36 3 9
16 46 77
14 49 38
36 46 96
30 19 95
16 50 71
49 38 27
41 31 27
14 35 4
5 19 24
38 39 1
25 40 8
13 18 25
37 30 1
39 15 72
15 6 74
37 37 37
33 43 38
10 42 4
9 49 83
32 39 13
42 6 8
47 40 90
38 9 76
4 26 92
38 5 99
9 38 71
32 2 46
20 26 63
8 16 41
9 33 52
25 37 1
46 7 45
50 3 99
31 41 10
28 28 21
14 13 42
30 27 16
13 34 67
4 38 32
41 50 100
3 48 82
43 32 15
19 28 57
30 16 15
40 20 46
31 17 99
28 32 8
33 30 62
6 7 17
20 25 69
24 27 39
48 41 27
26 28 7
36 39 4
9 22 60
50 26 85
30 6 7
6 32 46
32 1 89
45 6 47
43 23 32
31 41 72
13 16 10
31 44 64
9 28 22
3 14 41
47 37 32
32 37 69
10 10 39
27 26 64
20 42 77
1 1 90
16 29 64
40 22 84
46 19 61
47 16 67
46 25 89
27 35 69
4 35 33
1 25 56
38 39 71
21 30 68
46 38 70
48 9 5
4 27 75
8 17 58
25 48 69
24 26 26
34 30 43
49 9 94
50 39 73
14 50 10
40 9 42
17 32 50
38 49 21
48 23 53
44 31 4
29 43 0
