41
9376
31 9 70
29 38 48
36 5 38
8 30 74
3 38 58
1 16 58
25 5 56
20 11 31
4 23 18
35 17 22
8 12 19
3 30 63
21 39 1
3 4 64
24 6 61
13 36 29
2 25 22
18 40 1
23 4 83
15 7 82
19 24 80
9 39 33
39 4 35
40 24 68
13 35 29
35 26 12
18 24 65
28 12 34
31 10 1
11 15 59
21 25 19
36 19 86
40 23 31
31 14 78
41 4 11
32 12 73
2 32 61
14 9 62
21 15 75
5 30 7
21 13 12
26 10 97
34 26 78
17 34 40
28 23 46
11 27 14
19 13 61
3 41 47
16 22 61
2 7 48
21 29 27
15 20 93
3 9 93
14 26 86
20 38 6
17 41 98
9 16 23
26 2 33
17 6 41
29 15 0
23 10 0
3 33 22
20 4 3
15 41 0
15 1 29
9 22 42
14 35 27
25 25 34
38 13 3
36 10 59
21 1 96
7 25 95
14 6 61
13 19 62
23 5 45
9 12 28
20 26 100
13 17 61
1 27 71
9 10 46
18 37 87
35 29 3
17 40 27
2 35 33
20 30 34
17 2 99
20 11 75
41 11 65
15 39 46
16 31 68
28 5 15
20 9 39
25 22 38
23 9 51
27 21 13
31 18 97
38 3 97
11 23 43
6 40 97
33 18 87
13 34 26
13 12 43
16 25 76
14 8 96
33 37 6
30 16 31
5 8 47
16 33 57
21 36 48
7 11 13
40 4 49
10 9 88
13 3 18
21 31 2
11 12 87
10 25 47
3 19 98
33 32 11
4 21 57
6 35 0
17 24 55
23 15 89
40 40 33
36 21 20
22 9 79
20 18 26
13 35 89
27 35 87
21 24 90
19 7 1
25 4 67
19 12 40
34 12 25
2 6 53
7 38 40
16 32 22
23 17 72
21 19 87
34 33 99
13 17 90
2 11 81
34 21 79
28 13 68
14 3 91
5 39 4
37 4 2
40 6 50
33 38 63
13 21 28
13 10 9
29 17 35
24 16 44
19 14 85
22 26 39
26 30 29
10 3 49
30 24 85
26 28 27
20 3 81
16 35 43
34 37 95
25 29 61
38 1 27
23 16 91
12 14 45
38 17 71
6 6 78
17 29 91
26 17 53
7 11 83
19 24 4
34 14 20
40 40 86
18 33 56
15 36 10
17 15 31
30 36 15
13 7 82
23 3 99
18 27 89
34 25 21
17 32 26
1 1 55
8 15 41
41 10 45
18 20 33
16 1 27
17 4 62
6 6 21
39 25 28
1 33 59
38 25 98
23 33 22
37 6 82
15 22 3
5 32 12
27 14 84
19 26 26
37 30 40
25 11 28
18 27 23
41 21 43
12 27 57
7 6 80
36 13 56
7 8 44
40 7 79
2 12 44
2 23 52
14 1 37
1 27 54
35 21 18
17 11 25
5 26 37
1 31 24
3 18 49
36 9 23
10 39 54
25 2 39
25 41 29
17 26 57
16 9 98
20 26 4
40 30 37
9 23 8
35 7 47
8 24 64
2 11 66
1 16 89
30 10 95
11 20 44
18 34 68
32 33 35
8 3 60
8 33 38
5 26 27
38 36 83
12 8 33
9 15 85
24 21 19
30 12 39
37 15 87
15 25 79
31 35 28
39 26 40
1 38 64
37 13 17
21 6 28
15 7 84
32 8 57
5 25 67
24 17 53
32 38 59
41 37 0
9 38 12
40 17 8
8 37 19
11 1 61
27 5 11
11 16 94
24 11 60
13 22 94
15 24 70
23 29 52
37 20 13
29 38 100
20 13 19
35 35 58
38 17 62
6 25 11
23 21 57
1 7 8
17 30 30
8 23 67
25 30 71
29 38 76
21 24 16
14 26 73
6 31 71
41 6 50
3 39 66
27 22 64
10 41 1
19 14 70
6 7 99
38 19 97
14 36 94
41 13 13
33 38 44
14 27 46
2 10 92
24 20 18
31 18 51
19 31 89
22 18 62
33 13 28
14 12 63
13 10 97
41 3 61
1 5 99
15 36 89
6 29 61
11 19 37
3 40 17
25 41 3
35 25 38
34 34 70
12 27 2
10 29 57
31 29 79
21 19 88
9 3 93
3 15 88
16 20 72
35 9 22
36 39 46
2 27 46
15 3 41
30 20 72
36 27 15
10 12 0
22 25 45
28 2 88
33 26 50
1 3 64
40 39 91
18 36 29
10 2 55
4 30 64
29 13 54
6 24 13
28 2 8
15 20 61
34 4 59
15 37 81
5 5 13
28 28 64
31 5 79
2 36 53
2 33 33
22 12 15
27 36 38
41 5 32
5 22 41
33 8 41
11 25 45
14 31 100
37 31 85
27 37 77
26 14 84
1 25 83
5 6 32
26 1 33
27 4 22
36 33 22
27 29 79
2 2 54
9 6 55
39 41 43
4 11 97
23 14 73
12 22 48
32 37 14
17 20 81
27 23 77
31 33 80
24 15 58
14 15 18
39 34 44
5 16 87
15 35 38
17 33 75
34 13 99
39 36 54
38 33 35
33 10 92
1 6 98
15 28 19
23 29 90
2 19 18
34 28 64
4 8 70
27 39 81
40 1 42
37 27 10
36 40 63
39 31 57
36 13 77
25 41 28
6 8 81
10 11 42
36 18 26
19 21 22
16 21 25
13 25 91
8 24 40
26 29 38
23 10 90
21 7 53
21 36 12
22 38 3
22 13 83
36 36 81
35 39 16
30 19 63
4 11 75
33 34 90
23 34 43
41 36 2
28 23 100
40 30 41
13 5 14
40 35 84
7 1 42
33 41 31
14 41 79
39 7 32
27 29 71
11 14 92
3 35 1
27 7 44
11 35 16
31 19 25
8 40 25
41 28 22
4 37 100
27 40 59
20 29 44
14 28 46
1 10 54
18 21 63
8 19 37
23 37 26
34 19 5
29 4 77
29 11 30
1 6 16
8 20 95
19 38 53
37 1 7
13 1 79
40 12 62
19 3 89
4 40 72
9 25 15
17 23 36
16 3 13
34 15 36
22 40 19
32 17 71
8 39 66
37 19 92
10 24 11
29 33 52
8 28 59
39 14 81
28 7 60
15 24 59
11 30 26
9 21 85
18 21 5
37 39 32
18 14 0
24 16 86
39 8 24
12 1 15
38 30 59
14 21 73
24 18 21
36 37 52
40 3 48
22 21 100
39 6 28
36 1 54
20 24 58
13 23 23
13 11 38
16 39 83
5 15 22
33 36 63
12 39 22
16 35 7
4 7 59
36 3 68
25 38 91
6 25 25
19 14 71
8 41 89
18 12 99
39 23 59
2 12 86
30 38 86
9 14 21
6 40 77
15 23 92
25 17 15
23 27 37
16 34 93
29 6 1
1 10 82
18 6 89
14 32 32
28 27 60
18 1 47
12 32 24
33 4 91
41 26 63
12 29 34
26 14 33
34 29 9
19 35 66
12 34 70
31 17 19
39 20 47
16 24 88
22 15 36
4 25 96
34 27 16
35 9 55
9 17 55
26 12 77
20 38 25
20 23 22
34 6 3
27 23 0
28 12 39
33 31 77
39 35 37
5 22 28
2 15 37
9 28 16
41 33 78
32 32 82
18 9 64
9 13 38
27 13 81
4 17 22
1 38 59
20 9 7
33 19 2
9 24 82
19 31 39
28 15 65
1 2 21
16 6 12
9 12 75
20 36 10
14 32 84
8 30 91
26 14 55
34 16 67
19 4 89
39 15 10
16 39 57
24 3 7
32 26 27
15 32 51
24 10 62
6 18 9
37 21 21
10 27 90
19 30 72
25 37 54
18 10 65
37 22 16
22 10 23
18 4 99
24 5 43
23 19 49
26 5 17
37 37 84
4 7 59
28 38 71
5 17 89
32 22 58
18 34 41
20 16 31
14 41 98
33 34 21
29 23 80
22 3 91
39 34 12
7 13 28
27 23 12
22 29 93
37 3 21
33 38 4
13 3 79
22 32 83
39 25 89
22 38 60
21 30 95
19 7 39
5 28 36
2 11 6
21 18 31
11 14 59
23 33 30
19 12 17
29 10 81
8 14 13
23 17 93
31 34 74
36 18 67
15 23 84
30 15 72
21 34 95
27 2 11
12 35 32
30 38 40
33 12 57
40 27 79
38 7 64
33 10 6
35 28 25
25 15 52
34 17 92
6 34 54
7 33 63
25 20 13
3 24 7
1 22 52
34 15 8
23 15 44
8 33 22
37 27 92
32 20 2
13 40 43
20 32 27
3 28 49
31 23 38
31 18 52
40 14 95
22 27 83
4 28 46
12 6 22
9 32 8
12 30 96
17 24 39
24 1 73
36 26 99
7 1 51
38 6 90
22 34 15
11 10 29
30 25 0
9 24 5
20 41 42
31 22 55
40 38 65
8 39 24
11 4 18
19 14 39
2 23 84
31 28 52
18 31 13
29 25 8
41 26 20
41 10 10
37 10 56
12 7 92
8 24 94
38 38 66
29 21 20
9 33 55
6 35 56
17 33 62
39 17 55
33 7 35
35 40 64
32 38 69
29 26 21
9 14 39
31 38 96
26 18 34
25 24 8
25 8 58
38 32 4
33 18 83
21 3 27
24 4 4
7 6 32
38 9 17
16 18 15
37 21 93
17 24 10
29 30 1
14 32 2
10 9 97
37 14 25
39 13 38
10 16 2
24 22 74
24 4 17
39 28 72
27 13 57
26 39 27
33 8 50
33 1 70
36 25 26
16 20 53
24 39 77
29 33 78
13 11 13
11 2 91
38 35 63
19 10 41
18 9 60
7 26 70
3 23 71
17 40 34
8 6 58
41 4 38
13 21 3
38 40 59
20 11 58
7 28 83
22 39 54
37 4 81
4 35 71
33 25 11
19 4 28
36 24 32
14 14 2
14 25 45
23 28 22
1 19 90
40 27 42
16 41 25
30 39 75
33 33 7
25 19 32
32 28 54
29 40 26
1 40 73
14 34 60
30 9 14
16 30 59
36 29 2
9 31 55
11 37 41
22 27 100
7 9 2
10 33 92
1 18 32
32 5 99
12 11 57
23 28 31
28 27 27
39 15 29
12 10 30
12 35 36
18 11 2
35 34 72
1 41 78
3 31 55
30 33 31
38 30 57
26 10 17
8 15 64
38 4 37
41 23 9
20 8 0
4 35 0
22 38 32
22 27 3
12 5 74
19 30 34
13 34 1
11 3 12
18 2 48
4 41 59
16 1 97
6 23 34
16 24 92
22 27 97
7 1 38
32 9 6
23 25 8
1 39 55
22 19 48
10 37 51
26 18 0
6 10 73
39 6 48
22 6 19
28 24 0
13 4 44
3 10 8
6 20 12
19 14 19
2 15 17
8 13 28
20 24 2
19 32 65
31 40 90
32 23 84
18 2 93
37 26 15
1 38 63
23 11 66
40 2 72
26 25 48
5 22 22
6 29 11
17 33 66
29 32 71
7 14 46
9 27 85
16 8 87
35 8 98
33 27 81
19 13 63
4 4 24
16 33 59
27 38 13
6 25 52
16 13 54
7 18 64
36 22 37
33 32 3
8 5 26
23 16 20
21 20 5
18 31 41
37 31 75
35 31 6
18 13 95
12 7 3
36 24 74
40 33 46
4 34 34
37 17 51
9 19 5
2 31 9
16 29 78
13 17 15
15 28 29
41 35 75
19 20 23
18 5 77
21 25 69
34 29 100
9 28 94
33 25 97
10 33 54
35 12 88
19 15 47
25 20 44
21 9 81
32 30 70
22 2 82
20 37 96
28 26 81
8 12 11
31 27 40
15 17 94
34 38 15
11 35 18
21 25 41
22 22 91
17 4 22
17 31 29
18 17 91
29 24 25
3 33 2
11 41 81
35 26 41
33 11 89
26 18 5
17 7 1
38 31 16
18 7 98
33 5 54
24 20 77
3 3 10
22 41 73
22 12 36
1 26 80
39 23 23
37 3 83
17 14 21
34 30 62
1 17 10
36 36 16
30 41 5
35 16 47
3 32 39
1 11 81
26 3 85
35 19 85
28 34 89
23 26 46
26 33 9
36 15 42
23 7 35
8 21 83
38 5 71
34 34 48
20 6 11
27 4 62
17 8 18
16 17 10
11 33 25
9 21 2
35 22 12
31 15 83
25 11 83
14 12 16
35 9 66
30 18 45
7 40 48
18 6 51
37 36 22
27 33 20
41 4 38
33 27 47
5 1 73
16 11 46
4 31 30
37 9 73
20 14 13
12 20 76
10 10 27
3 25 69
11 13 0
32 18 76
24 3 27
20 19 48
22 7 42
16 38 37
7 38 68
1 18 18
19 40 41
24 26 29
15 13 54
9 31 29
41 34 85
23 35 59
23 35 92
20 21 54
8 26 31
20 6 7
39 25 85
23 34 58
4 26 47
27 13 65
4 17 63
12 35 22
7 17 1
34 36 92
23 24 47
33 5 20
18 1 3
29 17 54
33 14 83
17 36 64
3 26 57
14 22 34
17 27 86
23 2 67
37 13 64
21 39 12
32 14 77
10 22 93
7 29 89
38 7 48
15 41 16
8 21 88
18 4 82
26 39 36
1 32 55
37 38 16
26 1 15
27 39 1
29 41 55
18 34 42
19 1 82
7 32 56
36 14 64
20 34 27
30 32 55
20 20 30
17 7 32
41 35 47
14 22 25
35 12 69
23 40 12
25 41 36
37 5 35
20 3 37
26 38 85
14 18 16
18 24 8
35 30 77
5 24 83
33 15 72
19 7 24
28 29 18
24 24 33
15 14 67
8 23 86
9 12 33
28 9 20
5 38 33
12 7 99
13 41 81
27 6 38
7 10 67
33 7 30
25 32 90
38 29 4
27 26 99
13 25 45
41 28 73
34 22 35
5 6 53
36 17 20
36 34 59
3 6 6
11 32 90
28 24 89
40 12 18
21 18 58
26 9 98
35 26 65
3 3 75
39 24 17
12 23 93
34 3 53
11 11 61
23 33 34
11 31 29
5 25 48
40 2 59
22 23 70
15 8 36
17 13 55
14 6 9
28 26 72
31 24 20
10 32 18
14 39 5
29 4 32
9 1 25
40 11 24
9 17 95
9 26 15
7 30 17
24 15 1
22 10 55
16 8 87
27 8 33
17 7 63
11 11 24
2 11 97
4 16 37
6 30 43
33 40 87
41 1 92
19 19 44
16 39 29
19 7 56
40 16 56
37 8 18
37 32 90
7 41 12
5 23 17
20 22 58
11 3 55
13 6 67
15 21 50
3 37 20
9 9 93
34 1 79
26 34 74
32 18 47
13 4 93
10 37 33
5 20 37
24 13 94
32 10 50
2 13 72
40 30 10
29 18 77
9 18 1
25 37 15
38 39 50
13 18 93
29 35 77
30 16 33
37 17 0
7 6 69
32 13 49
11 5 50
32 5 43
26 2 50
2 28 4
22 21 79
18 7 10
39 1 34
11 19 63
26 22 47
41 15 26
37 27 9
21 21 19
20 33 24
6 41 42
1 2 56
23 8 98
20 30 95
14 5 75
6 22 13
27 41 19
7 18 16
33 23 65
40 38 30
10 15 42
2 37 69
22 24 24
30 13 43
9 23 15
23 19 76
13 38 24
20 15 57
12 21 57
39 2 53
4 31 48
7 30 18
36 7 55
14 20 35
35 25 29
37 36 1
34 35 40
20 31 56
24 11 11
35 30 58
9 12 85
32 7 98
23 19 32
32 29 96
21 26 27
24 34 43
34 23 9
2 39 84
9 32 31
8 25 86
11 34 73
26 10 5
29 12 17
15 35 74
39 32 85
30 17 98
29 3 30
1 15 12
32 24 21
22 24 55
29 32 40
2 14 40
12 5 31
28 21 97
23 7 75
15 18 47
12 17 87
3 24 99
21 2 43
31 40 15
32 36 74
22 22 61
32 34 96
6 5 91
8 35 19
3 41 60
20 15 18
20 18 11
33 36 30
36 6 90
10 35 80
36 14 62
9 38 88
22 8 18
40 37 56
4 4 32
1 26 53
21 23 90
20 10 15
33 13 81
35 7 36
28 40 56
19 12 32
16 25 48
35 41 61
28 28 29
4 31 65
36 19 67
2 13 28
38 31 64
38 10 21
5 11 62
2 11 40
14 34 42
39 4 79
4 26 38
12 24 66
41 6 95
20 10 53
15 4 94
26 5 33
25 24 91
18 24 28
21 32 20
40 20 97
6 32 82
17 16 83
24 35 63
9 34 9
11 3 81
12 24 81
26 27 59
41 7 96
13 16 9
22 2 12
1 35 80
23 9 12
4 20 41
12 6 1
29 9 38
38 14 31
18 11 40
30 40 23
2 21 44
19 5 94
25 39 50
34 26 82
6 36 10
3 33 12
35 7 100
40 40 57
28 29 51
38 16 25
26 30 23
11 23 10
38 25 23
10 18 19
25 9 14
21 8 16
36 8 98
31 20 93
40 28 59
3 9 61
13 33 63
28 38 8
2 16 12
19 41 4
12 16 1
14 27 70
9 2 33
33 29 27
6 38 95
6 34 8
14 8 69
29 8 89
32 15 26
33 25 77
23 24 61
34 27 74
31 1 18
28 17 87
41 30 22
4 8 1
7 21 5
19 32 17
27 41 2
2 18 29
19 5 22
12 38 8
26 38 35
33 12 71
34 39 81
22 12 98
23 25 37
8 39 7
25 10 47
9 18 68
26 12 15
17 39 79
33 34 45
14 6 24
32 22 82
4 38 56
3 16 56
17 13 3
40 33 96
30 12 56
10 17 86
26 14 89
14 39 77
29 1 41
20 15 12
10 7 97
2 8 66
21 16 5
31 2 45
10 17 31
35 29 19
38 2 62
40 6 58
31 18 50
27 21 64
40 38 56
4 34 74
7 16 78
34 21 57
12 7 95
12 22 6
1 24 47
37 2 20
3 25 50
17 5 2
38 22 75
35 2 41
20 20 74
34 3 33
34 26 93
11 22 66
28 40 58
9 40 14
5 24 88
37 26 27
20 10 93
37 9 80
33 19 32
27 26 81
19 41 31
31 8 20
19 17 94
31 8 38
34 14 50
32 6 60
32 28 62
30 32 21
28 32 78
1 15 49
40 21 46
21 20 86
15 40 16
6 13 74
14 39 5
37 14 82
31 23 78
11 25 34
26 31 29
38 23 41
4 6 34
11 36 25
1 36 86
34 3 26
24 16 21
9 11 17
9 40 89
7 30 67
26 16 58
22 3 50
17 22 70
27 35 73
33 11 85
27 6 48
22 38 41
13 30 4
25 18 11
32 5 48
36 25 95
20 32 32
31 40 35
30 36 95
39 35 70
6 4 17
30 2 85
1 12 22
18 35 83
31 24 2
13 12 68
31 37 63
8 29 3
36 4 89
37 35 64
32 16 20
2 16 26
39 12 27
21 2 69
20 12 16
21 33 65
37 34 79
35 12 86
40 15 90
1 17 64
2 13 97
38 16 20
10 18 7
3 5 17
33 20 38
35 24 29
16 28 30
6 20 33
11 29 20
2 38 25
8 23 13
35 6 78
10 14 71
1 29 35
31 12 63
22 19 1
32 33 41
9 8 71
22 37 74
26 12 18
39 25 66
28 26 57
12 30 98
15 34 89
20 11 18
25 36 20
5 36 43
14 31 47
32 35 71
8 14 44
33 31 3
24 33 56
37 10 61
35 19 37
23 39 42
36 7 76
40 28 34
1 6 60
20 40 2
41 33 93
1 1 12
21 22 39
1 18 20
4 27 54
7 30 96
10 41 21
8 8 47
30 25 69
16 35 3
21 21 84
23 38 18
2 18 5
33 40 34
2 30 79
8 25 21
39 3 81
40 12 53
6 7 89
37 29 47
30 3 25
16 12 80
2 25 24
26 35 38
39 10 69
20 21 22
4 17 78
38 36 61
40 11 73
36 17 68
17 28 30
21 30 52
16 14 24
16 13 36
6 1 61
30 14 46
32 5 41
6 7 62
26 20 19
7 37 64
7 41 75
7 8 52
31 17 47
1 24 12
34 5 2
20 2 29
18 19 68
17 13 48
10 11 44
25 33 84
16 25 83
16 12 90
16 24 44
7 1 65
6 31 36
4 18 78
39 1 6
9 29 93
35 5 32
38 29 33
24 26 79
2 30 87
4 35 36
16 13 53
30 6 10
24 19 22
4 1 75
19 37 34
32 34 40
16 1 73
36 20 23
25 21 41
37 2 89
33 2 95
6 39 47
15 32 33
23 13 57
18 26 64
6 14 28
17 29 23
2 35 52
7 22 67
32 12 7
39 38 47
32 22 8
18 17 16
20 6 8
33 12 45
16 8 58
25 5 34
34 13 34
16 13 98
4 19 67
14 29 18
2 19 43
25 25 70
33 21 65
20 19 0
20 24 57
8 26 43
24 22 8
36 5 53
37 35 50
16 4 47
39 37 67
8 12 98
20 3 17
13 33 24
41 40 21
21 19 27
10 41 38
6 10 80
28 20 11
5 15 59
31 28 62
27 33 10
2 29 82
20 11 49
20 30 94
19 15 1
41 23 94
14 33 60
13 27 64
18 35 52
6 2 20
2 13 65
1 18 90
4 4 56
39 1 36
25 24 5
26 5 80
29 36 45
18 25 63
24 31 57
41 7 33
17 35 89
11 22 46
13 21 72
3 24 34
36 9 93
4 4 59
35 11 87
28 7 44
5 38 41
39 7 62
24 15 17
36 26 41
18 37 83
40 19 84
16 34 2
33 7 62
29 25 50
18 30 69
10 17 35
8 26 45
18 34 62
24 24 30
34 19 6
25 36 82
15 35 54
36 21 5
6 11 69
35 17 9
20 30 26
13 34 78
13 26 63
32 26 30
26 2 12
31 27 47
13 3 86
35 9 20
13 39 9
3 30 38
6 29 83
10 33 64
12 15 18
2 3 76
10 35 4
31 18 35
36 41 83
6 24 91
8 33 47
21 28 3
9 3 29
17 1 18
10 15 76
39 28 50
1 4 54
17 17 96
29 2 99
9 2 98
17 20 96
32 3 86
36 6 28
23 30 10
32 9 88
34 23 84
32 40 79
8 1 17
40 1 2
13 31 73
19 38 56
12 24 44
6 10 10
12 37 37
13 16 37
18 38 85
8 30 13
27 30 57
21 13 80
5 29 29
16 32 42
33 18 40
34 16 77
38 7 31
29 36 20
20 24 63
19 32 52
24 4 93
5 33 22
36 31 21
6 38 73
5 11 85
32 10 0
13 3 23
11 3 19
9 24 41
27 5 43
13 26 71
24 17 37
21 35 91
16 9 83
31 2 8
6 34 51
20 8 19
6 28 94
13 25 40
34 35 44
31 30 65
35 32 15
37 35 43
15 18 7
29 21 5
7 28 9
36 37 24
1 7 12
30 8 77
37 11 40
9 11 4
5 19 81
30 4 35
37 17 21
17 39 23
40 36 39
15 4 62
19 36 79
25 7 99
16 5 84
19 41 54
37 2 20
35 17 88
9 2 97
12 8 68
36 4 17
35 25 23
40 7 92
5 18 2
17 6 23
40 39 42
16 28 77
16 23 33
33 35 3
14 19 6
21 7 52
18 10 39
5 41 43
1 14 96
22 10 1
39 38 93
22 22 48
4 29 27
25 39 36
24 30 84
33 32 72
26 13 22
17 26 84
36 6 17
1 33 28
7 9 22
39 21 59
36 15 98
4 21 64
7 34 37
3 16 43
21 35 86
17 12 6
14 7 69
25 3 51
15 24 100
9 37 25
10 41 43
9 12 83
18 37 87
4 35 46
41 35 49
9 24 79
9 31 2
40 36 18
25 27 62
37 4 18
39 7 50
13 1 39
24 14 0
18 19 39
37 1 89
21 1 59
18 7 48
4 38 68
16 10 9
22 40 37
2 18 40
15 30 90
9 17 18
23 31 28
30 9 84
17 20 90
16 6 2
1 17 93
37 11 79
37 15 51
2 34 59
7 19 93
12 35 51
35 5 89
32 13 97
13 10 0
17 23 8
17 41 57
2 9 61
6 10 24
27 10 91
25 31 65
14 16 42
3 7 50
4 14 74
12 37 65
2 33 48
41 25 29
33 36 39
1 15 30
19 12 67
24 36 83
28 9 29
24 18 17
13 12 53
15 38 86
29 23 48
18 31 77
22 7 96
29 8 57
8 10 71
34 24 69
24 8 76
4 31 81
22 25 83
10 23 96
6 25 0
22 6 12
19 17 52
28 38 56
3 11 78
38 37 64
40 1 6
1 25 67
6 29 83
22 22 55
41 27 82
38 37 40
39 35 3
22 15 98
1 33 40
23 25 87
20 15 91
10 26 30
41 10 0
13 20 89
41 23 38
18 39 19
39 10 8
6 6 68
34 23 64
20 21 16
32 6 45
22 38 29
38 28 90
7 40 7
23 17 64
31 39 84
4 26 8
16 7 18
24 20 83
11 3 46
17 35 10
11 19 52
41 18 93
16 23 80
29 34 4
22 29 69
25 40 39
14 33 41
3 34 43
24 16 39
22 14 4
22 7 29
27 29 50
6 39 34
14 22 97
33 39 50
12 7 2
14 25 29
41 10 1
22 39 56
21 26 25
19 8 31
8 34 84
10 15 12
25 5 85
30 27 57
8 15 24
3 23 6
41 19 100
39 23 41
24 5 35
41 16 100
14 16 10
39 14 21
36 19 89
35 38 83
26 8 62
35 15 43
8 31 46
23 26 98
23 10 100
37 6 94
41 35 95
5 24 25
3 27 84
16 3 39
23 11 95
41 5 49
7 18 73
21 20 28
7 41 21
17 2 60
7 14 19
28 9 98
39 37 52
15 21 47
32 9 93
18 28 78
17 26 5
15 25 97
3 10 26
37 4 96
33 38 77
15 40 91
8 26 27
20 33 16
21 23 93
18 21 84
39 31 28
13 11 70
40 12 85
34 6 91
1 23 50
23 18 68
12 32 77
35 13 20
23 28 3
27 35 78
37 38 1
18 18 36
33 2 69
4 1 43
16 21 20
22 27 25
28 12 4
9 27 53
21 29 99
20 28 16
4 27 90
9 9 82
19 17 56
5 14 62
15 12 6
15 7 83
39 32 8
23 6 96
16 31 3
8 39 96
19 28 61
3 23 15
38 9 99
32 10 82
6 22 20
22 30 53
30 3 19
34 15 29
17 22 29
29 32 36
34 20 91
4 28 71
4 13 61
16 24 63
15 6 7
2 20 14
15 10 8
20 22 24
11 28 60
7 26 72
11 18 55
9 39 51
35 37 95
9 35 43
30 35 29
11 35 87
30 4 33
1 30 96
9 33 61
13 19 92
15 12 79
5 30 32
1 16 7
24 31 40
10 37 88
5 9 47
33 12 99
6 24 67
21 1 75
12 15 9
28 24 36
2 14 70
17 32 94
15 24 32
15 18 47
27 19 82
6 9 100
1 39 98
18 10 53
33 34 55
20 18 87
28 13 70
23 39 35
19 3 37
38 16 77
38 16 2
34 8 90
3 10 33
35 9 66
2 14 13
13 18 3
3 27 57
30 9 86
4 34 13
5 27 3
27 11 42
33 29 29
7 8 76
1 3 51
13 22 69
29 20 32
31 9 7
22 15 91
24 14 98
28 21 36
27 5 60
12 24 67
31 6 48
19 6 51
20 14 62
30 1 80
36 7 42
8 2 4
35 2 0
30 38 36
5 18 11
31 17 46
1 1 64
24 26 8
10 25 40
12 17 37
6 4 7
13 13 32
36 26 72
4 34 55
29 36 40
20 2 78
36 28 37
39 10 80
35 9 15
37 8 91
34 5 46
14 19 50
14 41 84
28 14 91
20 1 71
34 30 8
29 19 43
40 13 60
33 38 16
33 9 65
27 15 90
40 25 72
41 26 38
26 28 53
35 6 56
41 32 36
13 11 61
13 7 60
21 11 95
1 16 65
34 38 19
15 23 48
22 28 35
33 17 81
18 22 19
9 35 10
13 11 27
21 24 19
32 2 63
11 30 13
2 18 54
15 29 14
26 25 36
39 34 32
15 6 63
39 2 47
9 27 15
35 27 73
28 14 62
40 18 0
24 12 47
25 4 38
23 26 79
29 24 70
14 31 20
13 4 94
35 2 69
25 31 99
13 15 24
9 30 20
25 40 27
15 31 46
13 5 65
10 28 71
38 15 45
32 38 11
5 30 81
36 18 72
1 9 5
9 35 72
29 36 88
30 2 28
29 5 18
15 19 100
31 38 29
28 16 30
20 17 33
18 39 73
31 16 37
24 24 62
16 1 82
10 1 94
21 38 97
22 35 64
37 21 40
5 1 74
41 21 94
5 32 8
41 11 9
30 33 70
20 13 93
26 2 76
34 12 58
1 38 45
23 7 43
40 38 48
23 41 74
29 13 22
37 31 43
38 3 54
30 34 16
19 38 38
37 6 2
26 29 39
30 22 72
34 2 9
18 31 69
8 33 38
25 36 48
17 24 94
15 16 16
29 2 78
41 19 60
11 20 77
25 30 27
8 38 28
9 11 100
2 20 40
37 14 91
8 32 97
20 18 88
19 26 76
14 14 9
13 41 19
39 30 47
27 10 67
33 36 98
14 24 93
9 2 47
21 12 44
16 14 92
14 26 69
4 38 18
30 16 79
23 11 29
21 34 83
4 4 21
24 34 87
41 19 46
34 24 98
35 39 25
15 21 39
31 30 10
30 26 94
15 3 42
38 15 23
26 33 0
14 6 16
34 37 97
6 3 83
38 7 68
4 34 82
23 9 53
37 31 28
24 19 68
24 14 89
1 4 17
4 41 19
28 3 49
3 5 88
7 19 81
23 37 38
35 19 16
7 18 22
22 12 83
8 16 13
30 3 12
15 9 16
31 9 8
18 39 59
39 5 6
17 10 95
27 15 46
41 10 50
41 19 55
40 5 52
29 37 62
23 25 37
35 19 82
34 32 6
30 13 84
28 18 75
33 12 9
28 11 4
17 13 93
3 17 20
41 12 13
13 30 67
14 23 59
15 19 21
10 23 97
24 5 86
8 35 78
29 16 1
8 11 4
20 5 13
9 17 95
31 21 17
14 38 25
18 13 16
29 20 17
5 12 38
37 19 46
17 3 59
30 9 55
7 15 72
23 24 58
24 16 67
35 25 44
41 13 54
13 8 35
21 17 71
32 10 29
27 29 46
8 21 27
4 5 28
12 25 34
38 28 30
22 9 44
2 27 84
19 24 22
28 41 100
36 1 12
11 11 10
25 16 32
9 12 62
40 4 49
21 33 41
5 30 54
2 38 24
9 24 68
12 7 81
38 21 68
15 21 14
26 40 13
34 13 69
41 35 63
41 20 61
13 2 8
23 20 22
4 15 100
20 39 45
23 30 28
16 3 81
23 8 15
32 22 85
24 5 59
35 41 34
19 41 44
18 12 15
12 14 7
32 24 13
11 41 25
22 38 86
17 6 48
9 19 57
10 32 25
35 17 81
15 21 42
20 37 96
38 16 75
14 11 27
3 11 64
36 21 27
19 40 22
34 1 66
3 34 7
12 3 45
28 1 41
31 7 79
22 30 70
29 25 72
12 39 32
31 6 12
37 40 29
22 8 100
16 22 36
20 2 36
17 32 69
32 9 27
8 18 27
19 36 18
20 16 4
8 33 76
33 37 48
23 25 24
3 24 29
18 29 88
18 15 28
30 32 52
9 13 79
32 12 65
6 18 84
28 30 76
22 27 68
17 27 94
13 26 80
4 2 49
9 38 80
38 16 56
11 31 28
39 2 96
34 21 82
28 4 41
32 30 32
38 36 92
9 1 9
2 21 87
16 20 3
35 40 4
41 27 46
2 27 29
32 1 28
35 28 65
20 36 87
20 21 35
20 33 34
24 18 62
16 36 61
30 5 39
2 2 3
24 32 2
40 17 54
33 9 31
1 31 22
31 1 77
5 36 58
20 26 39
22 16 80
32 22 7
13 33 32
22 6 13
21 19 25
12 31 91
11 8 62
37 15 23
17 26 78
27 15 50
2 8 39
7 11 99
19 2 39
28 20 51
20 15 9
6 38 85
20 37 30
17 35 62
35 39 58
19 34 1
37 19 94
28 32 57
16 24 22
29 41 15
17 11 98
17 39 93
32 1 66
2 11 73
22 41 48
40 12 96
7 22 40
41 3 41
8 6 99
16 9 63
28 32 20
18 5 75
18 34 99
27 38 50
12 22 3
29 3 84
24 8 40
41 2 91
24 2 93
7 41 84
10 4 82
23 13 95
1 39 2
35 8 56
29 11 55
36 10 100
7 22 73
20 30 30
41 41 98
4 2 75
18 9 71
34 32 92
18 5 51
35 7 13
13 21 14
4 21 61
21 29 30
20 13 56
1 28 46
8 9 0
15 37 55
15 22 23
31 34 48
22 41 43
13 36 77
8 10 66
27 10 77
9 38 59
7 19 76
19 28 45
25 12 44
17 28 90
5 11 83
26 28 13
23 40 95
15 13 29
29 17 66
39 18 52
11 8 37
21 4 22
37 36 84
12 28 88
12 7 39
17 1 13
22 9 90
34 24 92
2 18 99
26 14 66
19 9 52
4 13 38
34 32 34
25 1 35
6 32 3
6 33 79
8 27 73
14 16 68
29 41 55
8 15 41
26 41 27
16 33 53
24 5 32
2 13 83
26 34 71
15 28 56
13 4 9
35 14 41
40 14 85
5 31 7
35 31 61
12 36 76
3 10 10
2 29 24
2 36 52
38 3 76
5 35 37
23 18 97
25 31 32
35 23 84
40 24 21
15 23 51
29 28 12
14 1 82
26 32 90
5 41 85
25 37 40
5 1 1
30 25 5
36 29 42
17 36 90
7 41 86
32 18 79
40 32 43
32 18 45
8 7 0
29 33 50
22 31 20
30 38 40
36 22 72
1 22 94
38 28 15
22 29 82
19 27 9
26 26 0
10 7 28
7 4 68
36 29 27
18 26 52
9 35 27
4 21 82
33 32 83
31 39 87
5 14 74
13 4 22
17 30 83
17 3 24
40 16 10
38 22 99
26 39 48
10 34 4
34 13 5
21 21 3
34 35 16
5 4 30
24 41 75
6 10 40
31 33 32
25 23 62
23 41 13
3 36 71
40 2 54
14 16 74
37 33 100
5 33 6
3 30 74
9 4 71
30 4 69
8 39 60
8 2 39
9 33 45
6 11 61
38 37 35
1 6 10
30 29 100
31 12 91
5 14 9
12 9 96
41 22 78
28 40 92
9 41 52
39 8 54
33 4 83
17 20 41
14 10 82
4 27 58
41 22 60
29 31 66
27 37 31
3 1 43
30 26 87
3 41 63
35 41 7
10 7 98
20 10 0
22 24 24
41 29 52
26 32 75
6 1 32
33 36 30
14 9 22
7 24 16
31 25 57
39 34 26
24 33 75
15 35 24
34 11 67
12 16 50
31 41 12
24 32 33
6 19 13
5 12 28
26 28 13
13 41 43
23 38 2
17 13 81
22 32 75
4 6 44
9 10 18
22 21 1
33 17 21
39 38 30
2 31 8
35 26 90
11 3 75
15 29 68
36 37 78
24 1 76
24 1 76
24 10 99
37 21 50
13 36 38
5 41 9
11 33 68
32 11 3
3 32 19
2 32 74
2 14 14
26 7 97
31 40 97
23 25 86
26 9 64
19 25 23
21 16 43
14 4 34
37 21 17
34 21 81
10 36 98
39 5 97
7 2 14
37 25 36
9 35 40
23 14 4
26 33 24
11 36 9
30 9 13
15 31 7
34 41 89
35 23 34
6 35 61
13 25 74
14 14 16
6 16 39
27 12 66
12 28 44
7 9 16
16 38 78
31 22 7
34 38 95
35 14 1
17 11 0
11 34 71
29 19 99
19 37 17
20 7 25
15 4 76
23 31 3
37 22 64
4 31 84
34 1 12
30 24 25
35 8 18
27 2 18
27 21 9
18 34 60
32 11 91
28 6 78
27 19 45
35 22 55
30 35 43
25 38 27
29 15 3
26 9 82
12 2 82
27 5 68
35 10 31
36 2 11
30 14 88
4 28 49
4 27 29
37 37 87
36 35 42
1 21 89
2 4 9
3 29 33
35 26 79
25 35 64
22 31 88
18 12 51
15 30 52
38 12 28
30 25 92
11 33 3
34 13 12
16 37 48
24 14 6
17 24 60
24 9 23
9 38 99
23 19 95
14 29 85
38 26 69
11 6 39
41 21 53
40 35 72
31 6 28
14 40 56
18 30 99
6 5 61
4 31 16
32 27 62
40 33 91
32 40 93
33 4 22
41 6 75
14 12 42
13 12 86
10 32 92
6 30 11
8 17 62
9 19 46
15 18 35
3 17 85
2 13 45
11 34 36
3 10 60
18 19 85
24 16 100
4 37 62
26 31 53
20 30 63
23 28 64
3 16 72
41 10 65
33 32 80
6 39 75
35 19 58
41 4 78
10 34 72
25 26 75
29 14 4
20 1 48
30 34 40
8 36 72
23 40 39
29 26 64
19 22 73
23 15 96
37 1 67
32 11 57
10 16 64
36 32 0
6 1 97
37 33 47
16 6 76
19 30 30
27 37 95
30 33 34
22 39 63
4 32 28
19 27 16
39 12 42
28 14 59
33 1 53
6 23 11
7 1 86
5 38 85
22 38 57
31 6 93
11 9 29
25 14 39
3 32 15
13 18 20
18 28 31
24 7 82
11 32 21
32 13 45
3 8 20
9 13 100
4 26 91
41 22 0
12 17 33
2 35 46
16 6 25
19 35 48
38 31 6
38 8 73
11 14 47
26 30 12
4 34 13
32 25 96
13 34 100
5 13 61
4 20 84
30 29 81
21 30 55
16 41 8
16 37 44
40 3 16
39 12 6
6 3 67
30 21 67
29 32 32
6 32 18
4 19 49
25 14 25
18 26 62
25 26 58
20 41 17
39 35 77
30 12 74
21 32 44
25 11 25
15 8 38
19 25 9
38 20 79
18 36 87
14 40 12
35 41 1
12 20 44
27 10 89
32 6 86
28 23 71
13 39 95
5 35 20
41 11 7
3 41 21
40 19 61
15 13 85
14 11 11
1 5 65
19 25 52
24 19 10
23 34 60
4 9 75
30 10 28
16 32 98
38 26 97
30 3 33
19 30 70
12 23 54
29 37 54
2 19 13
14 38 69
18 21 96
10 1 46
16 23 30
40 17 24
13 6 36
2 36 51
17 29 36
41 19 12
19 32 86
20 26 47
6 37 55
41 29 61
4 38 12
4 35 72
36 24 75
24 10 54
21 39 74
15 4 16
35 23 44
19 1 41
25 25 93
33 30 57
14 14 43
11 25 36
34 5 34
20 6 20
12 13 24
35 18 17
12 7 38
12 39 1
37 3 40
13 23 73
41 15 76
37 33 91
24 5 14
15 6 46
18 32 63
34 28 87
5 5 6
14 17 91
4 38 29
7 7 0
19 30 89
3 34 19
5 29 42
9 28 72
40 1 39
34 22 14
36 9 26
22 33 44
37 7 99
30 15 42
31 39 22
22 22 91
9 26 68
33 9 77
12 22 93
23 22 79
15 8 40
29 13 31
5 22 44
1 34 6
27 21 77
7 23 57
21 32 49
41 41 61
27 4 91
10 23 47
4 37 68
19 16 69
21 31 90
39 14 60
31 28 11
41 27 57
13 1 92
2 8 60
35 40 1
29 19 33
30 4 12
9 6 18
17 7 2
26 15 40
20 13 96
13 4 46
24 38 47
30 16 76
26 8 28
40 13 29
37 16 71
29 19 60
24 16 62
28 41 10
36 39 37
28 27 86
13 17 46
29 8 20
3 20 8
38 25 4
6 33 16
4 8 51
25 34 93
27 28 29
12 37 18
39 10 50
1 12 86
13 1 35
30 31 57
15 31 43
17 1 75
14 10 13
10 32 95
15 13 37
31 32 82
4 10 6
35 31 30
24 12 59
29 3 52
14 6 12
25 35 54
40 1 21
4 16 30
24 24 64
39 25 49
14 13 26
11 14 69
23 32 88
20 26 76
36 5 57
17 5 64
29 5 29
21 40 76
29 10 3
14 35 19
5 5 84
16 19 73
4 36 33
28 15 71
29 7 63
9 35 58
8 27 99
20 33 34
14 10 6
10 9 87
41 26 35
14 31 54
5 18 2
5 28 26
12 28 13
30 2 65
11 17 82
15 7 30
23 15 23
23 22 97
5 24 95
35 21 36
2 10 19
16 5 80
14 36 99
19 6 91
26 17 54
5 3 38
6 21 99
1 33 79
9 18 68
26 17 68
19 39 29
30 3 89
30 40 29
32 36 50
38 3 73
25 8 43
23 9 28
9 34 40
16 41 34
2 35 93
35 3 75
15 29 23
24 20 46
12 32 30
19 28 57
9 22 48
15 26 45
9 16 92
6 10 51
10 8 60
18 8 66
4 29 33
41 35 0
41 15 2
6 34 31
8 9 21
2 20 97
21 25 68
31 12 32
38 39 62
5 12 30
35 41 98
11 9 46
21 5 50
29 7 1
27 4 70
37 27 7
5 24 34
13 33 3
13 6 43
25 12 57
28 9 15
34 3 12
31 2 10
3 16 12
11 8 18
21 10 60
36 14 7
19 40 52
25 19 22
25 19 67
13 3 74
36 4 100
36 29 29
8 17 51
10 26 55
27 33 36
9 12 98
11 8 64
29 32 5
27 22 11
12 20 90
8 35 95
17 7 5
3 28 98
1 25 95
21 38 60
38 24 42
35 37 18
17 33 36
7 41 65
41 17 83
25 7 62
31 5 62
34 16 100
11 1 48
34 28 35
35 20 92
4 3 14
12 12 84
13 14 31
6 2 62
20 29 78
13 6 56
37 2 23
32 2 90
22 11 24
35 7 47
36 11 96
31 41 51
20 31 30
21 22 14
31 31 73
4 41 50
22 35 88
29 25 30
14 40 29
26 12 11
8 26 58
17 12 40
6 34 62
20 24 23
25 21 25
39 35 86
17 40 75
22 22 40
35 8 85
16 29 84
37 19 5
29 28 79
12 18 29
6 14 60
26 19 96
25 19 100
36 22 36
38 31 90
12 32 76
31 6 53
27 39 40
2 29 77
14 38 22
25 7 15
2 31 66
24 24 75
27 2 11
10 20 61
26 28 55
6 41 47
23 16 71
40 27 39
17 23 98
11 19 4
14 17 5
32 25 53
41 6 67
17 13 72
20 12 49
39 28 59
41 1 8
15 40 77
38 10 73
17 11 34
18 13 37
4 21 56
3 32 39
34 32 76
17 19 39
9 25 19
39 3 0
6 19 39
4 6 93
24 26 29
41 29 64
13 35 26
12 11 35
12 19 80
26 40 81
19 16 66
9 13 63
7 7 72
4 1 33
29 35 71
14 37 22
36 28 37
8 28 21
2 21 54
21 37 42
7 6 46
34 39 75
23 38 29
17 35 11
8 23 5
14 7 43
18 8 39
9 9 89
37 36 33
11 23 41
37 32 83
16 33 30
17 27 56
1 28 50
29 14 42
6 25 43
30 34 83
13 36 0
39 12 19
29 25 0
33 25 37
29 25 90
19 26 32
18 17 98
9 1 60
13 31 11
29 30 48
32 27 24
36 36 5
31 28 92
22 37 35
6 38 74
20 13 3
33 4 73
22 37 64
16 1 24
29 1 57
8 33 81
5 35 1
28 18 55
8 27 89
32 31 61
38 37 65
25 34 99
2 10 74
33 18 84
24 4 32
1 13 26
10 35 0
6 38 45
13 39 32
32 26 15
2 9 69
22 25 8
30 25 58
29 11 66
33 20 3
20 9 82
39 35 68
4 35 38
9 10 41
6 20 4
33 13 80
29 18 56
5 16 29
11 4 97
30 16 76
8 11 77
17 31 35
13 12 8
29 3 56
7 31 28
31 2 63
6 6 44
10 13 17
20 29 76
40 41 10
36 5 72
13 41 56
28 14 44
17 30 37
33 26 43
33 20 6
6 20 33
28 14 8
22 4 63
32 5 66
32 33 95
15 26 35
37 32 5
23 21 75
9 10 46
4 15 39
33 5 57
34 9 49
36 35 50
16 20 97
22 25 35
25 17 82
11 29 93
27 39 59
9 10 7
15 6 63
13 31 22
12 17 30
35 11 15
13 37 88
40 18 42
10 39 69
40 23 89
34 11 38
39 37 70
3 7 36
3 41 73
20 31 82
21 30 100
6 34 7
34 28 36
36 18 4
30 25 32
17 22 28
30 25 24
34 26 67
28 25 74
38 6 58
12 28 56
40 4 79
5 30 92
4 12 69
15 22 6
13 6 98
3 35 91
22 26 58
3 34 13
3 34 11
7 21 68
24 6 9
14 17 86
29 9 74
27 39 22
7 14 14
1 26 18
16 3 80
19 15 49
21 16 29
9 15 46
41 33 2
25 14 55
28 17 28
8 22 72
11 12 50
1 36 46
19 18 91
7 28 65
5 39 95
24 23 95
18 33 23
16 12 11
40 14 85
32 31 84
24 4 98
39 3 64
24 2 42
6 25 86
35 29 80
33 30 24
31 14 13
2 34 19
16 30 54
40 26 45
6 23 27
28 2 84
16 35 80
7 6 52
30 23 56
30 9 96
24 9 37
36 11 6
29 37 10
12 26 39
12 26 50
7 14 69
3 35 3
15 18 25
3 24 75
13 25 35
1 32 59
25 25 24
27 37 20
6 2 45
1 13 56
39 29 1
28 31 23
39 26 94
33 28 35
6 11 88
10 35 83
1 4 93
10 14 11
24 5 48
20 31 59
4 31 71
22 36 49
30 19 44
30 19 57
32 1 90
39 33 22
1 5 93
27 1 72
10 22 30
23 21 55
20 17 83
27 33 63
39 12 84
11 31 97
35 34 76
30 14 68
9 37 26
9 10 11
41 6 25
32 12 1
29 4 85
26 13 59
26 24 90
31 28 76
22 40 12
2 38 0
32 20 1
4 24 41
2 26 31
9 37 72
34 19 50
29 34 57
1 16 19
35 36 93
5 32 61
15 17 5
16 5 38
21 34 8
20 35 98
24 33 31
36 12 28
7 14 81
9 30 13
15 6 73
18 3 33
31 4 83
35 6 28
2 6 99
38 32 13
23 4 57
24 19 6
15 8 83
21 23 67
29 24 38
24 21 63
29 38 74
9 2 72
39 30 59
34 17 28
22 10 43
37 24 7
11 26 89
1 23 38
35 28 21
40 35 31
11 39 64
29 20 41
28 14 48
31 14 11
12 26 20
4 14 33
30 5 4
34 35 43
33 8 38
22 7 55
26 27 0
12 38 90
13 17 45
6 8 31
23 20 34
16 9 53
40 35 51
32 30 20
7 5 43
7 25 36
24 16 12
20 28 6
38 2 25
1 4 56
36 16 37
7 18 62
20 2 91
12 26 49
36 21 82
35 30 45
31 5 63
6 12 29
2 6 17
40 39 35
14 9 72
35 26 34
23 7 41
25 27 96
2 3 69
25 35 49
14 9 78
25 26 26
22 8 81
33 25 85
27 28 91
30 15 54
37 39 80
22 40 85
25 28 1
23 2 66
10 40 27
19 19 42
41 35 80
31 22 77
12 9 28
19 26 83
31 12 61
31 19 95
26 39 99
26 2 41
17 1 100
12 41 27
11 1 33
30 24 21
28 12 63
37 18 40
10 13 26
34 37 36
39 13 32
27 41 52
38 16 91
7 8 54
13 26 51
28 16 39
36 17 59
41 13 6
12 15 57
2 29 87
27 9 81
11 24 30
28 20 66
22 14 87
37 38 41
18 10 45
41 5 12
27 23 100
10 9 68
19 18 100
8 3 57
24 30 12
16 34 98
4 25 26
5 3 14
26 39 59
11 14 20
32 17 95
28 36 59
6 5 96
26 9 27
3 5 55
22 38 28
28 30 37
12 14 26
37 2 0
36 39 13
1 6 4
9 34 100
26 35 2
29 15 4
32 38 38
19 2 21
17 13 97
26 35 56
33 21 71
30 19 58
12 9 13
5 10 60
14 18 71
30 14 19
16 22 90
18 24 57
33 36 98
41 13 32
19 22 4
7 3 25
20 36 35
25 4 54
17 6 22
33 3 17
36 1 90
39 35 54
5 10 38
31 33 43
40 13 57
24 34 19
28 34 61
36 36 18
4 1 25
38 31 78
4 21 76
10 1 21
40 15 40
38 9 24
30 9 71
40 4 33
5 11 54
23 20 13
19 24 21
9 11 49
30 40 57
8 20 47
3 10 69
15 35 92
22 37 26
17 39 61
12 28 35
24 33 61
34 27 72
9 16 1
24 41 58
36 34 0
34 5 53
38 21 48
31 11 38
17 29 66
25 16 91
33 10 4
34 9 42
30 11 23
13 18 1
3 14 84
23 2 90
5 6 23
1 40 42
30 28 53
40 4 24
16 8 10
32 10 15
21 6 7
22 25 52
23 7 82
23 6 96
25 7 4
34 5 85
21 4 93
4 11 72
16 41 54
33 13 34
12 24 74
39 35 4
41 18 71
12 38 39
38 28 23
15 9 65
23 32 17
39 7 18
29 13 63
21 30 83
16 26 4
4 6 84
22 9 88
10 12 29
23 25 21
34 34 64
19 41 51
24 17 15
23 15 7
34 24 10
28 36 54
27 40 80
39 39 4
16 21 96
34 37 38
19 41 93
19 17 34
15 1 17
2 33 95
32 32 0
16 26 0
39 12 75
6 6 43
18 27 88
36 20 5
18 26 87
2 41 52
17 1 47
4 22 32
37 41 47
12 14 77
20 10 52
15 25 30
28 36 58
3 1 71
21 34 98
1 13 9
20 27 76
13 12 73
29 37 51
3 14 29
39 40 67
33 22 81
9 36 18
22 30 31
41 24 51
3 13 74
34 32 27
32 36 67
37 2 81
31 23 33
1 25 76
30 33 99
16 38 90
34 27 76
11 37 0
32 37 93
37 25 3
23 32 2
19 8 67
2 3 29
40 31 3
6 14 27
2 41 86
9 14 84
12 36 69
27 8 34
33 28 92
34 6 81
31 36 62
24 7 84
31 14 60
40 31 97
39 17 12
36 13 57
20 10 46
7 25 82
26 5 25
29 11 21
38 35 47
2 31 23
4 22 21
3 12 46
13 15 56
17 15 64
18 2 67
39 32 4
27 2 37
29 4 55
21 3 75
34 29 44
24 7 39
9 38 5
31 20 71
26 37 9
27 6 42
41 23 55
2 36 56
14 18 41
39 38 93
8 23 81
23 15 14
2 11 4
16 12 76
40 33 29
14 32 49
5 40 4
3 12 23
1 6 10
30 17 31
25 23 90
35 31 70
12 36 13
41 6 18
5 40 72
9 1 95
11 38 23
6 3 55
1 24 89
11 8 16
24 23 57
2 3 70
20 8 99
18 16 20
28 1 26
2 10 43
23 23 95
23 2 50
10 25 22
21 38 89
31 26 56
31 39 78
1 34 71
24 21 87
16 26 83
26 38 50
34 33 85
27 28 62
38 3 93
8 4 57
21 4 38
37 33 93
39 38 65
19 5 83
4 24 34
10 32 84
24 38 52
16 39 41
35 38 21
12 36 59
16 26 14
39 4 75
18 36 99
9 15 40
7 17 37
10 5 16
31 24 17
33 6 22
4 32 34
33 6 6
40 18 55
29 11 70
9 37 45
8 24 18
1 4 25
7 7 86
9 34 93
34 2 54
12 3 58
14 24 19
33 33 47
25 27 99
15 25 50
1 24 37
16 2 8
21 30 47
22 34 76
31 25 63
35 24 27
24 39 38
20 27 14
12 35 42
15 38 94
1 6 70
11 29 22
30 20 19
30 6 84
33 23 76
41 7 72
10 11 15
32 40 51
11 4 82
33 20 8
6 20 37
27 23 77
12 2 80
28 13 33
16 31 79
41 33 35
26 5 81
4 5 87
33 26 72
17 5 39
27 33 46
23 8 95
4 5 4
38 26 60
23 22 91
6 7 13
3 1 33
39 24 42
23 5 26
12 11 72
14 37 25
5 38 66
2 16 80
4 33 9
8 32 25
7 37 14
22 29 93
11 27 43
31 28 39
24 22 49
30 26 15
34 34 30
31 16 60
26 5 20
4 38 25
8 11 97
39 9 93
2 41 39
2 11 45
2 17 45
17 32 53
22 26 98
12 13 39
12 26 83
17 33 39
39 9 33
1 25 12
1 27 12
2 31 4
20 34 41
9 2 40
5 28 79
12 19 86
27 21 98
38 19 2
39 39 77
10 12 57
24 39 54
16 24 7
29 11 52
39 23 18
35 33 6
29 26 15
25 6 56
38 2 38
17 12 47
34 9 11
23 22 31
16 41 6
28 12 56
17 9 79
38 25 46
20 29 79
6 27 99
40 35 68
4 1 93
16 41 94
9 18 22
4 6 84
34 2 29
3 31 20
32 15 72
22 27 10
24 27 35
29 21 61
40 3 80
36 29 57
37 2 84
16 36 99
10 9 83
37 1 4
27 23 82
25 1 86
12 1 78
24 6 63
12 25 8
20 33 7
33 40 28
29 13 93
23 24 71
34 1 64
41 1 68
14 14 35
22 14 43
12 38 48
13 11 72
34 38 64
31 35 63
29 4 29
40 30 94
33 22 43
27 22 6
40 11 57
31 20 82
22 11 61
4 33 52
35 20 46
37 16 32
20 3 82
41 3 29
5 5 14
23 13 29
9 30 15
34 15 80
31 8 80
3 20 95
24 15 8
21 3 2
31 11 35
13 14 39
3 39 15
30 28 57
5 32 61
2 40 81
34 28 91
30 16 29
2 26 44
11 7 98
20 1 5
10 38 0
9 21 16
29 25 93
3 10 0
6 1 78
1 31 23
40 27 21
14 24 13
34 24 58
28 15 92
6 31 100
28 6 37
14 3 48
38 17 53
3 24 77
1 14 15
3 37 57
25 13 50
26 15 66
31 24 72
17 36 40
20 12 22
5 28 54
14 14 23
14 37 51
36 11 54
30 16 30
9 37 37
14 25 34
38 36 30
14 33 8
9 17 15
37 12 73
40 28 30
18 19 41
23 38 39
20 36 64
39 40 61
26 22 42
6 30 84
28 8 93
37 27 7
14 35 54
25 7 0
41 8 15
6 36 46
19 4 56
24 16 25
25 29 92
23 21 50
39 32 76
38 10 43
28 41 13
35 3 1
40 22 52
40 40 56
19 7 25
15 39 58
37 40 75
4 12 91
8 36 28
3 17 55
3 13 88
33 13 64
11 19 12
10 2 55
20 29 38
34 14 7
12 5 78
37 40 45
25 1 96
10 8 84
15 32 12
36 15 63
41 37 95
36 41 74
6 24 47
8 18 7
22 23 54
32 11 11
36 26 20
9 41 45
11 35 87
34 40 86
19 41 2
22 40 39
12 27 10
24 35 47
37 10 67
23 37 42
10 35 1
18 32 85
9 8 20
24 31 49
4 23 72
28 35 64
8 6 17
20 3 84
25 25 57
8 17 27
34 14 19
23 2 82
16 8 38
39 37 19
13 9 85
27 1 82
21 21 46
15 7 76
35 24 97
15 31 33
12 18 4
1 12 87
24 34 50
18 41 5
13 26 36
39 21 29
20 38 77
27 28 32
7 38 10
31 11 24
12 29 77
5 25 38
14 27 24
22 41 77
11 27 59
18 10 24
8 4 46
32 41 75
31 20 47
16 9 17
38 19 49
36 8 92
31 27 76
40 30 12
4 14 25
31 3 93
32 10 95
3 27 48
7 31 59
10 34 48
13 21 56
37 11 3
33 36 98
14 27 7
29 35 46
9 31 10
5 5 37
27 29 76
39 22 96
30 6 14
11 22 33
10 39 14
39 39 70
19 6 32
29 18 82
2 6 40
11 17 32
28 37 77
12 5 51
28 27 2
14 36 27
33 40 62
39 22 42
37 38 60
12 34 28
29 35 9
21 39 14
4 17 1
31 19 38
24 34 3
7 6 13
2 31 50
27 35 58
2 6 81
14 30 72
14 17 76
19 22 42
31 20 46
8 11 84
6 25 98
24 3 6
34 22 49
39 33 63
34 2 37
41 8 76
27 3 70
28 28 42
36 3 73
5 27 65
9 25 87
18 27 76
21 24 96
22 3 47
34 35 35
25 40 41
3 36 67
8 6 41
30 20 78
2 30 65
25 40 37
40 10 26
16 26 46
23 29 12
28 17 63
4 3 73
38 16 10
11 23 17
6 22 39
17 41 34
22 20 7
15 41 40
17 15 37
27 15 47
15 15 34
8 12 84
16 1 6
14 21 37
21 19 54
24 15 98
13 14 90
31 30 23
39 38 14
36 14 63
40 19 49
11 7 60
30 16 58
8 38 27
4 24 14
28 21 74
21 1 58
31 23 38
38 8 90
39 33 86
15 25 32
13 34 89
12 36 90
33 32 11
29 29 19
5 26 77
22 37 91
12 33 81
6 2 99
36 7 54
12 11 6
37 36 41
13 14 99
26 29 83
36 33 33
26 34 12
20 38 44
21 37 68
40 1 27
7 40 12
31 9 5
38 21 3
14 35 5
27 24 82
40 5 65
17 19 57
18 27 75
24 16 70
38 1 19
14 22 95
34 38 40
41 10 55
5 37 78
12 19 99
18 36 50
40 28 20
18 25 20
24 37 45
35 10 70
7 29 7
18 17 27
16 24 43
17 32 90
24 25 6
1 19 5
22 2 49
15 27 24
12 33 73
34 23 60
23 6 99
31 40 43
11 37 75
16 26 87
4 10 44
21 7 50
7 1 95
12 24 93
13 28 65
19 34 92
5 34 64
14 17 68
5 41 0
5 17 68
6 16 87
40 6 55
9 36 27
38 30 88
35 20 91
6 15 5
18 1 67
39 10 59
13 38 2
18 39 12
38 1 6
14 19 40
22 5 45
13 41 51
32 18 71
37 12 80
19 1 3
16 41 77
26 18 64
40 24 14
3 1 93
26 2 67
40 13 81
37 33 13
19 23 44
22 14 90
18 21 62
13 1 78
6 18 80
23 14 39
4 16 20
28 11 47
9 40 50
37 17 93
31 39 87
39 19 64
28 2 47
34 40 52
27 15 39
14 15 88
14 36 17
17 39 81
37 9 18
13 1 81
1 24 51
20 20 63
39 11 39
29 30 97
7 34 4
33 16 29
24 22 61
7 39 38
24 40 89
8 6 41
15 8 61
22 38 72
20 26 39
33 41 9
23 39 35
39 12 17
38 17 30
34 8 3
35 20 21
21 21 47
32 22 26
25 17 80
17 35 13
1 30 61
29 11 57
16 11 19
12 2 11
4 4 29
2 18 70
32 31 66
5 34 27
22 15 4
37 31 6
11 30 2
9 3 49
2 19 67
2 19 89
16 16 9
5 28 17
11 32 32
32 18 23
30 15 84
8 2 85
1 28 48
20 37 52
16 6 15
1 36 47
9 33 65
13 23 17
36 27 64
27 6 72
28 22 31
9 19 10
21 12 63
24 15 72
40 32 83
8 5 25
31 31 49
26 32 84
34 30 3
22 28 39
8 30 7
33 21 62
40 20 79
21 38 83
34 31 64
16 25 93
11 13 77
27 38 85
5 6 67
36 22 85
23 16 34
31 7 97
34 34 53
19 31 2
22 3 9
38 18 22
33 17 79
17 6 39
30 36 44
27 8 31
35 29 56
18 21 42
12 6 60
26 38 12
29 30 44
25 24 52
38 23 53
19 28 97
30 33 66
41 3 7
31 19 77
8 4 70
20 11 57
21 33 25
17 20 35
27 41 39
34 39 75
40 35 67
33 22 10
7 4 33
29 16 9
13 10 42
23 33 3
20 3 46
4 24 92
16 38 17
33 1 68
23 27 50
30 17 76
33 24 28
40 41 51
34 12 53
16 22 47
28 37 4
23 21 89
36 38 57
1 38 86
28 6 72
17 25 13
33 4 54
5 21 78
38 5 87
28 17 57
27 19 71
31 31 71
11 12 98
20 29 80
31 19 26
16 36 94
2 40 69
5 32 44
27 27 92
25 13 1
36 16 95
8 27 19
3 1 51
2 12 22
13 32 84
8 12 82
17 8 2
4 33 95
24 39 7
9 31 49
8 14 50
22 25 39
25 35 31
33 9 68
25 15 80
41 25 6
36 4 76
10 6 29
21 24 20
29 28 76
2 32 76
41 22 1
33 38 14
9 23 14
16 17 36
28 22 87
28 14 82
41 16 13
15 15 99
34 2 51
35 4 28
37 26 68
33 41 76
28 8 79
24 3 27
5 18 53
28 15 6
25 23 53
31 6 6
41 10 27
25 38 47
26 37 75
26 18 81
34 28 65
1 2 98
14 9 42
11 36 35
33 40 84
7 40 32
22 1 84
38 18 56
5 41 33
7 28 81
25 29 9
34 38 38
14 5 59
29 26 73
10 23 3
35 12 34
28 26 60
14 24 56
23 30 0
14 33 27
18 24 88
12 24 43
25 14 1
5 12 32
32 13 72
6 14 44
22 18 32
6 35 58
30 16 77
3 9 93
5 13 33
23 11 92
11 32 93
17 18 81
28 37 53
40 41 88
17 32 53
18 30 40
31 29 83
18 1 63
3 33 5
9 2 61
3 30 28
6 9 41
32 37 87
13 15 18
14 19 45
6 21 99
37 40 92
40 16 43
3 28 55
16 37 88
30 38 0
16 4 82
34 28 29
31 34 60
16 39 54
17 4 3
2 15 11
16 41 14
34 40 51
23 18 69
21 1 0
38 2 20
10 6 21
34 6 58
12 41 38
30 3 17
18 13 5
19 33 22
31 13 50
15 33 80
5 11 32
12 38 25
21 10 49
18 39 90
17 13 86
32 39 59
36 5 97
1 32 82
24 4 98
40 33 64
7 2 74
4 17 20
1 38 2
2 37 3
24 15 20
27 39 45
11 3 53
17 31 47
32 28 29
23 25 97
41 29 70
4 6 75
15 8 23
6 26 92
26 14 84
2 21 8
34 26 27
9 9 19
7 13 94
35 2 28
25 26 31
4 13 85
36 12 34
24 1 35
23 32 8
28 20 12
13 35 52
2 27 58
26 20 16
17 20 78
1 37 2
25 41 24
31 18 12
13 7 52
9 15 49
5 36 47
16 11 55
39 40 60
29 12 7
7 3 86
39 26 72
1 1 93
7 11 56
1 37 86
6 7 17
7 16 18
34 6 43
18 4 13
38 14 48
37 19 0
29 4 23
6 33 35
33 3 92
3 7 98
33 25 17
18 28 3
22 32 89
4 27 1
31 41 89
18 31 54
9 30 29
32 22 71
4 24 64
35 14 30
32 33 18
25 34 23
40 22 52
15 14 78
5 34 34
32 13 18
39 36 38
35 24 84
16 16 68
16 38 49
18 18 43
6 6 56
4 14 71
20 14 5
23 27 100
1 25 57
15 3 23
1 25 85
30 19 63
34 35 46
5 27 16
27 2 73
16 25 69
15 3 94
10 25 16
8 22 15
8 9 8
27 20 64
2 3 34
6 20 34
2 24 70
12 19 91
13 22 39
16 35 88
25 11 82
16 1 86
41 8 79
13 17 70
9 39 49
32 21 55
18 38 93
20 13 84
7 40 73
24 14 13
14 13 40
3 1 44
4 8 83
20 40 21
40 4 71
24 13 6
30 30 35
7 17 91
27 3 13
12 30 8
2 22 59
41 39 22
5 19 65
29 20 74
13 3 31
34 39 80
16 40 97
39 17 28
24 27 43
7 5 15
19 16 12
33 23 13
8 36 65
29 5 90
22 5 29
31 34 6
25 13 27
17 29 67
4 8 67
21 22 72
36 25 93
39 35 65
32 35 53
18 24 15
6 16 57
4 16 94
28 5 1
16 2 16
33 31 23
16 9 25
35 28 6
18 2 37
7 15 39
5 35 57
6 18 52
27 13 62
41 3 85
18 13 72
14 39 56
9 41 4
36 31 38
15 14 16
17 20 76
29 4 84
18 10 88
30 14 35
24 40 49
12 9 57
10 27 41
14 34 38
36 40 55
34 9 56
12 7 60
5 1 93
8 33 7
25 30 92
34 3 17
35 8 61
19 11 26
38 5 81
33 36 64
26 15 33
20 17 44
22 37 35
2 35 47
27 40 16
37 23 41
15 4 29
14 31 2
15 25 85
33 30 19
20 21 4
23 6 44
16 13 6
21 15 59
33 19 95
34 28 94
31 32 93
13 34 18
7 12 89
6 12 45
13 7 38
36 41 69
6 16 44
14 19 37
20 7 56
4 7 71
4 31 31
31 16 95
11 37 12
16 41 46
21 27 76
12 39 58
34 18 23
28 36 93
2 14 13
40 21 1
26 11 71
23 29 40
16 8 89
25 28 29
38 36 41
21 4 65
33 31 55
30 14 80
16 18 0
3 40 88
21 16 57
19 3 85
40 41 59
11 14 40
24 35 11
15 15 72
9 31 88
34 34 64
16 13 4
8 11 98
30 22 90
39 5 83
40 22 83
41 30 49
26 13 38
26 7 62
10 25 95
22 15 57
38 22 32
33 15 40
21 18 25
7 25 2
12 12 44
34 27 4
20 14 18
13 18 15
31 3 40
1 1 42
29 6 76
36 5 100
7 14 14
21 26 85
1 22 95
10 35 19
19 2 59
10 35 36
32 30 70
34 34 40
2 12 61
40 38 43
31 28 73
6 19 21
40 12 7
40 39 51
32 22 83
2 33 78
32 15 29
17 2 67
37 32 45
19 3 78
26 5 21
27 30 93
16 13 62
35 8 35
38 18 7
1 5 32
34 25 59
6 25 20
37 6 58
31 28 69
12 29 73
1 22 90
7 33 67
17 1 67
14 15 47
29 37 13
8 16 44
18 12 50
3 36 51
19 14 51
39 10 81
7 29 52
30 18 47
32 36 95
31 24 97
9 3 56
25 31 60
36 20 6
10 9 82
1 13 51
5 33 46
31 17 88
28 6 81
13 21 80
9 9 53
5 3 67
2 28 88
1 25 68
29 16 16
40 33 8
35 39 44
39 11 35
5 40 43
25 37 70
18 35 77
13 11 45
7 6 66
5 26 44
1 38 92
14 12 44
28 14 80
4 13 87
12 28 24
34 16 84
1 36 90
33 15 14
38 24 22
23 3 46
3 34 30
36 41 98
5 10 89
36 41 98
11 4 34
30 15 17
24 1 26
6 36 49
22 20 69
3 34 46
11 31 61
14 25 1
31 16 60
38 27 56
18 14 30
26 8 1
13 4 72
20 32 91
31 30 65
37 35 28
41 40 18
18 1 42
29 3 4
32 3 2
39 9 18
25 1 15
18 20 18
40 6 76
26 27 27
9 34 83
33 11 27
31 27 41
10 38 97
38 33 42
11 1 48
16 22 89
18 38 56
21 16 53
33 26 100
38 27 69
37 20 16
31 32 7
14 5 56
39 19 69
35 27 23
13 33 45
36 3 19
28 41 96
20 34 34
1 1 37
17 33 54
39 26 17
4 33 86
13 20 98
36 28 14
37 22 28
6 28 72
29 15 86
1 6 43
9 41 10
35 30 49
6 6 10
3 29 30
14 28 32
33 33 53
15 25 67
2 12 57
5 31 99
24 17 77
34 16 38
28 10 70
30 11 28
36 29 44
7 3 66
8 36 52
22 17 50
7 23 3
25 36 65
33 38 94
35 15 19
32 18 92
1 31 27
18 31 68
11 38 12
21 16 63
6 1 60
4 41 78
8 8 45
26 41 80
6 5 28
30 39 29
27 37 15
9 14 12
40 11 18
32 35 25
27 7 78
34 34 85
39 18 31
24 3 16
29 36 98
12 19 72
7 38 76
18 28 32
38 35 37
3 28 38
11 22 19
35 37 82
11 23 70
5 32 63
22 24 13
10 23 11
25 4 42
35 33 99
29 14 11
20 15 32
32 15 5
41 14 58
41 4 35
32 32 79
18 9 99
31 21 25
24 33 60
19 32 58
3 27 65
20 6 34
9 3 31
15 25 85
39 9 10
2 36 62
37 22 27
23 20 27
34 20 53
2 35 32
28 38 25
8 4 8
10 4 23
1 2 24
39 34 49
20 28 28
37 39 0
14 15 26
1 24 97
23 25 8
16 6 5
34 16 96
34 17 72
34 28 75
18 41 86
6 2 95
26 31 86
8 10 27
33 16 53
34 25 27
27 27 76
8 13 64
31 41 79
32 3 97
28 22 85
29 35 56
9 6 30
24 20 46
38 17 79
13 40 93
11 25 25
1 7 64
11 38 4
39 9 47
29 17 38
17 20 67
2 14 19
18 22 24
35 20 59
34 27 85
7 24 27
24 29 95
14 25 21
18 10 13
20 37 25
15 38 23
13 11 36
11 33 9
22 19 33
25 1 60
30 8 94
11 34 45
40 30 59
3 37 33
26 21 18
15 15 48
12 25 19
2 16 64
14 14 8
7 29 87
5 36 43
36 3 17
36 25 72
7 34 85
21 39 89
26 6 24
31 33 52
35 33 69
17 11 77
7 14 59
41 39 5
32 14 92
12 13 26
20 16 59
21 31 69
36 40 72
14 39 20
29 23 9
24 1 37
20 26 54
37 11 59
4 8 40
41 28 24
18 28 78
1 34 70
16 24 0
7 28 96
35 27 99
11 11 88
1 2 9
41 14 87
39 9 24
4 40 11
36 25 6
23 11 44
9 2 28
28 22 11
41 19 40
2 37 54
40 35 75
31 21 51
11 32 67
37 1 48
27 18 65
38 21 24
35 6 65
31 38 2
34 32 80
17 1 38
41 8 64
18 20 64
25 20 94
25 31 99
25 15 59
32 24 72
32 36 61
14 21 57
23 4 57
17 38 64
6 35 24
39 20 46
26 21 71
28 37 77
29 9 87
36 2 4
22 22 69
15 32 89
27 38 43
32 30 64
31 7 23
25 2 55
18 23 65
35 33 55
21 8 40
25 13 38
8 11 86
31 36 57
26 19 55
29 27 42
22 17 35
10 33 94
5 28 21
8 11 85
11 3 7
9 38 47
3 21 30
19 11 82
27 4 73
13 4 48
7 37 40
40 20 23
13 9 62
38 13 60
11 20 3
32 33 62
27 22 91
39 26 81
34 3 13
15 27 49
31 14 89
19 6 94
18 33 29
35 5 87
39 40 61
13 24 83
31 27 17
33 12 75
18 21 1
32 10 69
9 30 46
38 24 82
30 10 24
32 11 34
22 3 15
8 16 66
36 39 89
2 18 58
9 3 100
36 31 20
23 7 27
16 30 54
38 7 44
4 22 19
32 13 17
40 30 4
33 24 36
18 3 93
22 24 44
12 26 26
11 24 51
30 38 64
21 1 41
6 35 9
23 12 38
17 31 0
8 6 22
32 4 12
2 38 93
31 12 0
27 7 21
3 13 12
13 12 31
30 23 83
29 7 24
20 27 38
16 25 84
38 8 68
23 22 44
4 13 42
30 41 35
4 28 74
37 40 79
37 9 70
26 32 11
22 6 42
8 3 55
3 33 60
15 18 77
26 34 95
26 11 40
12 6 65
3 29 95
28 35 64
29 21 91
39 17 76
19 41 59
15 6 69
35 12 48
35 13 5
23 19 9
10 24 2
14 23 20
40 40 48
3 21 84
12 20 80
9 30 99
8 20 20
18 30 64
37 22 47
10 1 97
2 9 67
6 27 34
23 14 50
7 20 22
5 9 74
14 10 35
28 10 29
20 29 8
16 23 15
23 23 11
10 12 58
30 8 65
32 23 49
2 10 56
23 9 80
37 9 39
26 1 13
14 31 25
41 7 82
28 26 76
1 2 6
24 17 63
30 13 15
15 13 35
2 39 44
2 26 49
23 18 74
23 41 1
10 20 25
4 5 97
31 22 53
26 19 81
13 10 59
37 35 18
1 27 76
35 30 90
14 5 24
6 36 64
19 29 60
34 34 71
15 3 68
15 18 99
36 37 49
4 18 93
3 21 66
29 7 53
31 5 35
17 14 4
29 10 3
16 38 100
1 12 53
17 22 84
33 32 40
23 28 0
6 20 18
31 18 70
1 5 76
5 36 52
16 27 41
22 26 78
18 29 32
16 26 21
6 33 33
6 30 46
40 3 3
14 36 37
23 9 98
17 33 52
30 4 66
12 26 95
16 8 62
28 11 3
22 18 22
5 23 76
2 7 100
24 29 84
38 38 36
7 30 1
31 3 48
14 37 19
16 11 84
25 8 67
18 27 14
33 14 88
24 34 16
4 33 20
4 3 35
35 10 91
34 13 28
26 17 92
18 21 23
19 35 57
40 18 51
1 12 83
35 11 30
1 22 56
36 33 41
27 18 67
26 8 84
17 39 20
20 3 22
10 7 77
24 16 7
32 12 28
30 31 92
26 12 57
2 33 14
21 13 92
22 40 11
6 12 20
4 41 34
21 32 29
24 31 50
37 32 43
23 3 19
26 25 42
33 10 28
38 3 74
27 35 35
11 14 26
26 16 92
11 17 47
7 20 36
8 21 63
24 11 26
13 16 23
30 13 80
10 16 89
20 7 72
40 29 9
40 20 23
15 18 44
29 30 3
21 36 11
29 32 12
3 17 34
39 6 96
41 41 33
1 26 69
30 3 57
25 4 79
3 21 30
18 7 3
22 28 93
37 37 57
4 15 69
3 39 41
28 35 43
31 35 49
37 20 63
25 21 33
35 29 74
31 9 66
4 37 70
36 10 64
3 40 4
15 41 36
9 16 91
28 26 15
22 27 36
2 14 54
13 14 95
25 23 23
32 24 13
19 22 1
33 35 52
41 31 41
35 23 71
15 30 63
33 41 71
39 25 6
25 19 9
10 2 55
41 8 52
20 11 59
34 5 85
26 15 14
36 2 11
38 14 74
30 29 21
32 9 38
2 28 39
9 29 90
31 26 89
32 28 57
27 38 92
28 23 62
40 9 82
38 30 89
16 40 32
30 16 64
17 23 3
19 1 1
22 17 77
41 22 13
11 34 55
31 28 89
39 35 0
14 25 100
25 37 56
16 27 30
38 23 12
26 34 42
41 18 68
40 31 92
23 14 8
1 17 3
20 18 92
35 16 93
34 15 64
20 39 30
26 39 52
3 31 35
21 3 9
14 36 10
16 30 97
19 29 82
32 21 17
24 14 54
12 34 83
14 34 27
2 41 96
38 5 49
7 3 11
14 18 89
18 19 39
35 9 41
16 29 35
23 8 22
37 16 15
4 21 41
5 40 67
27 4 40
29 35 79
27 23 62
12 27 40
36 20 73
4 9 26
38 1 31
18 33 17
9 29 18
19 15 47
15 6 45
9 13 44
35 22 63
25 31 28
18 17 45
17 40 83
30 8 62
30 23 33
14 28 37
38 37 85
3 38 26
3 22 33
19 28 89
35 2 93
2 12 46
29 20 89
9 41 79
30 32 62
35 34 43
33 26 1
11 24 66
18 27 49
39 9 45
35 4 66
21 7 21
18 10 23
17 31 14
24 9 31
5 40 33
16 11 77
8 23 77
4 20 7
22 36 73
13 30 50
12 20 28
30 21 6
23 23 92
30 25 97
32 3 28
8 41 96
24 33 76
11 6 55
3 36 96
41 36 97
23 17 98
10 6 97
23 37 63
36 38 63
19 38 12
38 29 79
18 3 73
36 20 19
18 30 15
37 6 9
12 8 3
19 17 48
20 7 46
33 39 3
20 13 67
25 41 51
27 21 97
30 26 0
37 28 9
1 28 19
12 32 89
34 5 59
20 9 20
19 34 0
12 21 90
23 11 56
39 13 19
7 27 43
31 41 7
11 35 48
32 36 74
1 21 39
22 1 84
39 37 85
25 40 85
18 28 22
15 30 55
22 11 71
8 10 16
23 22 79
31 34 81
2 38 20
38 12 85
1 34 74
26 12 32
16 4 56
21 8 12
18 15 14
26 12 3
29 23 31
7 15 18
16 13 82
11 5 87
24 21 99
20 7 10
22 37 24
34 13 27
14 36 37
34 37 81
5 13 89
5 32 38
15 37 9
2 14 36
38 4 16
31 23 51
12 25 33
27 34 16
29 5 55
37 29 35
11 11 61
37 16 64
14 3 41
38 26 95
31 35 17
9 28 62
17 17 71
39 11 48
25 25 44
12 31 66
37 15 54
8 13 29
12 22 28
21 17 61
9 9 22
18 34 84
22 2 38
12 22 54
33 26 39
38 36 35
34 27 85
7 32 67
36 32 20
32 33 44
23 30 74
7 39 90
8 22 86
30 21 0
16 18 32
34 10 21
38 41 76
20 35 4
31 24 10
12 13 85
38 5 21
10 31 38
5 6 0
34 26 19
37 5 39
6 4 28
19 39 22
7 21 75
23 11 1
27 41 47
8 38 64
7 6 54
19 27 95
3 17 14
23 36 84
37 10 88
11 26 60
38 2 92
1 11 4
40 39 39
26 29 6
27 33 73
11 14 62
38 28 73
37 39 5
40 31 25
4 14 86
40 23 17
10 26 27
32 32 33
26 9 22
2 24 32
5 16 83
25 31 35
22 10 34
24 17 47
7 37 61
36 35 82
17 9 33
34 13 21
24 19 92
13 8 24
39 33 24
5 14 71
38 15 77
32 4 35
24 12 81
8 2 31
1 9 52
30 22 19
6 23 68
16 19 69
41 32 87
21 29 42
22 14 87
21 29 57
32 24 34
5 21 17
2 8 12
24 24 85
26 29 77
35 30 12
26 9 35
34 24 45
37 10 44
19 41 57
25 1 46
20 10 43
11 27 91
21 31 85
19 40 7
20 12 18
31 26 60
25 2 24
34 9 9
39 15 43
13 23 76
20 27 22
23 26 14
3 15 89
16 16 33
36 40 86
30 34 10
34 13 31
41 26 83
39 23 39
35 38 49
26 22 49
8 40 35
36 19 62
28 24 44
39 27 57
2 16 19
41 26 54
18 30 30
9 17 41
13 35 72
36 34 19
11 26 28
33 19 15
25 8 61
13 8 87
6 21 65
33 32 11
21 26 44
41 8 4
34 38 35
2 3 62
11 35 25
21 25 74
19 14 9
14 21 46
32 34 73
17 35 4
24 25 30
35 23 12
41 32 90
15 23 21
11 34 39
16 39 86
7 33 72
2 27 38
5 40 28
1 28 29
10 12 75
40 1 90
32 39 25
33 39 23
26 41 87
17 18 82
28 22 37
39 15 77
2 13 82
15 27 3
20 24 16
36 18 81
40 20 83
4 24 19
33 24 27
19 34 72
11 14 85
16 2 4
11 36 28
33 18 71
30 41 91
40 23 34
31 34 93
10 11 5
33 32 80
1 1 18
11 15 36
16 37 38
16 41 7
19 19 25
14 29 24
17 41 51
39 20 93
30 2 72
15 7 78
2 34 76
10 8 60
13 37 51
11 24 94
23 10 49
34 32 37
24 34 26
2 24 60
10 5 38
34 20 16
22 26 16
11 26 30
38 22 81
28 25 38
3 30 52
38 34 73
7 40 16
40 41 59
35 15 79
23 29 22
41 21 12
22 4 1
39 17 27
40 21 7
25 30 8
4 26 8
2 31 92
41 36 7
21 21 33
30 21 45
26 23 72
40 31 84
17 20 68
27 27 14
13 9 80
32 37 81
20 19 63
21 11 91
28 20 12
35 18 83
39 2 28
20 2 88
2 2 41
25 15 0
36 23 50
32 24 0
34 1 76
20 36 84
5 26 14
13 27 1
32 19 88
25 33 13
14 16 40
32 7 80
3 16 19
38 28 10
24 39 34
11 1 44
36 29 6
25 18 67
15 26 42
2 13 35
15 41 85
14 7 80
13 3 49
21 15 24
32 9 64
6 39 47
32 14 56
6 19 81
10 22 91
22 28 63
17 26 29
38 36 39
17 1 33
36 37 8
21 34 0
30 32 9
10 40 52
39 31 43
12 30 84
31 21 95
9 38 55
29 41 18
25 40 6
21 14 18
5 27 31
8 41 92
10 16 85
19 29 83
41 38 30
15 7 4
29 11 1
11 14 89
36 19 21
11 38 41
6 23 54
27 36 15
26 29 46
25 23 5
28 12 74
5 39 21
26 4 62
7 18 64
23 23 51
33 34 16
22 4 26
39 8 39
28 33 11
26 4 31
7 11 81
15 10 69
12 14 24
16 31 63
4 28 20
41 21 59
19 18 35
1 40 95
26 6 75
18 3 87
40 6 60
38 16 95
24 17 21
11 28 36
2 36 96
27 20 61
22 30 17
22 25 80
7 25 98
40 22 66
15 13 13
28 34 33
26 26 68
9 11 6
3 14 94
16 15 43
32 32 36
16 39 66
16 8 50
20 41 91
39 16 19
16 36 57
38 7 78
32 11 19
27 13 18
21 14 88
39 25 70
36 36 18
27 37 58
4 14 65
41 35 28
30 6 20
25 21 97
20 40 54
38 23 32
4 17 95
21 17 63
14 3 31
39 6 24
39 39 51
29 30 81
24 17 5
3 23 100
5 10 70
13 34 1
26 39 2
25 27 28
11 31 43
36 22 63
26 21 37
41 27 32
34 39 76
23 4 18
34 38 7
41 28 85
11 33 93
36 10 32
21 37 97
37 17 33
40 40 43
10 20 15
34 28 59
17 41 43
29 1 4
18 5 62
27 25 33
13 4 11
15 25 24
41 15 2
14 36 7
6 31 16
15 26 45
38 7 83
29 9 13
18 37 81
39 23 21
23 10 42
37 20 56
6 22 75
20 18 97
5 14 38
4 1 79
20 7 91
8 18 23
21 35 61
29 22 27
14 16 59
37 36 24
16 21 12
38 31 72
28 30 87
9 41 46
16 17 55
29 9 86
38 35 38
23 3 42
10 36 55
24 25 9
7 9 1
16 17 83
3 28 71
25 7 22
17 8 90
24 24 93
2 37 71
28 16 23
28 27 83
20 37 54
18 13 67
41 10 88
14 25 14
8 33 26
10 37 4
41 5 43
2 36 43
19 29 72
19 8 56
27 16 88
6 21 81
33 25 91
26 10 92
18 41 46
22 3 51
32 20 2
22 35 33
28 2 31
17 37 6
37 11 26
8 36 9
1 21 59
40 19 41
8 28 45
40 36 82
38 26 37
15 33 58
21 26 66
8 29 93
1 3 18
25 2 73
11 29 3
8 21 60
11 26 97
31 26 98
4 37 43
17 12 36
8 29 82
39 11 1
15 37 78
33 4 71
6 29 88
40 38 50
3 9 6
38 15 84
36 13 4
15 35 93
4 12 52
11 41 11
2 11 56
24 31 7
39 5 35
40 23 92
17 2 61
12 32 66
26 9 96
30 40 5
1 17 39
41 20 55
41 34 72
18 5 76
16 5 34
25 6 66
7 31 64
14 11 14
19 39 56
31 23 46
14 11 47
12 32 40
7 36 51
23 8 71
13 37 9
25 5 33
25 3 53
28 6 88
34 40 24
24 21 85
9 8 84
22 15 23
37 24 100
18 3 63
18 40 98
37 5 73
17 31 41
28 24 0
34 6 96
31 21 2
11 24 38
41 21 73
20 4 39
24 36 38
38 9 60
34 19 37
23 3 57
29 40 21
9 6 98
21 2 29
28 21 18
20 18 51
26 3 28
39 38 58
2 37 6
12 40 53
24 18 50
28 12 24
12 24 34
21 14 32
10 11 38
36 6 76
23 31 70
5 34 0
7 35 11
1 13 66
40 6 72
32 36 4
19 36 0
36 37 67
39 38 45
5 15 78
20 7 87
8 23 70
34 32 80
30 7 82
8 40 16
13 32 70
19 8 26
16 17 42
34 11 30
23 16 13
20 21 10
41 18 75
9 2 63
37 23 61
24 11 4
28 11 47
5 4 98
19 7 86
18 31 9
40 12 45
19 21 80
2 18 17
5 36 4
28 12 25
5 41 20
13 39 7
5 30 68
15 2 76
36 31 63
24 29 55
6 32 92
6 19 10
16 8 71
14 26 43
16 38 26
18 10 82
31 13 69
36 37 54
6 17 32
34 10 81
25 37 49
26 31 83
32 5 37
5 38 50
34 21 20
7 30 56
10 28 5
12 6 45
29 10 64
7 34 16
3 25 84
38 18 8
28 9 18
9 16 56
13 4 77
16 29 47
12 6 22
28 11 82
29 27 55
27 34 27
35 9 64
11 19 63
15 8 21
29 13 16
36 32 34
12 35 94
18 22 72
38 24 55
21 21 82
17 18 50
34 17 16
30 4 31
18 6 9
38 28 60
35 22 80
22 16 79
29 13 56
9 34 81
2 2 71
33 1 33
35 7 72
29 35 74
7 22 90
24 35 22
3 41 66
21 29 19
27 28 29
41 40 59
18 32 78
32 22 92
1 32 76
21 19 73
7 30 30
34 37 20
11 40 21
33 33 5
24 31 32
22 33 83
6 41 35
34 15 37
18 41 60
31 31 4
35 23 71
15 23 34
21 15 26
41 29 77
16 33 95
29 17 33
27 39 16
36 19 7
28 18 62
38 32 97
34 36 64
26 14 73
24 19 83
18 12 8
35 21 70
2 37 17
34 25 57
35 35 97
25 31 10
18 3 46
27 37 53
24 18 95
5 10 77
28 1 90
3 1 79
17 9 84
39 36 39
9 24 30
23 7 64
3 15 86
20 9 47
28 40 43
30 36 42
24 3 76
8 14 82
20 16 72
20 39 17
1 33 58
37 20 34
23 21 40
21 7 42
22 26 13
29 10 91
12 38 84
3 29 49
15 3 10
11 21 19
33 9 46
26 21 4
33 38 46
4 8 9
28 6 66
28 34 83
15 12 46
19 15 6
25 5 67
31 22 84
28 10 54
6 27 38
12 34 10
25 17 30
38 41 78
27 28 25
41 41 77
2 8 25
36 39 88
9 4 20
12 12 93
25 1 57
24 18 65
11 20 35
3 5 16
21 30 79
20 9 57
12 41 21
27 30 38
11 3 100
21 8 89
22 35 41
33 28 80
1 33 70
16 32 36
20 25 26
32 5 74
20 10 39
7 33 52
22 12 14
39 29 81
33 34 27
32 39 10
5 21 31
14 29 58
6 19 33
39 15 10
39 2 16
15 19 98
25 38 69
10 19 45
21 3 53
21 41 95
26 39 1
16 15 39
4 8 30
26 29 4
11 36 37
31 21 96
8 29 38
18 17 24
27 34 71
16 13 27
38 16 1
38 5 79
3 21 0
26 34 40
24 32 77
7 13 6
37 35 73
7 32 5
7 29 82
16 23 91
17 20 2
40 33 46
24 24 29
28 34 66
35 22 99
4 7 1
14 1 81
19 34 82
12 12 72
10 29 72
13 39 52
17 5 39
34 25 15
11 31 34
8 16 21
39 40 8
2 20 87
18 39 97
29 28 35
2 5 88
29 27 28
34 29 28
28 7 4
5 3 84
1 18 98
8 15 78
22 35 43
19 4 2
4 11 10
13 11 71
27 39 80
5 32 94
18 12 3
26 26 47
2 40 62
13 17 83
16 15 80
25 31 90
37 13 19
37 12 87
8 6 86
5 29 34
5 33 55
23 10 98
33 36 37
35 39 75
37 16 0
10 34 63
31 27 98
26 14 16
41 6 22
24 24 32
28 29 62
41 13 15
6 9 97
8 35 22
10 3 13
11 26 13
29 12 68
23 34 14
29 3 56
17 15 82
36 38 69
33 28 14
14 7 26
7 28 98
30 20 70
39 5 16
9 2 54
2 4 33
27 35 70
11 32 56
19 2 12
23 14 44
26 41 64
24 2 47
26 23 86
24 16 56
3 7 46
3 21 36
39 31 42
24 34 12
38 5 25
36 39 18
33 26 89
15 27 31
23 28 60
38 23 100
10 23 50
27 28 59
29 37 61
19 38 97
28 33 89
4 17 45
9 5 99
22 35 12
8 13 69
2 25 74
27 35 9
41 8 32
31 7 28
12 35 10
27 22 10
2 1 11
18 13 7
39 16 60
38 11 43
17 6 75
29 18 52
33 29 41
5 10 28
22 19 30
32 11 92
22 41 34
6 18 79
19 40 67
7 18 52
32 40 41
11 32 16
4 2 7
28 33 64
30 21 68
17 32 95
20 32 15
17 39 67
34 32 34
22 23 7
35 6 82
33 4 30
37 16 49
25 22 51
25 12 53
11 32 34
25 12 21
1 14 58
30 21 62
25 38 76
8 24 85
9 25 24
7 8 75
36 8 8
24 26 68
38 27 4
7 20 78
3 39 23
37 34 28
2 33 38
21 35 53
30 28 24
15 4 28
26 33 28
15 39 18
14 17 60
19 1 42
2 16 4
1 33 43
27 39 22
36 4 96
11 35 21
31 29 47
21 4 10
14 19 93
4 38 78
23 30 61
38 15 30
22 13 84
33 17 68
30 21 96
24 23 74
31 18 67
5 16 100
6 37 47
13 21 100
38 3 40
36 6 21
38 22 46
13 28 12
4 28 34
34 30 66
41 14 12
15 13 100
24 21 98
40 7 96
17 26 90
6 27 98
15 39 28
41 20 94
32 18 60
23 9 65
17 41 45
11 11 60
28 38 66
15 4 12
6 26 67
19 7 88
18 8 93
34 36 1
40 20 37
5 36 37
19 1 86
5 25 11
29 19 0
17 13 27
36 38 3
27 1 50
24 1 35
38 36 15
10 37 35
23 26 37
27 13 89
17 21 45
21 28 39
34 31 4
10 14 74
27 11 59
35 11 60
8 21 85
21 40 16
41 9 24
26 6 55
28 3 82
13 16 69
2 22 25
23 18 30
2 2 39
4 3 32
32 11 94
17 40 47
36 29 60
5 41 44
5 41 99
9 35 88
4 7 49
30 40 24
7 16 28
3 41 59
36 11 59
7 28 99
20 31 12
40 6 77
24 5 77
8 34 24
21 14 69
16 29 82
32 37 87
20 14 2
3 28 96
10 32 50
29 29 85
26 26 44
39 40 27
25 15 25
39 34 36
17 9 23
20 3 15
30 8 63
36 7 97
4 16 42
37 2 20
18 36 77
39 28 45
21 28 83
37 3 25
12 22 40
22 3 99
41 10 23
31 40 91
26 35 40
15 34 2
5 13 47
21 6 25
21 2 36
32 28 12
16 32 68
25 9 44
28 26 49
31 2 23
31 38 48
25 41 24
2 34 66
41 26 9
41 16 93
6 22 95
41 25 73
28 31 67
11 26 34
3 32 11
2 14 20
31 35 91
5 23 46
16 7 9
6 7 96
32 7 19
2 1 53
26 22 29
39 17 63
27 32 23
14 16 26
31 31 62
28 9 80
36 5 34
29 17 67
21 1 58
26 28 11
5 3 27
40 3 40
38 38 95
5 14 7
8 41 18
34 6 97
28 38 1
32 36 95
24 16 22
16 22 91
2 40 84
11 15 10
25 1 90
14 37 0
33 7 88
30 16 93
14 27 31
9 37 90
26 5 14
36 28 72
41 36 77
38 5 79
21 34 63
14 22 61
30 21 39
6 18 8
3 29 58
23 35 17
24 26 82
1 23 17
18 39 2
22 16 33
13 9 5
33 2 61
20 6 56
6 4 81
17 41 1
34 28 55
30 9 23
35 6 5
5 33 40
12 12 9
16 30 15
5 7 58
34 34 99
35 18 88
7 16 6
21 41 1
34 16 27
20 10 12
33 8 4
28 30 35
5 2 33
26 32 99
29 22 16
26 32 20
10 7 10
14 12 91
34 7 55
34 21 3
2 30 52
40 19 23
33 3 41
39 32 65
27 12 32
33 15 42
2 14 79
36 31 52
25 29 27
7 36 49
8 29 25
26 24 53
15 14 30
27 33 69
10 22 75
17 21 43
35 11 61
37 32 34
6 3 16
23 9 2
4 3 92
7 28 50
31 23 60
12 8 70
22 13 35
2 14 75
16 11 18
38 30 10
32 16 58
20 33 38
18 33 98
6 41 93
7 31 28
14 1 85
26 5 43
1 29 3
4 25 96
39 6 91
7 34 26
8 28 58
37 11 81
28 27 25
22 14 80
18 41 71
9 11 12
4 3 29
36 20 10
10 39 100
22 17 23
17 26 49
12 21 60
22 10 83
28 37 36
22 31 33
8 7 80
7 17 19
23 33 52
15 35 89
34 31 38
11 32 84
4 18 51
29 25 62
23 25 90
21 6 50
14 40 68
27 9 69
19 14 69
15 12 78
8 30 85
14 35 12
5 29 80
26 31 99
12 13 71
16 28 50
9 4 0
22 35 80
32 18 55
30 39 2
35 39 36
37 2 73
8 11 9
5 33 9
26 21 65
19 25 63
29 10 76
38 17 89
21 33 73
18 10 87
15 4 83
3 1 44
9 32 83
28 4 76
2 16 9
27 14 18
7 37 3
2 29 48
10 28 7
15 9 14
13 27 67
41 40 50
8 18 89
3 15 4
40 40 29
18 13 28
27 34 33
32 8 12
30 3 40
7 18 81
9 22 83
12 10 40
40 27 30
35 17 11
19 34 15
24 12 64
31 19 50
37 4 97
41 31 27
33 39 38
40 4 65
40 5 28
2 8 51
1 7 62
34 8 100
3 23 3
27 38 7
27 20 9
17 12 72
3 24 65
41 2 60
27 13 30
32 21 75
19 16 14
40 27 0
18 39 62
24 16 82
23 13 59
31 15 30
23 2 18
24 17 89
22 33 58
36 35 67
5 26 42
13 29 32
33 24 76
18 41 19
9 9 32
28 17 21
34 31 71
40 9 7
28 3 98
20 21 94
13 39 63
24 25 8
16 9 86
38 41 73
16 35 69
3 20 70
21 15 81
34 32 94
6 23 90
6 9 12
27 39 95
39 37 19
28 20 100
1 24 14
29 11 74
22 24 58
27 6 63
12 35 51
34 33 98
13 15 78
31 30 78
11 16 35
3 27 53
12 18 49
28 9 31
23 28 72
10 33 3
2 36 77
29 38 3
30 27 37
6 38 80
33 13 11
31 5 65
34 11 31
26 33 78
31 6 29
21 18 53
26 7 72
27 11 26
4 27 31
1 23 16
22 13 31
8 28 59
16 19 16
5 18 65
20 23 24
10 14 25
8 41 94
5 31 68
32 29 11
41 25 97
19 9 77
38 35 92
39 38 62
27 33 63
19 24 49
22 37 53
26 28 1
29 19 36
39 2 0
16 5 47
39 11 36
36 39 93
17 26 86
9 24 67
22 21 24
26 6 22
27 32 31
9 21 25
31 35 41
5 13 82
9 23 12
27 18 50
20 17 57
1 10 40
9 15 70
25 29 4
7 6 28
23 26 96
28 38 37
41 23 61
28 32 54
33 13 85
22 17 93
3 18 30
30 36 78
35 17 7
29 8 67
28 12 23
39 33 14
20 29 62
40 25 68
10 10 86
2 21 28
25 2 37
24 16 98
17 33 59
13 8 17
20 6 23
38 4 82
11 1 32
1 2 57
19 25 31
21 18 25
8 4 0
26 20 10
27 19 31
3 16 75
20 2 44
21 6 23
6 39 61
37 18 51
2 22 86
14 16 47
13 14 51
6 15 74
9 27 11
21 14 61
14 29 66
9 26 100
27 2 31
4 33 91
13 10 80
12 36 40
2 16 37
40 39 36
8 19 12
14 15 42
27 32 90
30 26 69
29 13 4
36 13 24
18 30 7
7 41 50
35 1 1
18 24 26
41 19 88
5 21 85
21 14 91
4 35 13
22 17 42
22 20 9
27 21 92
21 19 11
30 8 45
40 13 87
38 32 3
36 27 5
12 14 31
13 8 44
12 33 64
16 24 8
6 34 75
4 13 90
29 36 60
22 30 73
3 38 53
16 20 87
22 37 12
21 5 27
3 39 64
9 22 61
4 34 9
36 32 37
15 6 66
1 26 3
1 17 68
35 24 34
26 18 36
13 17 52
31 2 49
39 28 58
38 5 92
41 17 90
32 38 55
38 32 11
11 20 98
29 30 94
14 16 74
13 37 15
8 6 73
14 40 10
20 30 75
37 5 19
3 13 60
14 2 46
2 23 44
36 26 5
1 20 14
23 4 5
24 16 25
24 4 76
16 14 46
3 6 4
32 20 2
10 39 43
29 22 3
26 24 50
12 19 48
33 17 31
34 40 83
6 3 60
18 34 8
33 16 71
17 26 15
9 10 65
12 7 10
15 39 54
20 39 63
23 15 17
26 22 9
3 33 66
33 19 99
37 38 93
12 16 12
29 22 23
22 9 100
26 23 72
21 16 43
41 26 69
1 41 37
18 1 23
19 16 34
39 22 26
5 19 59
20 2 37
10 29 71
17 10 0
41 38 1
5 9 75
24 32 6
24 13 64
24 1 68
33 12 34
17 5 40
14 1 100
3 32 73
9 24 41
1 28 15
31 17 59
40 24 14
18 12 33
7 9 83
33 6 63
37 20 57
19 40 79
26 25 40
41 22 73
35 11 15
7 17 54
5 25 39
4 12 83
29 26 72
23 29 69
11 29 19
27 22 29
18 15 80
24 15 20
10 25 18
29 13 6
34 5 23
31 23 16
14 37 52
35 37 44
3 24 43
39 35 75
15 18 85
32 11 86
22 24 52
25 10 23
39 9 21
35 16 60
2 40 87
4 6 41
27 5 83
6 32 47
12 4 76
26 32 6
1 2 64
11 6 86
23 8 36
20 4 57
31 24 83
37 36 57
6 33 100
5 32 75
10 23 56
24 40 49
9 24 48
14 28 45
38 38 70
23 31 99
27 29 14
41 17 62
25 6 39
17 4 46
27 26 66
23 21 60
34 22 55
34 13 57
33 16 78
28 7 20
1 38 77
5 39 3
27 5 70
10 37 72
5 21 20
30 27 1
26 2 69
7 30 65
23 12 37
10 29 45
16 29 99
25 4 22
3 35 97
25 4 89
35 9 33
41 4 74
28 25 12
15 25 66
2 7 57
25 40 28
30 40 73
17 12 55
37 40 4
15 7 52
2 35 69
17 6 8
38 7 1
4 38 44
4 10 32
30 1 29
16 32 4
13 24 41
15 16 23
34 41 51
21 27 14
18 3 78
38 14 26
11 33 47
26 32 30
38 34 94
38 33 56
39 35 97
10 26 48
35 33 68
24 2 73
40 14 64
32 36 22
27 28 2
39 33 55
14 40 73
10 30 60
7 30 12
19 33 93
27 32 89
1 3 4
26 1 78
35 5 86
10 26 35
26 10 24
14 31 59
16 21 71
10 31 11
9 25 21
4 37 96
6 22 100
40 11 78
41 26 25
6 24 41
32 8 53
19 12 42
37 22 39
40 36 88
14 40 66
28 25 50
11 29 36
40 24 87
25 41 75
12 21 60
14 41 44
9 33 96
21 25 44
29 20 77
32 15 68
29 34 67
7 3 15
33 2 55
13 34 9
24 34 84
33 3 81
23 19 94
32 36 14
20 22 10
28 19 92
26 19 97
30 40 49
9 28 97
24 30 37
15 12 74
9 27 69
30 34 70
29 11 72
41 13 88
41 13 56
18 13 89
26 1 53
38 12 80
33 30 23
5 31 52
14 26 35
12 5 40
19 3 13
18 38 93
37 30 36
15 15 0
14 27 49
31 28 89
14 1 49
11 4 48
3 37 96
10 6 63
11 25 91
12 36 13
22 4 62
5 36 84
33 16 89
27 29 71
30 12 43
21 30 59
1 29 67
22 20 43
39 35 67
17 28 99
41 18 74
24 4 21
20 35 24
27 12 93
9 4 51
21 23 23
15 21 78
34 25 8
31 2 57
12 10 61
17 36 76
31 27 33
29 17 81
41 26 78
14 31 29
30 2 100
28 26 20
22 38 100
25 26 24
29 11 64
7 24 95
25 18 92
13 41 64
8 10 39
17 28 25
27 25 7
23 8 90
18 4 97
35 24 11
34 1 1
30 35 99
15 16 89
16 8 73
1 41 19
33 29 70
2 30 48
3 10 40
22 15 85
29 37 75
41 13 81
27 18 13
4 23 63
41 18 8
7 37 58
26 8 26
2 7 60
37 12 94
41 11 49
14 18 77
6 29 83
3 10 37
12 5 83
3 30 21
41 2 87
28 28 25
4 4 13
41 35 35
18 36 68
38 24 8
6 38 28
23 35 90
13 39 82
30 33 2
24 31 26
36 29 0
1 17 98
17 6 3
10 7 52
31 16 44
12 2 29
32 30 100
38 4 70
29 7 50
1 13 80
19 3 23
17 28 9
19 2 13
31 28 8
33 18 84
30 1 12
28 27 86
24 24 5
26 26 60
15 17 69
2 27 41
6 38 22
19 9 58
24 33 21
36 26 23
13 31 5
4 27 52
14 29 72
28 18 16
34 6 28
36 16 75
41 38 26
31 29 9
15 34 12
29 10 16
39 36 55
16 13 31
17 10 87
30 35 42
14 3 53
17 32 80
37 12 33
19 12 65
33 12 33
1 12 79
4 29 3
23 35 100
4 21 94
20 7 36
15 36 20
18 21 2
20 21 24
32 36 73
1 25 86
26 30 83
33 32 52
7 33 63
6 6 61
30 35 6
20 40 46
35 26 1
41 12 2
32 33 70
16 25 30
29 27 74
34 33 58
41 34 83
1 35 61
30 32 18
31 36 53
37 5 2
14 13 83
1 36 88
4 37 32
8 41 9
12 7 75
9 28 56
33 24 35
17 31 98
2 15 21
33 17 35
3 38 14
21 12 56
15 20 1
21 32 77
39 41 28
16 14 27
12 11 73
35 15 100
12 19 63
37 37 91
23 25 75
34 5 50
9 39 78
31 28 98
20 36 3
30 24 87
10 40 68
25 20 62
21 31 20
2 13 64
18 11 86
34 20 89
15 36 91
28 11 28
20 5 77
8 9 66
20 1 81
4 15 73
16 22 9
10 33 94
21 28 49
3 23 12
10 5 17
37 10 93
34 6 4
3 28 63
15 12 66
7 10 29
39 24 27
30 17 48
25 29 31
9 31 54
12 25 81
14 40 62
24 17 41
34 13 27
35 13 42
5 10 62
17 3 13
31 23 94
22 40 39
8 19 75
37 2 7
12 32 13
14 29 82
16 35 27
18 21 55
22 15 79
27 28 1
29 35 51
5 22 47
28 11 61
11 39 62
40 15 16
18 1 94
24 14 71
34 39 89
37 31 83
4 41 79
22 22 30
5 38 35
17 7 94
21 20 74
28 27 81
40 8 89
12 27 33
3 36 96
28 16 87
40 38 65
22 38 34
7 36 7
27 8 0
16 26 75
27 23 1
31 6 5
10 40 1
20 33 40
36 30 81
36 8 45
30 1 22
28 11 87
8 3 10
3 19 81
2 35 31
39 10 66
25 11 16
12 8 51
19 14 31
21 4 62
40 2 36
8 1 9
14 18 84
21 18 94
14 2 92
38 40 87
33 6 89
23 33 24
25 2 55
12 16 56
32 6 61
9 8 18
38 26 58
15 12 100
18 11 91
21 20 34
19 36 39
40 35 30
35 40 82
20 1 25
33 3 53
8 36 12
29 4 3
4 1 90
34 12 64
2 39 60
15 34 92
7 38 98
13 12 3
16 13 34
18 31 95
4 20 82
35 22 66
38 22 66
23 6 49
9 11 75
34 23 69
10 37 58
19 39 27
28 2 16
14 15 14
30 30 53
10 15 93
36 41 78
26 41 7
35 11 79
11 18 51
21 1 78
7 25 29
31 31 97
19 31 95
15 8 75
25 11 81
14 35 14
36 31 65
2 18 63
36 8 20
25 22 45
16 39 91
15 39 18
35 7 87
15 5 27
13 35 67
40 29 61
28 4 61
38 2 21
18 34 93
29 20 29
40 15 21
17 24 61
3 7 78
22 32 95
23 11 92
24 24 30
36 12 81
2 32 42
10 11 78
22 34 76
5 5 54
2 19 16
1 32 60
21 33 84
28 11 85
23 7 0
22 31 71
31 40 95
5 17 80
16 9 63
32 38 85
4 21 14
21 20 31
36 26 16
10 8 96
34 17 53
37 30 36
30 3 59
8 19 56
41 17 9
15 31 90
37 5 83
29 13 15
37 40 60
20 2 55
2 2 89
19 32 65
34 18 47
10 31 86
32 13 38
30 16 85
13 3 56
4 19 55
41 29 12
31 13 63
1 10 34
9 21 6
37 28 92
30 9 100
16 28 86
29 31 55
22 10 45
41 37 57
25 3 56
37 12 76
39 34 7
36 14 82
19 5 75
38 7 75
40 23 92
29 10 31
11 33 32
41 6 23
2 6 38
33 13 88
27 20 9
39 7 8
30 2 33
13 12 5
8 26 75
24 2 23
2 38 18
15 35 64
3 8 28
3 20 91
15 14 81
28 3 13
11 28 54
5 19 22
25 18 15
3 15 15
31 1 13
19 30 29
26 24 70
2 1 30
2 6 75
15 26 45
28 30 32
17 11 15
39 9 94
4 31 34
24 37 21
2 40 11
5 29 53
7 11 85
34 21 75
34 19 47
8 10 51
10 17 18
30 11 62
19 27 81
8 13 100
33 41 66
26 12 64
32 36 72
32 19 37
2 35 81
11 29 88
32 30 37
20 41 16
21 7 0
12 3 13
15 7 34
33 23 87
23 24 75
14 23 96
24 22 96
1 25 90
19 14 17
6 4 59
37 9 88
38 30 49
1 35 53
19 20 68
30 3 67
8 41 99
36 16 72
11 3 49
9 41 69
20 35 16
22 34 99
36 14 10
12 3 55
3 17 21
23 38 47
11 27 80
37 12 85
14 10 68
34 2 30
41 31 49
21 39 100
9 20 54
33 25 20
39 10 5
7 26 43
3 20 8
28 31 97
4 27 85
13 3 40
38 2 33
18 33 26
8 3 83
29 3 11
6 34 20
14 24 50
31 17 97
31 36 12
15 33 64
15 32 92
34 29 92
10 11 2
4 21 26
20 33 95
24 5 15
13 4 86
37 32 56
9 29 55
22 26 0
41 23 99
29 38 45
11 14 22
40 10 35
39 9 16
10 29 68
23 36 66
39 20 87
36 39 2
25 23 67
39 2 33
37 24 100
41 28 42
40 40 50
10 34 67
27 12 23
20 15 17
12 29 27
24 32 27
27 22 29
31 22 10
35 25 2
2 32 58
13 7 14
39 34 66
1 2 89
8 41 86
39 27 16
4 30 26
20 2 31
33 28 37
39 13 84
29 33 31
37 2 31
6 30 27
31 24 67
32 37 44
25 22 21
24 1 30
4 14 30
32 20 38
37 5 43
40 18 55
16 10 5
21 33 80
2 26 3
21 35 90
8 33 30
11 12 58
5 27 27
11 6 71
24 14 37
37 6 66
3 10 35
25 28 93
41 9 0
11 12 46
33 33 4
9 11 85
30 8 54
12 15 26
15 26 90
3 32 0
36 11 16
36 30 19
37 6 28
8 41 98
2 36 15
8 12 87
28 10 40
35 4 14
22 10 85
37 28 51
2 3 3
30 9 65
35 30 70
32 9 24
37 8 66
26 29 4
18 6 77
16 28 5
15 2 16
34 2 47
1 2 41
41 30 31
29 35 48
36 33 25
18 24 13
37 20 4
23 32 59
24 33 36
10 8 70
25 30 28
36 36 88
20 15 5
25 19 10
34 32 21
28 37 77
4 28 65
27 40 4
1 24 96
41 14 17
24 9 27
35 28 75
7 7 8
25 36 6
31 39 99
11 16 58
34 7 41
39 25 26
25 34 78
33 12 63
21 41 53
33 14 30
28 28 7
27 25 18
15 4 2
31 37 88
36 22 95
29 36 92
18 12 68
33 18 31
29 1 17
22 13 7
36 41 73
5 35 96
8 15 75
13 15 5
4 39 14
12 3 59
20 4 48
24 15 9
26 34 63
18 30 7
6 20 85
40 40 3
13 28 50
28 27 98
39 18 27
8 28 41
31 10 95
19 25 88
10 7 35
28 27 18
26 12 13
8 1 44
8 41 86
11 26 94
39 2 23
19 7 67
35 9 44
6 30 50
11 34 37
28 38 85
22 26 39
9 19 13
40 30 95
40 21 100
3 9 87
1 36 68
26 38 98
32 17 93
38 13 47
39 13 58
1 40 29
4 27 29
6 2 12
11 20 50
35 6 86
35 41 12
30 31 50
34 16 91
30 18 40
16 35 67
40 5 57
13 6 95
4 15 19
15 30 71
29 28 98
33 18 44
10 9 80
12 34 63
12 10 29
23 28 82
24 13 82
32 38 76
18 24 45
26 27 33
36 33 24
2 27 97
28 36 77
29 16 89
26 1 89
7 36 36
41 7 44
1 30 27
29 36 81
16 26 68
15 41 41
18 20 68
8 23 96
10 8 76
38 10 4
2 15 77
41 4 31
22 31 95
41 28 86
35 3 74
21 23 26
4 6 65
18 9 42
14 3 99
14 5 5
1 13 15
33 1 9
5 11 53
19 3 41
9 29 49
9 5 10
27 7 14
24 25 87
30 36 0
12 32 40
8 28 87
28 8 26
22 16 88
8 12 4
9 10 48
34 12 47
38 21 71
36 21 12
26 9 89
22 5 29
21 40 0
34 22 55
15 32 76
37 2 15
18 25 16
6 11 19
13 10 62
37 38 7
9 41 17
27 35 2
6 12 40
36 10 78
29 16 29
12 38 54
16 38 10
31 25 25
28 3 35
7 29 45
36 21 8
10 34 1
9 24 38
35 38 29
9 1 8
28 1 71
40 1 83
39 1 77
1 8 1
3 33 3
27 22 48
34 31 72
15 37 22
38 6 7
32 31 89
8 20 4
37 39 62
35 17 37
14 19 90
41 38 12
26 37 94
22 5 57
24 7 59
21 23 42
21 20 99
5 36 20
25 8 74
32 17 40
15 4 76
8 23 16
12 20 58
41 6 90
21 14 67
2 24 87
17 1 51
2 33 52
16 6 25
35 30 0
24 37 98
28 22 93
8 27 20
31 38 72
30 9 77
26 39 77
20 26 53
9 3 20
30 21 32
10 9 86
18 16 13
13 32 35
14 10 89
36 6 80
26 31 29
3 18 90
2 21 60
6 6 9
40 35 59
36 9 3
13 6 82
23 38 52
15 6 46
11 29 65
30 38 27
37 17 19
17 23 41
12 15 52
1 13 93
12 18 79
9 8 35
30 10 16
19 9 47
29 28 66
20 14 90
27 5 18
26 16 97
39 10 90
15 22 41
6 21 30
23 31 12
26 8 63
17 34 9
35 2 42
10 30 0
28 37 93
41 37 55
19 34 40
20 3 30
27 6 34
8 8 56
22 17 39
27 2 49
3 38 81
5 16 97
15 40 92
8 39 45
20 34 41
3 9 87
11 3 5
20 15 33
25 13 32
5 34 64
8 1 38
32 10 84
16 7 93
37 29 46
12 26 55
1 10 11
23 37 83
26 27 26
7 9 69
38 24 99
18 1 36
36 10 28
6 24 89
27 21 26
7 32 81
14 41 84
1 36 64
32 37 16
2 34 29
39 3 78
4 17 88
30 40 37
41 35 28
32 5 79
26 17 88
15 31 99
35 38 96
25 25 59
20 39 47
1 37 56
33 22 99
15 5 62
19 10 5
26 16 1
39 18 53
22 37 77
26 28 39
38 12 89
21 4 34
17 41 21
28 1 36
4 30 49
10 29 36
21 29 53
35 4 99
38 38 80
28 33 31
5 3 56
15 34 37
35 7 7
12 12 93
6 31 62
4 5 54
36 14 71
9 11 1
35 23 19
6 9 16
21 1 68
23 22 55
32 10 17
16 29 77
27 21 58
15 25 16
6 24 9
2 29 80
10 1 32
26 27 9
27 32 21
11 14 72
23 16 61
41 6 30
5 22 18
35 41 5
30 18 12
2 16 29
29 26 68
34 29 92
8 11 92
13 22 89
31 26 38
17 21 55
25 3 29
16 15 0
35 8 99
26 13 87
30 38 39
33 25 17
11 36 24
29 30 9
14 4 18
24 31 26
2 32 19
24 16 85
4 23 51
20 26 87
22 8 9
35 34 42
30 30 45
24 33 6
25 36 71
16 24 1
19 28 23
19 11 67
26 6 85
29 11 19
6 23 25
14 24 10
17 21 57
37 37 84
12 24 5
36 3 57
20 27 23
19 19 34
41 38 47
8 26 16
12 1 29
19 27 84
7 32 97
2 18 98
12 9 73
41 18 69
4 35 8
15 39 47
19 7 26
31 18 61
36 13 59
2 7 65
19 18 95
1 30 94
13 3 52
38 25 74
39 21 66
29 11 21
15 28 37
22 32 46
9 30 65
2 7 91
2 22 12
2 41 10
11 5 7
3 25 86
38 31 78
34 1 96
19 22 31
5 33 10
39 5 65
24 19 84
33 25 48
35 29 84
16 14 58
16 11 74
28 29 23
22 39 69
23 31 82
33 28 89
27 19 0
26 29 87
13 33 22
28 15 66
35 6 21
5 3 57
9 29 1
30 24 20
14 24 3
24 5 70
13 8 26
3 38 78
20 3 79
22 4 0
30 15 91
22 26 92
21 16 6
14 4 2
21 20 81
16 18 23
31 7 7
13 15 42
19 5 26
13 40 30
36 2 100
27 36 73
31 14 5
23 28 87
18 13 10
25 1 51
1 36 74
11 37 56
2 40 6
2 17 41
18 37 95
26 33 62
15 29 75
39 11 73
27 17 81
2 40 41
25 32 27
38 34 30
26 16 79
3 3 80
20 39 25
29 27 4
41 25 63
26 32 51
4 21 44
34 2 36
9 14 99
19 1 17
12 34 25
13 22 4
20 19 14
7 4 66
5 4 80
14 23 83
1 34 85
18 9 83
5 5 43
16 24 29
11 32 9
22 29 86
22 9 8
36 9 99
2 14 43
39 26 83
29 37 66
29 12 3
36 41 17
35 33 12
27 20 34
7 36 30
37 31 47
33 21 79
26 5 77
34 23 25
6 19 22
25 39 15
22 33 12
29 21 82
40 29 32
27 35 10
36 13 84
28 17 97
1 31 50
35 18 84
14 8 36
37 40 90
4 8 5
4 19 15
22 1 10
36 28 88
25 30 99
36 22 48
33 37 75
5 3 28
30 27 50
12 20 18
15 40 32
37 33 33
4 16 77
2 37 93
25 31 74
17 30 46
38 2 47
28 24 8
30 8 84
4 29 58
1 27 52
9 39 47
1 34 3
11 40 33
22 32 95
10 26 96
12 36 9
15 28 36
5 29 95
1 20 59
18 22 69
40 8 16
8 8 39
35 2 48
39 38 75
36 18 81
37 19 45
41 2 45
3 39 74
33 18 95
36 8 9
5 23 12
31 27 38
15 2 63
27 24 66
23 32 24
28 15 47
12 29 97
35 19 60
16 27 9
40 35 75
18 2 65
37 20 22
26 34 40
15 15 12
35 11 76
15 23 14
11 21 21
4 7 53
24 30 60
31 4 48
12 16 51
18 1 28
28 11 28
34 35 25
8 23 52
1 28 77
41 10 32
20 14 38
3 9 12
10 19 76
4 4 56
23 7 33
20 22 69
8 2 75
10 39 17
32 24 28
9 33 33
10 34 3
41 39 47
41 18 29
31 5 32
40 27 52
29 31 81
29 36 94
20 38 21
3 16 34
36 27 93
29 39 31
18 9 97
33 13 95
39 21 27
2 31 49
10 5 0
22 8 17
33 4 40
31 22 65
34 27 4
32 5 33
31 22 37
8 12 59
30 10 17
35 31 51
9 8 70
27 24 43
11 24 50
36 33 58
41 5 39
33 25 47
33 1 26
34 11 49
15 26 6
1 31 64
35 14 33
28 6 96
20 5 12
32 11 15
37 35 49
10 2 67
35 30 62
24 25 3
7 37 86
34 38 40
13 28 17
40 26 76
15 17 31
4 15 91
29 19 8
39 41 23
26 39 92
26 1 38
17 38 61
17 36 77
41 25 64
3 14 75
17 14 85
34 13 79
39 18 76
37 41 32
21 29 94
1 34 44
2 13 94
3 25 36
30 28 31
33 23 37
37 30 77
21 34 63
11 23 33
41 31 26
17 18 17
25 31 9
14 22 56
31 2 100
23 13 12
18 41 21
39 21 27
28 30 44
6 30 51
23 20 54
10 1 36
30 9 29
31 5 8
18 2 61
4 6 38
3 5 48
19 2 83
31 40 21
3 21 47
20 1 91
30 13 20
9 4 69
36 24 63
33 23 82
29 13 9
31 17 74
2 1 21
23 11 85
15 29 37
8 4 88
13 25 90
32 38 54
41 34 51
23 1 63
41 20 43
32 25 3
19 28 57
32 4 96
16 37 79
9 6 10
1 14 49
22 12 64
39 16 73
26 24 79
20 35 55
16 37 48
32 3 75
22 31 20
2 24 42
14 24 67
26 2 98
33 10 45
24 40 21
29 4 63
24 9 53
20 7 61
15 16 29
34 41 17
35 15 23
27 28 8
39 29 95
37 16 78
32 2 98
1 41 14
6 16 8
6 28 28
24 16 88
40 20 13
16 32 59
39 4 50
22 17 10
29 2 71
15 11 98
34 6 30
36 41 10
19 33 27
14 34 41
3 8 23
9 32 47
31 40 30
8 19 42
38 10 89
27 28 73
30 11 23
4 27 71
6 18 39
17 31 88
17 4 19
28 29 93
15 15 80
11 17 29
34 37 73
19 8 36
7 2 21
24 27 43
7 32 13
31 34 80
1 28 11
37 17 49
16 28 42
23 36 15
37 18 96
24 10 83
12 26 58
21 12 53
11 5 11
27 9 90
13 35 98
1 32 85
21 20 85
2 16 0
7 26 1
32 10 13
11 15 67
28 24 4
39 11 17
26 7 18
7 40 48
22 38 13
41 38 38
7 7 21
23 7 19
39 29 75
1 15 5
1 25 60
38 14 81
21 18 82
7 26 47
7 41 90
21 10 15
34 7 80
36 41 14
37 29 79
19 39 71
3 9 75
3 12 46
30 39 53
37 3 21
22 11 95
21 5 76
20 17 10
1 14 10
28 10 53
30 5 51
7 30 22
30 18 84
19 11 20
40 11 37
8 32 73
13 1 65
15 7 94
26 9 33
16 19 19
33 35 50
8 27 43
20 33 0
36 19 68
21 24 96
6 22 41
19 20 97
8 6 95
23 30 49
14 25 31
3 4 71
3 26 63
16 39 40
37 34 88
10 15 47
11 24 18
39 20 23
12 13 55
28 10 12
33 19 51
18 8 53
16 31 91
36 17 80
6 41 67
15 8 20
29 27 41
41 2 4
22 12 0
1 15 95
29 22 16
29 28 63
32 2 75
23 20 36
33 26 61
28 14 15
21 10 74
26 38 82
37 9 18
3 35 36
5 29 83
31 30 19
20 4 48
12 18 67
17 17 37
12 8 96
11 8 43
38 15 12
13 12 53
28 22 32
13 15 45
28 11 19
15 28 48
37 22 41
11 22 71
27 4 81
38 15 77
33 25 62
11 2 85
2 12 56
4 2 25
24 11 65
27 28 87
27 3 21
30 6 58
20 37 93
9 35 0
16 16 70
24 19 97
16 22 32
4 37 81
20 35 28
27 16 78
14 3 37
16 17 70
29 16 70
39 18 29
29 37 55
27 2 82
15 35 32
1 36 44
24 6 14
24 14 86
28 20 77
27 36 50
39 28 81
9 13 21
22 12 35
9 18 16
15 34 94
2 7 65
37 18 40
41 36 29
11 17 33
28 39 30
39 10 44
28 30 20
14 25 89
18 16 81
25 28 50
40 27 63
13 23 15
31 4 65
28 6 23
40 8 34
8 29 14
12 28 32
9 3 62
17 20 26
1 30 63
39 34 64
29 17 37
19 40 60
9 39 88
25 2 42
3 24 26
17 33 12
22 2 54
2 40 39
21 30 13
8 5 83
40 7 2
3 3 90
3 34 23
4 5 51
6 37 83
21 13 96
1 5 6
37 22 100
2 33 42
1 11 64
27 12 4
33 15 8
11 1 79
34 22 81
8 41 60
28 15 39
34 36 63
17 19 66
20 17 40
11 40 70
22 32 91
14 22 74
9 34 94
30 39 54
15 10 23
22 7 26
21 22 74
24 12 100
41 36 21
11 21 94
7 28 77
17 21 4
10 9 79
16 11 62
36 24 84
40 27 89
9 15 22
12 15 47
14 29 19
28 4 14
28 17 24
6 16 59
4 26 47
13 7 77
21 40 43
1 2 5
3 10 70
37 17 13
16 39 98
7 26 99
39 10 14
28 32 62
19 26 35
13 35 12
4 34 10
33 40 60
36 2 41
41 13 94
40 27 90
12 5 84
3 17 16
13 3 23
21 1 71
39 41 43
17 29 11
6 26 81
16 26 13
34 36 98
14 35 88
17 16 75
18 3 36
10 27 65
17 2 56
21 21 20
29 17 54
1 25 19
31 16 7
39 24 89
36 11 69
5 5 11
28 23 36
39 24 49
33 8 10
19 10 62
35 13 21
30 5 2
24 13 34
27 39 98
31 3 15
14 39 46
26 24 8
37 7 45
35 36 53
17 39 35
6 9 36
13 11 94
12 25 95
23 17 40
18 33 18
27 28 90
13 34 42
26 10 85
32 15 48
33 12 36
25 1 12
19 14 47
25 29 68
26 12 94
2 7 47
40 11 47
28 4 65
14 22 19
7 21 96
13 39 37
1 29 65
9 13 87
28 13 0
31 12 86
41 9 51
7 23 67
9 30 69
14 18 30
39 13 28
38 10 71
34 18 19
26 24 10
5 12 98
19 11 84
18 4 19
40 11 30
25 28 21
5 20 37
34 12 75
2 19 4
37 35 85
20 33 95
30 16 17
36 17 84
6 37 94
41 34 66
33 9 15
13 14 73
3 12 55
41 40 55
36 34 95
34 37 73
14 2 32
7 18 10
34 22 49
35 39 26
23 23 85
10 9 50
21 8 80
20 3 38
29 5 11
6 10 56
39 6 81
35 23 98
2 34 71
34 6 75
41 21 83
30 10 35
11 30 55
22 9 68
16 25 0
2 9 84
14 34 16
14 31 92
16 36 49
8 8 20
39 29 0
11 35 11
38 15 39
3 9 23
7 40 23
41 1 71
22 29 56
8 35 65
10 14 79
12 21 66
2 16 72
37 15 7
25 19 0
27 6 14
4 11 74
30 39 8
35 26 85
21 2 4
19 5 78
33 23 16
1 2 63
10 17 59
30 18 81
14 32 36
23 9 69
41 14 68
20 27 62
15 14 90
27 28 50
19 21 58
16 36 35
20 2 91
35 7 23
30 41 12
24 15 25
3 17 29
23 36 45
27 21 52
22 24 100
5 31 14
40 22 86
11 41 44
39 28 100
41 16 33
17 4 100
8 13 9
23 20 30
29 6 22
28 34 39
6 22 27
2 13 31
2 20 57
29 29 65
3 31 63
3 26 11
12 28 7
15 11 25
12 32 82
17 31 28
4 11 12
16 36 34
34 6 11
24 24 55
16 7 77
3 26 58
35 38 59
18 41 54
3 26 92
16 13 84
32 23 15
35 3 52
19 34 21
25 15 47
18 36 92
3 30 88
27 24 27
14 30 24
24 20 67
25 3 82
22 24 8
29 41 29
18 26 43
31 31 35
37 12 80
9 5 62
2 8 45
5 3 76
10 8 19
15 31 2
35 2 12
19 27 95
25 4 60
7 40 55
16 23 48
2 32 41
3 29 4
40 34 67
16 11 47
21 38 84
24 27 80
13 7 91
26 22 11
6 41 37
6 32 78
37 18 72
37 26 16
35 11 21
28 3 33
30 28 57
20 6 1
5 40 8
40 3 41
31 29 73
38 11 78
4 13 60
26 5 15
8 9 24
17 40 98
23 39 74
35 37 39
39 20 91
35 6 19
28 24 83
26 23 63
24 25 38
2 16 51
39 1 77
13 28 43
11 32 75
10 31 85
7 33 51
41 19 34
21 36 8
38 4 23
28 16 84
5 25 73
18 7 84
17 11 82
26 20 10
9 28 17
37 15 16
23 23 10
4 35 45
13 15 38
35 39 54
16 15 67
37 36 55
9 11 65
35 21 14
35 26 45
31 27 9
38 34 27
14 1 95
9 23 19
5 9 41
9 1 71
9 19 48
26 41 84
26 24 96
20 41 11
36 34 74
22 3 84
10 9 65
19 6 68
26 20 68
32 6 67
15 21 19
19 33 91
22 34 18
19 13 7
23 1 92
28 36 63
11 13 62
15 32 74
27 2 77
21 41 64
15 39 18
32 38 53
15 11 45
23 6 100
36 3 82
21 38 45
28 30 88
12 14 41
21 32 33
19 14 89
28 27 45
31 22 53
30 14 88
41 24 92
22 16 85
21 19 70
41 27 16
23 39 65
37 31 14
2 39 61
38 25 88
33 34 92
32 30 75
14 7 9
11 20 29
9 32 75
32 41 29
38 28 77
8 2 92
19 24 56
5 24 41
40 22 28
35 14 77
12 36 86
7 11 30
13 12 60
18 23 66
38 39 87
41 41 12
38 9 32
5 1 41
38 41 60
5 22 97
38 29 0
32 3 1
37 4 5
11 3 81
37 31 25
7 12 20
35 4 59
29 36 65
23 10 65
2 19 78
5 25 78
6 31 82
38 39 5
21 1 80
24 10 20
10 39 11
1 36 83
4 10 43
12 23 2
38 10 26
33 13 86
9 41 5
11 10 22
14 25 90
41 18 60
12 7 96
8 1 93
39 19 94
32 26 47
30 32 64
24 25 25
7 33 23
33 35 24
40 25 70
1 9 38
24 1 75
32 19 31
4 3 67
6 11 2
27 3 56
30 22 2
11 32 35
7 8 41
11 16 74
22 31 48
35 8 49
6 31 40
34 38 55
18 34 28
16 25 94
14 1 42
24 19 73
25 26 35
22 10 43
13 1 29
10 40 76
40 17 81
27 30 87
32 29 20
19 11 40
40 7 30
22 40 63
4 31 33
14 1 80
29 38 55
3 41 14
2 17 84
15 11 5
32 1 84
31 26 4
14 10 38
3 29 5
1 21 67
13 38 47
40 22 27
26 29 86
24 23 2
30 23 32
8 37 85
13 14 3
39 21 80
21 40 57
40 4 86
34 16 72
24 27 23
10 25 92
7 10 80
29 40 22
16 7 75
12 27 47
25 35 58
3 34 62
27 30 18
25 13 15
36 21 91
7 4 48
13 20 45
28 12 95
24 37 21
26 24 67
6 35 26
20 41 41
25 32 21
30 9 8
33 39 18
19 34 89
38 36 17
17 37 55
19 33 29
11 21 35
29 31 67
16 5 27
28 24 22
38 9 88
23 25 28
21 37 66
22 18 41
39 1 19
36 37 56
38 10 34
11 36 65
19 36 72
5 24 26
1 32 72
4 28 44
28 16 8
41 19 62
39 16 35
29 31 64
24 28 9
10 29 11
24 17 2
30 6 48
32 19 52
10 29 9
31 35 35
8 33 93
19 40 26
38 29 24
13 20 19
31 11 84
16 10 80
16 39 55
22 26 21
1 15 63
3 12 81
15 9 48
26 24 51
34 37 22
26 29 57
24 5 46
20 12 97
17 31 45
39 40 45
6 13 80
4 36 84
25 32 37
14 22 47
13 32 69
