8
6364
1 3 78
4 7 75
2 7 66
2 1 85
1 4 88
1 2 47
3 2 85
8 1 41
1 4 46
7 2 54
5 3 4
7 5 48
2 7 87
6 3 31
3 1 67
4 6 66
6 4 90
7 4 9
7 6 59
6 3 53
6 1 82
4 1 43
4 8 90
1 1 47
7 3 66
4 8 62
4 3 21
8 1 16
1 4 70
8 5 8
7 3 59
2 1 8
7 6 80
3 7 89
7 5 89
5 3 8
5 2 4
2 2 72
1 1 24
8 2 60
3 8 4
4 1 99
4 8 76
8 1 35
6 4 57
5 5 0
1 7 77
3 1 44
2 2 55
1 5 27
2 3 31
7 4 9
7 8 54
8 7 33
7 5 43
1 8 73
7 4 20
7 3 78
8 7 68
5 7 92
5 2 51
8 1 47
3 6 90
2 8 37
1 5 47
8 4 80
7 4 96
1 6 21
1 6 82
1 6 70
4 4 34
2 5 99
6 8 88
4 7 87
1 6 53
2 6 25
3 8 50
4 1 9
4 1 61
8 6 71
8 2 93
6 2 0
8 1 61
4 4 12
4 2 81
1 4 26
5 5 47
2 3 69
1 2 75
7 5 33
1 1 67
3 8 39
2 8 31
1 3 27
5 2 87
3 1 54
3 7 13
6 1 96
8 6 6
1 5 70
3 6 58
2 1 0
6 8 28
7 8 47
6 1 28
2 8 13
4 8 62
3 5 3
4 8 33
2 2 73
2 2 19
8 4 29
4 1 100
2 3 85
1 7 39
6 2 99
4 6 25
7 1 4
6 4 48
2 7 28
2 2 51
8 3 60
5 1 36
6 3 62
2 5 32
1 5 10
5 3 4
1 6 76
4 1 88
5 2 54
8 2 31
8 7 33
1 4 72
2 4 17
3 3 36
2 6 52
1 4 87
2 4 99
5 1 66
1 8 39
5 8 27
7 4 49
3 2 13
1 4 15
4 2 47
7 4 10
2 7 44
2 4 39
6 4 52
8 8 43
2 5 7
8 1 2
2 5 97
2 6 8
1 3 33
3 5 45
8 4 23
8 7 1
8 1 66
1 1 22
4 2 55
4 5 44
4 3 68
2 2 24
2 1 63
6 2 68
1 8 100
6 5 19
1 5 47
3 1 77
3 7 65
3 4 84
3 1 5
3 8 41
1 2 71
3 8 27
1 2 84
6 8 76
2 1 44
1 6 38
4 2 27
3 8 14
6 1 99
4 6 0
3 6 86
1 4 53
4 8 55
5 3 56
7 8 28
6 2 54
2 4 53
2 5 24
2 8 78
2 6 23
5 7 4
6 7 87
1 8 75
3 8 99
3 2 75
1 3 10
8 5 24
8 4 6
7 7 1
6 6 71
6 1 92
4 8 99
2 7 85
8 7 75
8 5 36
5 4 49
8 1 97
5 4 31
6 6 19
2 4 85
6 7 10
1 4 89
2 6 19
1 1 85
4 5 36
7 4 45
7 7 22
4 4 63
4 8 15
3 6 18
5 7 95
2 7 22
8 4 18
8 2 99
7 8 49
8 1 46
1 1 33
4 4 48
7 6 56
6 3 67
1 6 56
6 7 17
6 4 59
7 4 16
4 8 8
3 2 75
1 4 5
3 6 71
2 7 48
7 5 87
7 1 98
3 7 16
4 5 46
5 8 92
3 8 25
3 6 18
7 6 53
5 1 47
3 8 30
2 3 71
7 4 66
8 6 52
8 5 20
8 7 40
5 2 75
8 8 71
7 6 32
5 8 47
1 6 60
4 6 10
7 7 8
2 4 54
2 4 48
2 2 24
3 5 36
2 4 34
8 6 63
8 3 51
5 3 71
3 6 49
7 8 32
2 8 8
1 3 33
2 2 66
8 1 22
2 6 94
6 2 57
1 1 87
4 8 18
1 8 77
5 3 31
5 5 67
8 8 80
3 7 77
2 6 48
6 1 46
1 6 28
1 2 46
4 4 72
8 4 31
2 5 53
8 8 33
8 5 74
1 2 89
8 7 34
4 4 74
7 3 1
2 7 37
2 7 31
6 3 36
3 4 87
2 3 64
7 6 76
4 1 28
4 2 98
8 8 88
8 6 70
2 7 33
5 1 95
8 5 44
8 8 86
5 3 34
5 3 52
5 6 82
4 1 99
2 6 54
4 6 45
3 6 80
5 4 23
1 8 0
7 4 14
3 2 23
7 5 25
1 5 11
8 5 70
5 5 7
6 7 13
1 2 32
6 3 84
8 3 56
6 8 60
6 2 70
5 1 86
8 7 67
8 8 90
8 4 16
4 7 65
7 7 28
8 5 33
5 5 8
8 1 45
1 2 63
3 4 46
2 6 1
5 3 76
7 1 95
4 4 26
4 5 53
2 8 57
8 4 53
6 8 93
2 7 44
3 2 10
5 5 45
8 1 4
6 5 96
6 2 43
6 1 72
4 5 22
5 8 46
4 8 66
2 5 66
3 4 63
8 3 0
5 4 75
6 4 78
1 8 79
3 1 72
1 6 12
4 8 32
2 1 72
6 1 77
7 5 44
5 6 38
3 3 31
3 8 43
7 1 33
5 1 29
3 2 31
1 8 50
5 1 4
1 6 46
6 8 58
2 6 17
2 2 12
2 7 12
5 2 30
6 5 98
5 1 66
6 7 60
3 1 36
3 6 48
6 1 80
2 8 89
4 7 14
8 6 82
3 5 40
3 6 87
2 6 33
8 1 28
2 2 15
1 8 37
8 7 59
1 6 51
1 3 49
2 2 86
7 4 11
8 7 6
8 5 9
6 7 54
4 7 48
3 3 29
6 2 87
3 5 8
2 2 31
3 3 95
2 5 72
2 5 36
3 1 59
3 3 85
2 4 35
2 8 72
3 5 69
5 4 52
3 6 10
6 1 91
4 8 54
3 6 80
3 5 42
4 3 56
2 7 34
4 7 51
3 1 54
3 5 78
7 7 81
4 6 3
2 3 49
7 7 39
6 8 95
2 7 21
4 7 38
4 5 83
6 1 72
6 1 84
5 8 79
8 5 64
3 3 11
1 1 84
1 2 44
1 4 23
7 6 58
5 5 82
1 7 78
7 6 28
6 3 75
7 6 55
3 8 95
3 1 83
8 7 87
7 4 63
8 6 20
6 7 16
1 4 51
7 8 39
3 2 8
7 4 83
4 4 38
5 4 63
7 3 56
8 1 55
7 6 30
1 3 2
3 1 7
8 3 75
2 8 64
8 6 13
2 3 30
3 2 1
8 6 89
6 6 25
7 4 85
3 8 75
2 6 12
4 3 72
3 3 44
1 5 68
5 7 47
1 1 35
7 3 18
7 2 23
8 2 79
5 1 12
4 6 87
4 2 70
7 1 42
7 5 24
8 8 60
4 1 78
3 2 48
8 8 16
5 3 10
8 1 7
2 8 5
5 4 45
3 7 57
7 7 35
4 1 50
7 5 26
1 6 70
3 2 85
2 6 41
6 7 92
1 7 52
2 6 90
3 6 19
3 2 97
3 5 12
3 8 54
8 4 16
7 7 56
8 4 23
1 5 13
7 6 65
7 1 14
2 6 35
6 4 88
2 1 57
2 5 70
6 3 92
7 6 82
4 3 38
5 7 9
7 7 79
7 8 93
6 8 46
6 8 27
5 8 75
8 7 14
7 1 17
4 4 38
1 2 1
7 3 46
6 8 35
8 5 89
4 1 4
4 6 59
2 2 89
3 1 55
8 5 89
4 5 66
2 5 54
1 5 63
2 8 100
1 2 1
8 6 38
8 4 63
2 4 30
5 6 13
5 4 30
6 6 75
3 2 90
8 7 10
6 8 53
2 2 44
6 6 54
8 8 28
2 8 18
3 4 12
2 2 2
2 2 6
4 1 21
1 6 71
5 8 6
5 6 87
7 2 29
8 3 55
8 8 3
7 4 71
1 3 46
4 5 3
2 5 2
6 4 5
5 8 70
8 4 83
8 1 89
6 6 81
1 5 60
4 6 62
4 1 19
7 3 60
5 3 90
8 5 68
6 2 40
6 2 74
6 7 48
4 5 82
4 5 56
7 4 49
6 3 25
2 3 43
6 6 35
7 3 53
3 4 78
2 7 59
3 2 43
8 2 81
3 7 67
6 6 62
3 5 11
8 6 9
4 1 32
2 8 57
1 5 12
4 2 94
1 3 13
5 6 28
1 7 85
1 1 89
3 1 55
3 1 19
8 1 20
3 6 9
4 8 49
5 3 11
7 2 31
1 3 79
8 6 98
3 2 41
2 1 30
4 8 13
1 6 11
3 6 48
5 6 16
6 6 40
7 8 68
5 4 38
2 7 44
2 5 71
4 8 84
4 5 14
6 4 93
6 7 53
3 3 100
8 7 89
1 8 3
6 3 74
1 2 73
7 6 92
3 7 34
2 8 8
8 5 11
5 6 55
3 4 33
3 4 15
2 7 12
3 8 2
7 3 52
3 6 26
6 1 84
8 5 99
6 6 49
1 2 97
4 3 60
2 3 36
2 8 43
3 5 99
7 6 37
8 1 58
8 7 20
7 4 71
1 3 2
8 1 48
2 7 11
8 3 75
4 8 15
6 1 26
1 4 86
5 7 7
6 5 75
8 3 49
5 4 34
6 6 71
5 3 81
4 1 95
3 7 30
3 3 1
7 2 74
4 2 69
2 2 95
4 3 11
6 4 9
6 7 87
7 2 13
3 1 98
7 1 91
6 1 0
5 8 63
5 4 4
2 8 95
5 4 73
2 2 59
4 2 64
4 8 36
5 5 34
4 5 35
5 2 44
4 4 62
2 6 60
4 3 98
5 2 78
3 2 85
7 5 62
8 7 32
4 7 49
1 3 80
3 5 72
5 7 61
3 1 62
4 5 15
6 7 72
8 1 52
8 8 28
8 8 86
1 7 100
4 6 48
1 3 34
1 5 66
4 3 17
5 7 75
2 1 81
1 5 14
6 8 44
3 7 24
1 8 4
4 7 88
8 8 74
6 5 33
7 8 26
6 1 35
6 5 35
6 3 2
5 6 88
1 3 8
1 8 70
5 5 30
1 6 62
4 4 89
8 4 27
4 3 55
3 7 61
3 4 7
3 8 4
2 7 17
8 2 62
5 6 42
1 4 85
8 8 5
4 3 44
3 4 85
1 2 45
2 4 30
2 7 95
1 5 34
6 3 44
1 5 57
2 7 16
4 8 46
3 8 4
7 8 76
6 4 80
2 8 44
4 5 55
2 5 91
6 4 59
4 7 92
7 6 100
8 3 79
8 4 76
1 4 53
1 1 11
3 5 14
3 6 32
1 7 11
7 6 96
2 4 89
8 4 96
1 4 18
2 5 51
1 1 64
3 1 86
6 7 86
1 6 25
5 3 32
5 3 57
8 2 54
4 2 49
2 3 72
4 4 96
2 6 92
3 7 93
3 8 33
4 6 60
1 3 12
2 7 82
8 6 81
3 8 37
4 8 15
6 8 58
6 2 82
7 3 100
5 1 80
7 8 81
2 3 18
6 7 82
4 8 76
4 8 3
2 2 61
5 2 7
4 8 73
1 4 64
1 5 30
3 2 37
1 3 48
1 4 81
2 8 34
4 4 27
5 4 40
6 2 46
4 6 65
1 3 6
1 2 94
8 1 40
4 1 81
3 3 18
6 8 79
4 8 33
1 6 16
4 3 85
6 6 3
5 4 35
2 2 94
8 1 89
8 2 43
4 4 0
6 1 26
8 7 85
1 8 40
6 3 20
7 3 35
2 5 70
3 5 73
7 6 46
3 6 36
6 7 99
5 2 87
4 1 20
4 1 42
7 8 8
3 8 23
6 1 28
3 4 4
2 3 85
1 7 10
6 4 81
1 2 92
7 2 100
5 5 94
4 4 88
6 2 67
1 4 87
4 6 17
1 1 5
4 6 21
3 6 45
3 5 78
3 7 43
3 1 69
5 2 87
3 4 30
4 8 73
4 3 11
5 7 52
3 7 4
1 5 78
7 7 40
2 1 90
3 4 60
6 7 32
8 5 13
1 3 49
6 4 96
6 3 99
3 3 37
6 3 35
5 1 88
5 8 81
5 1 43
3 8 44
8 5 25
2 6 80
4 1 29
6 7 47
8 1 57
8 1 24
2 2 23
5 8 14
1 7 87
2 6 90
3 8 57
4 5 2
3 6 64
3 4 18
3 2 93
3 8 17
7 7 65
5 6 100
7 7 27
5 4 48
5 3 61
1 6 90
5 6 57
4 8 41
5 4 15
2 6 66
7 8 87
4 3 35
4 3 63
1 7 40
8 1 12
2 2 91
6 3 52
2 2 1
4 7 28
3 5 91
6 3 62
5 5 31
7 4 8
6 5 88
8 1 33
8 4 28
2 7 77
6 8 18
3 5 46
2 2 48
7 6 81
5 1 23
8 5 66
4 5 6
1 2 9
8 1 35
2 8 24
1 3 48
8 5 33
5 4 26
8 8 5
7 1 47
8 7 52
8 3 29
2 2 61
1 5 92
1 2 81
3 8 69
5 8 68
7 6 4
8 2 13
6 4 63
8 1 12
6 4 48
2 4 38
4 8 1
7 6 46
5 5 56
8 2 92
8 2 93
4 2 72
3 3 85
5 2 83
8 6 26
3 8 33
6 8 54
6 6 25
1 8 31
4 5 24
8 5 46
3 1 54
5 6 88
3 4 50
6 8 67
8 4 10
7 8 36
7 3 96
7 2 0
3 3 27
2 7 5
8 5 82
2 4 96
7 6 61
6 7 29
1 7 24
7 5 79
7 3 25
1 6 39
1 5 19
4 5 75
8 2 40
7 4 50
8 6 25
5 8 86
2 8 4
4 8 75
6 5 8
7 8 54
2 6 40
6 3 36
5 7 72
8 4 3
6 6 84
2 2 54
1 4 0
7 2 60
7 3 13
1 3 41
5 5 70
1 5 64
6 8 35
5 7 24
2 8 15
8 3 43
3 8 74
7 7 76
6 3 55
3 2 10
3 3 34
4 8 26
1 6 9
7 7 99
6 1 40
7 1 89
8 5 79
2 5 41
5 6 55
1 1 14
3 7 44
2 5 76
3 8 43
1 3 72
5 1 18
1 2 25
6 5 35
8 6 2
3 8 70
5 5 66
5 8 92
1 3 1
6 4 77
3 1 12
8 2 90
3 1 41
3 6 5
5 5 69
6 3 82
2 1 7
1 3 0
6 5 15
1 3 81
7 1 37
6 4 37
6 8 45
5 1 82
2 3 75
8 7 95
8 7 72
6 1 44
2 8 86
5 2 10
8 8 48
4 6 55
5 8 79
6 7 56
6 5 98
4 6 78
7 3 51
1 4 36
3 6 33
6 6 50
5 4 46
5 3 99
8 4 10
2 8 77
4 5 71
8 3 2
1 1 55
3 3 42
3 8 52
6 6 96
3 7 44
1 6 32
4 2 89
7 6 89
6 5 44
7 2 37
8 8 48
7 2 23
1 6 33
6 2 84
6 5 22
1 5 89
7 2 56
2 5 19
3 4 18
2 6 12
7 3 90
6 5 27
2 6 68
6 5 43
1 5 18
2 8 72
3 6 71
2 5 3
3 3 54
4 7 82
7 1 20
6 2 71
5 1 42
3 2 37
1 3 55
8 3 14
4 4 34
1 5 7
6 2 44
6 5 11
8 1 28
5 4 49
1 4 14
2 8 4
1 5 12
7 2 87
2 4 57
6 2 76
2 4 43
6 6 6
2 7 74
3 4 56
5 7 53
1 5 56
3 6 62
8 1 96
5 8 86
4 7 15
8 1 46
2 6 53
8 8 73
4 3 96
5 3 94
7 2 88
3 6 27
5 6 77
3 8 84
4 2 70
4 2 3
3 1 78
7 1 12
1 2 20
7 8 43
8 1 42
2 7 54
1 8 68
1 6 32
4 5 68
6 6 15
7 6 82
2 6 11
2 5 15
8 7 45
2 8 96
7 1 25
6 6 83
7 6 90
7 5 64
8 4 6
2 6 16
7 6 8
5 5 95
7 7 28
2 1 7
7 8 90
4 5 48
7 1 65
8 5 96
6 8 26
5 4 14
4 3 53
7 7 65
4 4 47
6 5 92
7 1 38
5 7 14
1 7 14
1 5 31
5 2 44
3 7 43
8 5 19
5 7 31
6 2 19
7 4 71
3 6 57
1 1 77
5 8 21
3 6 82
8 3 54
3 5 83
5 2 62
4 7 88
2 7 68
7 6 66
5 4 15
6 2 10
7 4 1
4 8 56
7 2 69
3 4 58
7 3 89
8 2 38
6 6 69
1 8 42
1 2 49
6 6 67
5 6 72
6 6 41
1 7 14
3 7 2
5 7 35
6 6 31
3 6 85
8 8 63
3 1 84
4 4 21
5 4 50
3 5 86
7 4 44
3 1 78
6 8 0
1 8 50
1 8 38
7 2 17
2 8 3
2 8 95
2 7 61
4 6 97
7 3 20
3 1 33
1 4 9
3 4 51
8 4 0
8 6 73
3 3 16
4 6 35
4 7 61
3 7 52
8 6 11
6 5 75
2 7 44
2 2 77
5 1 23
8 4 50
4 2 24
7 3 29
3 5 80
1 7 46
8 6 90
1 5 48
3 6 77
7 6 47
3 7 21
7 2 29
2 4 31
2 1 71
5 6 64
1 8 96
8 2 27
5 1 63
3 6 29
5 3 15
8 7 15
4 6 93
2 6 9
2 3 87
3 5 46
5 5 20
8 7 73
2 6 15
2 5 31
2 3 43
6 4 63
8 8 40
3 4 62
5 1 22
7 5 45
4 1 98
5 7 39
2 6 48
5 6 57
7 2 26
8 8 85
4 6 15
7 1 55
4 8 46
6 5 45
6 4 90
2 6 70
6 8 74
7 8 6
8 7 5
6 8 9
1 7 50
5 6 73
2 2 23
5 6 85
2 3 89
8 8 92
3 2 26
7 3 20
3 5 93
4 8 13
7 7 52
4 1 100
2 6 67
3 7 35
8 1 69
4 7 50
3 2 48
8 1 53
6 1 59
4 3 58
6 6 23
4 3 17
5 4 64
8 5 84
3 8 92
8 4 90
2 2 94
4 6 10
6 7 24
1 6 24
7 7 22
5 8 36
1 8 0
5 1 27
8 3 12
1 1 13
5 3 26
1 5 67
4 5 34
6 7 85
6 5 79
2 5 47
7 5 83
2 5 56
1 6 20
2 3 60
2 1 15
1 1 38
3 4 77
4 3 69
1 3 35
1 8 14
1 2 82
5 4 6
1 2 22
6 5 36
8 5 19
2 7 85
6 5 76
7 8 46
2 5 28
5 6 41
3 7 14
4 8 80
8 3 43
4 5 79
7 6 56
8 7 6
8 6 86
5 2 71
1 5 74
5 3 90
7 4 37
3 8 31
4 3 95
3 4 1
2 1 53
4 2 88
7 8 87
5 8 0
2 3 92
4 2 94
6 8 61
2 8 72
3 2 83
8 7 67
6 7 73
8 6 85
2 4 49
1 5 56
6 3 9
5 4 8
7 5 59
3 1 47
2 2 81
1 4 6
2 8 70
4 8 89
1 6 75
1 5 92
7 2 93
4 5 85
3 7 28
3 7 8
4 4 94
5 8 71
1 8 21
2 8 77
6 1 6
5 2 0
2 5 9
1 6 28
6 3 15
6 5 90
7 3 45
1 1 96
7 8 45
3 6 98
5 2 50
7 6 49
8 6 64
3 6 38
8 3 41
5 4 98
7 8 78
3 4 67
8 2 26
2 5 78
8 4 86
4 7 75
5 7 18
4 8 20
7 4 10
5 8 73
5 5 33
4 3 56
3 5 37
2 2 79
4 6 74
2 8 95
4 7 11
6 3 14
2 3 13
3 5 4
1 6 87
5 1 81
7 8 25
1 6 70
7 8 29
1 3 77
6 4 39
4 2 94
6 2 9
7 3 74
6 3 97
6 4 85
6 7 33
3 4 59
3 5 56
6 5 50
4 8 8
8 2 11
3 2 61
5 6 63
5 4 45
6 5 82
3 5 75
5 5 96
7 6 22
4 3 77
6 4 42
2 7 34
3 8 87
5 5 79
4 6 28
6 4 8
3 4 55
3 5 44
6 1 66
8 8 99
8 8 33
8 2 69
5 5 77
1 5 26
8 8 98
7 2 13
6 2 77
7 8 12
8 1 66
3 1 12
8 8 74
5 3 76
1 8 73
3 5 32
1 5 5
8 6 8
7 6 37
5 4 41
2 5 90
5 2 32
3 7 67
7 2 94
4 4 89
2 8 49
3 5 43
3 4 74
1 1 87
4 6 14
3 5 86
6 7 17
3 2 55
1 4 10
3 3 95
3 1 20
3 5 51
8 4 2
5 5 3
7 3 14
8 7 60
2 5 92
1 6 3
1 8 51
3 3 90
6 8 1
4 4 24
4 2 29
5 8 79
6 1 68
2 4 70
8 3 63
6 1 69
2 7 20
6 3 52
1 5 67
6 3 55
6 6 61
5 4 77
2 6 15
8 5 21
7 6 93
7 7 59
5 6 97
6 3 10
5 7 48
5 1 89
5 2 59
7 6 3
6 8 23
6 5 65
1 7 43
6 5 100
4 3 5
4 6 64
1 4 30
2 1 11
2 8 71
8 2 26
2 4 51
2 6 35
1 7 74
3 5 64
5 4 42
1 8 51
3 8 56
7 7 25
1 1 41
7 4 60
3 8 62
6 8 75
3 2 51
5 1 67
1 6 7
1 6 67
8 8 34
6 8 74
3 7 81
1 7 31
2 7 97
5 3 24
3 1 32
6 3 86
5 6 72
8 3 26
4 1 6
6 3 53
4 3 38
2 4 51
3 4 20
3 2 53
6 4 4
5 7 58
1 6 76
8 2 79
7 2 59
1 1 31
2 8 84
1 3 96
1 5 67
5 2 97
3 4 14
2 1 12
2 3 59
8 8 62
7 7 21
2 5 18
8 4 40
6 7 16
5 2 93
2 5 77
5 5 28
4 1 58
7 2 21
3 6 33
3 8 83
6 5 49
4 1 16
2 5 67
4 8 97
4 1 19
2 6 84
6 7 94
3 8 53
1 6 53
4 5 46
6 4 13
5 4 71
8 7 51
5 8 90
8 1 37
3 8 7
8 6 35
7 8 52
6 3 57
5 3 53
1 4 42
4 1 90
3 6 34
2 1 85
5 5 33
6 3 92
5 1 19
8 2 30
5 5 98
3 2 25
4 2 38
4 5 66
6 7 51
1 3 28
5 8 89
1 5 59
7 6 31
3 4 90
3 4 52
6 7 19
8 1 56
5 5 77
3 5 5
2 2 24
1 3 7
8 3 9
2 7 89
4 7 28
5 5 24
1 6 78
5 6 60
7 3 79
2 4 49
6 5 62
8 1 49
2 7 92
4 7 47
3 8 4
5 6 91
5 2 63
7 1 92
1 6 26
3 2 97
4 7 16
7 5 93
2 4 7
3 6 94
4 8 14
7 3 1
7 6 63
6 3 45
3 7 86
2 4 28
2 2 81
5 1 33
1 7 45
7 6 47
1 7 20
8 5 53
1 1 6
4 6 88
5 8 65
4 8 67
6 1 14
4 5 22
2 8 86
5 6 13
1 3 47
7 8 7
5 7 79
6 3 64
6 5 70
7 6 36
4 5 51
2 6 67
6 5 40
5 4 11
1 8 87
2 4 44
3 7 81
4 3 49
4 1 20
6 4 6
4 2 88
7 4 56
3 4 91
3 2 12
7 5 42
7 2 69
7 5 48
5 4 95
1 6 26
6 4 25
2 1 58
8 2 7
5 8 71
3 1 6
7 1 3
4 2 91
4 6 92
8 5 91
1 8 83
5 2 47
4 2 77
5 8 82
4 4 71
8 6 73
1 1 50
4 5 21
2 5 70
4 3 91
1 4 10
6 8 90
6 5 79
4 7 79
1 4 21
8 3 54
2 1 58
2 3 99
7 4 7
6 3 22
1 3 62
5 3 46
7 4 78
2 8 13
3 3 72
5 3 4
8 4 94
4 2 45
2 2 52
5 8 59
1 7 25
8 1 98
3 3 4
5 5 93
8 1 91
8 3 29
8 8 3
5 1 2
6 3 66
7 5 12
5 8 31
8 4 75
3 2 91
6 7 46
1 3 47
4 8 24
6 7 41
3 6 63
5 6 57
1 3 85
2 5 15
5 8 10
6 7 76
8 8 0
5 2 62
8 2 7
2 6 90
8 6 69
8 5 58
5 4 84
4 2 63
5 5 9
8 5 6
5 7 60
4 5 52
3 8 88
2 3 4
5 7 30
8 2 11
2 4 6
6 4 15
2 5 51
3 2 16
2 2 27
1 8 39
5 8 39
3 1 30
8 4 15
5 2 59
4 6 50
3 2 82
6 5 5
5 2 25
2 6 87
8 5 51
6 7 17
7 6 84
4 2 36
1 6 68
7 4 98
3 3 75
3 3 70
4 3 65
1 1 48
1 8 49
1 1 30
8 4 53
3 5 61
2 3 93
1 3 91
5 6 1
5 1 0
4 7 36
4 8 81
1 3 40
8 4 66
1 5 6
2 1 92
3 7 28
3 7 41
7 4 43
2 7 9
8 4 45
7 8 32
7 8 77
7 1 54
6 2 92
2 4 19
4 1 60
6 1 7
7 3 30
5 8 82
1 8 85
1 6 54
3 7 81
3 5 95
1 8 27
8 3 93
5 1 59
2 1 80
1 1 9
6 1 65
8 5 27
2 5 65
4 3 71
8 7 22
5 6 87
4 8 99
2 3 76
5 5 28
7 2 38
3 8 2
2 5 20
7 2 61
8 5 82
4 1 78
4 6 93
6 2 71
3 8 50
3 7 92
2 2 13
6 6 2
3 7 73
1 3 98
6 3 66
5 8 86
2 7 28
3 8 84
3 4 73
1 5 55
2 6 37
5 8 49
6 3 98
4 5 61
3 7 89
3 7 43
7 3 72
3 3 72
2 5 13
8 6 22
8 7 66
8 7 77
8 8 49
5 8 15
8 5 77
7 2 52
3 7 46
3 1 92
4 5 80
3 6 45
8 1 21
7 1 87
4 8 74
2 1 84
2 2 61
7 3 11
1 1 23
3 8 16
4 4 22
7 6 62
7 6 73
7 3 52
3 4 79
1 7 14
8 5 79
4 5 37
1 4 27
1 7 43
2 8 98
6 7 2
2 5 46
5 5 24
3 5 24
6 5 64
5 3 49
6 7 9
4 4 54
3 7 56
3 5 13
3 6 64
1 1 27
3 3 36
2 7 47
8 8 18
4 3 79
4 7 86
6 7 32
7 3 79
6 5 0
6 4 1
2 5 70
5 4 94
2 4 74
7 3 46
6 8 92
2 6 60
5 1 57
3 6 4
5 4 33
3 3 35
2 3 16
5 1 63
7 3 80
4 7 79
5 8 35
2 5 20
7 8 19
7 1 30
4 4 53
6 3 72
6 2 78
3 8 23
2 6 6
3 8 54
1 3 13
2 4 65
7 2 77
5 7 21
3 2 93
3 1 45
3 1 70
4 2 96
8 1 78
8 4 52
8 7 82
3 1 26
2 5 8
5 1 9
4 7 22
4 1 24
2 4 41
5 1 57
7 7 2
7 3 81
8 6 82
8 4 50
6 8 12
2 7 76
7 8 36
7 2 35
3 2 32
7 6 28
3 5 56
3 2 37
8 5 72
1 6 64
5 3 54
3 6 71
3 6 20
6 8 82
1 1 17
3 1 44
4 4 38
7 7 56
2 6 44
7 8 30
3 8 58
5 3 6
4 2 79
1 1 24
2 7 45
5 8 10
5 8 30
2 1 8
1 5 40
7 4 59
2 4 89
1 7 92
8 3 3
4 5 64
1 5 72
6 4 97
4 2 7
5 1 77
4 3 83
1 4 12
2 6 62
7 1 78
8 6 45
1 3 43
7 6 71
7 7 31
7 1 55
4 3 99
6 4 45
2 5 40
3 1 64
2 8 30
8 7 22
6 3 28
8 6 73
2 5 5
6 5 79
4 8 28
4 6 26
4 2 53
5 8 19
1 4 76
4 8 8
3 1 45
8 8 91
8 3 19
5 7 95
5 2 100
6 1 52
8 3 99
7 5 14
5 8 96
8 6 96
4 4 62
1 2 9
1 2 51
6 2 100
5 2 13
4 1 23
5 4 19
2 4 62
2 6 9
1 5 27
6 1 72
5 4 53
6 6 60
7 1 83
6 5 95
4 3 60
2 4 94
2 1 99
8 8 18
3 1 38
6 2 88
7 2 18
5 7 43
8 6 87
4 6 76
1 7 68
1 2 46
7 3 100
4 4 99
2 2 27
7 1 70
1 2 77
4 7 35
5 4 15
4 5 31
2 3 83
1 4 47
4 3 8
3 5 8
8 7 96
1 6 23
2 6 21
6 2 87
2 1 86
5 7 96
3 3 20
2 3 71
1 3 8
5 5 76
8 2 63
6 6 97
6 3 3
2 4 26
6 6 66
5 2 5
6 2 37
5 5 74
7 1 49
1 4 51
1 6 38
7 3 10
1 5 18
5 2 61
3 2 91
2 7 66
3 8 76
3 2 83
8 2 5
5 4 28
3 7 70
5 5 56
6 3 82
8 3 47
4 6 24
4 5 21
8 6 14
1 2 57
3 8 16
5 1 52
2 4 27
2 2 94
3 5 81
7 7 46
8 1 29
3 1 2
3 8 70
1 2 42
2 8 23
3 8 49
4 6 91
3 3 40
5 6 15
6 7 93
7 8 4
1 8 31
5 1 5
1 1 74
1 2 50
6 7 68
6 6 61
8 4 29
2 8 35
8 5 40
2 1 92
5 4 45
6 8 14
6 6 37
5 5 89
7 7 92
5 2 23
3 8 97
2 2 100
2 6 19
5 8 58
6 1 84
8 4 38
3 7 0
3 4 17
8 8 50
1 7 56
3 1 45
5 1 44
4 5 59
8 1 36
1 6 32
4 8 23
2 7 84
5 3 75
8 4 31
1 2 40
6 5 14
4 8 51
2 1 99
2 2 3
5 6 29
5 3 29
1 2 83
7 1 63
4 4 6
2 6 19
4 3 74
6 7 14
3 4 0
6 2 96
2 3 76
3 5 47
2 7 97
3 8 59
6 4 83
4 2 70
8 6 19
2 1 80
2 3 1
1 7 51
7 3 62
6 3 65
5 7 42
3 8 31
8 5 58
7 4 31
5 7 63
2 4 98
2 2 14
4 1 85
2 6 63
3 3 43
7 2 82
2 5 30
4 7 28
7 5 36
7 1 20
8 3 72
4 5 4
1 3 82
4 8 100
8 3 64
8 2 36
1 2 43
1 3 32
2 7 29
6 4 88
5 1 54
7 6 25
2 2 72
5 5 63
6 2 52
5 5 21
1 2 20
3 5 60
7 1 7
4 7 35
1 1 92
1 8 44
6 6 16
6 5 23
1 2 76
6 6 22
1 7 93
8 4 42
8 5 65
2 7 52
7 7 97
3 2 81
5 4 73
1 1 11
8 7 39
2 1 69
3 7 38
8 6 27
5 5 90
6 4 2
7 5 96
5 5 31
6 1 70
6 2 34
7 6 45
4 6 75
2 6 83
4 5 21
8 3 83
2 1 52
1 8 50
4 3 34
8 8 57
3 6 0
5 2 35
6 6 59
8 4 52
8 4 57
2 6 64
4 7 46
3 5 33
7 1 23
1 8 0
7 3 3
6 6 2
6 7 47
4 1 18
6 3 22
2 3 36
4 3 27
4 3 74
5 3 85
6 4 10
1 3 5
3 4 88
1 7 100
5 5 40
8 4 83
6 2 72
2 7 60
6 5 88
2 5 11
1 7 78
3 2 14
8 1 9
7 3 10
4 5 40
2 4 6
6 7 43
7 3 21
8 8 35
5 6 19
2 7 71
7 3 15
7 2 2
2 2 20
2 6 3
4 8 94
3 3 75
5 4 12
8 2 57
4 8 65
7 1 29
4 4 19
4 7 34
5 1 78
3 5 47
2 7 68
3 1 34
1 4 36
1 2 44
1 1 50
7 4 30
2 7 56
5 7 28
8 2 72
5 1 14
7 2 5
4 5 61
2 3 13
5 6 90
4 3 47
6 8 57
8 7 74
6 8 45
8 7 1
2 4 49
7 6 77
2 2 73
3 3 57
6 6 83
5 1 31
5 6 81
1 4 21
2 2 33
3 5 10
8 2 37
3 5 94
6 8 58
5 1 69
1 7 36
3 8 85
5 3 22
3 7 20
1 7 62
1 1 32
4 4 63
4 4 44
3 3 21
8 8 65
1 8 75
3 7 91
5 1 40
3 6 43
3 6 50
5 5 13
6 7 57
2 7 60
7 7 85
8 2 30
2 8 66
3 3 72
5 7 34
6 2 10
4 7 74
6 2 28
8 1 8
4 7 27
2 1 96
5 1 75
1 2 2
4 1 27
7 4 88
8 6 80
4 6 21
7 1 10
3 3 93
2 2 10
7 7 59
1 1 6
5 7 60
8 3 23
7 2 1
8 4 14
3 3 49
3 7 94
6 8 5
2 8 28
4 5 39
4 7 65
1 7 47
7 5 54
4 6 97
1 3 98
6 1 46
7 5 18
5 5 84
8 4 69
8 8 25
5 5 1
4 6 94
4 8 18
8 1 30
5 6 54
6 8 63
6 6 75
7 7 53
3 1 75
7 7 90
2 3 90
3 8 17
6 3 73
5 5 44
4 2 66
5 6 8
5 7 24
2 4 81
6 5 60
6 1 83
1 4 100
5 5 57
1 5 97
5 5 71
2 4 36
8 3 38
5 7 22
2 4 53
6 4 66
1 2 39
3 8 80
3 6 97
3 6 32
2 6 23
7 5 0
6 5 63
8 5 47
2 6 70
2 7 23
1 4 23
3 6 84
5 1 79
4 8 96
6 3 58
5 3 98
6 2 72
5 1 26
5 6 6
5 3 24
3 6 5
2 1 80
5 8 15
7 2 97
1 5 9
1 1 35
8 2 86
6 4 77
3 3 18
1 2 57
2 3 9
2 5 0
8 1 56
6 2 48
3 5 83
7 2 79
2 4 85
7 1 72
5 5 93
4 7 98
5 2 48
5 4 82
6 1 35
8 7 19
5 7 43
3 3 80
4 2 20
7 6 74
3 2 22
3 8 96
7 4 53
3 4 83
3 3 2
8 2 69
8 3 4
5 7 80
5 4 28
3 4 63
8 4 15
5 1 92
8 7 25
3 5 44
3 1 92
3 3 10
2 3 28
8 4 11
4 3 88
5 5 66
2 4 87
1 8 61
5 5 81
1 2 84
2 3 71
5 1 8
1 3 85
2 7 80
2 7 25
7 7 20
7 2 68
6 6 32
5 7 58
8 8 10
2 1 51
7 8 31
7 6 60
3 1 17
7 4 22
3 7 95
1 3 79
8 1 62
3 5 80
8 5 10
1 4 3
5 4 48
6 4 96
8 8 20
8 6 35
3 7 60
6 7 62
1 4 84
3 2 45
2 1 70
5 5 60
7 8 72
2 2 44
5 4 62
1 1 66
7 1 77
6 1 22
2 5 21
6 6 79
2 7 44
5 7 23
8 3 63
5 4 47
5 1 66
8 8 71
2 6 93
2 2 10
1 6 80
2 8 56
2 3 19
7 1 95
8 7 75
3 1 55
2 7 63
3 1 36
1 5 97
7 8 38
6 7 36
8 5 0
2 1 85
8 3 82
6 7 82
1 3 32
8 2 19
1 8 6
6 3 3
1 8 65
4 1 34
7 1 92
4 7 14
4 1 56
6 7 20
4 2 48
7 4 95
7 3 35
5 3 46
5 4 38
7 5 39
8 1 82
5 2 60
5 7 93
4 1 20
6 6 71
7 7 44
2 4 42
2 1 8
8 1 52
6 6 43
6 3 83
6 7 32
3 3 44
2 7 86
4 3 29
2 2 53
7 2 70
8 1 71
4 4 28
4 8 95
8 6 66
3 5 93
3 2 48
2 6 58
4 7 20
3 2 8
3 2 41
2 3 0
3 7 53
5 4 98
3 3 73
7 8 79
7 4 19
3 1 51
7 8 49
1 3 53
7 7 13
3 3 90
1 6 83
6 8 30
5 3 99
5 7 3
5 8 95
6 8 94
7 3 78
4 3 68
4 6 26
7 3 18
8 2 18
3 7 62
8 4 15
4 5 0
4 6 48
3 5 4
3 7 64
3 3 35
6 3 15
3 7 97
3 2 97
7 5 26
7 2 84
1 5 6
3 1 92
3 2 7
3 7 78
7 1 57
7 6 21
8 2 7
2 1 24
5 8 95
5 4 53
6 1 1
3 8 53
7 3 62
1 6 86
3 8 17
6 1 35
6 7 78
8 8 20
1 1 89
6 2 89
7 1 14
3 2 2
5 5 86
5 4 84
5 8 38
1 2 69
4 6 59
2 6 1
8 4 13
2 3 92
6 6 69
8 2 57
5 3 27
7 8 22
5 3 100
5 1 79
6 3 70
5 5 39
5 8 75
2 5 100
4 7 61
5 6 87
8 8 21
8 4 13
3 8 38
7 3 47
3 3 50
2 7 91
7 4 23
8 7 67
6 4 49
8 1 66
6 8 43
6 8 63
3 8 17
2 8 43
3 8 75
1 8 51
1 8 66
4 3 62
4 8 24
1 2 86
8 5 76
6 2 47
8 4 76
2 3 97
5 8 4
7 1 17
4 4 74
8 3 63
3 2 47
8 7 31
6 3 2
2 3 77
2 8 15
2 1 98
3 4 94
6 2 56
6 1 91
7 4 67
1 2 78
8 7 26
2 3 66
6 1 4
8 3 49
8 5 96
8 3 65
4 5 91
2 1 10
7 2 57
6 7 19
4 7 0
8 4 33
6 4 20
6 1 49
6 4 73
3 8 31
2 4 56
4 5 51
1 5 58
6 8 38
2 1 87
7 6 20
8 4 6
6 4 45
5 3 72
1 5 35
3 5 43
6 4 27
1 5 69
4 3 93
7 2 30
8 8 80
2 5 72
7 5 78
4 5 28
6 4 22
1 7 38
5 8 98
3 3 86
1 5 55
3 6 90
5 3 10
2 7 40
8 8 87
1 4 20
5 5 39
2 2 100
8 4 40
5 7 52
6 7 42
2 1 35
2 6 24
8 1 37
6 5 91
4 1 7
8 8 31
2 4 80
1 2 62
1 6 8
4 8 79
6 3 29
6 5 57
7 8 95
1 2 31
4 7 79
1 8 2
6 1 31
8 3 42
8 1 59
5 2 88
3 2 84
1 4 32
5 5 11
7 3 58
3 1 23
6 5 66
7 2 95
6 4 50
8 5 38
5 6 8
4 7 40
3 3 58
6 5 53
2 1 81
2 8 75
8 6 53
1 8 11
2 6 17
7 7 66
5 3 100
2 2 73
7 6 26
1 2 61
8 8 37
2 3 17
6 4 96
6 8 35
8 4 32
7 1 80
1 3 80
3 6 58
1 4 7
4 6 34
6 4 79
8 6 40
6 6 3
4 7 15
4 5 95
6 5 31
1 4 36
4 5 43
8 7 11
2 7 86
8 5 55
1 5 88
6 1 47
6 5 92
3 6 9
3 3 93
3 2 72
3 3 53
7 7 81
8 3 35
6 7 87
5 6 70
4 6 40
7 2 1
7 8 4
1 8 35
5 4 38
7 4 8
8 7 92
8 5 71
8 4 34
2 1 85
3 3 48
6 1 53
1 1 18
8 6 100
5 1 34
5 3 6
3 2 4
4 1 15
4 3 84
8 2 61
8 7 66
5 6 85
1 4 50
2 2 12
3 1 58
8 5 19
8 6 81
5 2 22
1 4 63
7 8 14
2 4 15
5 8 46
8 3 23
3 1 96
2 1 50
7 2 79
8 8 67
5 7 23
8 2 24
6 5 62
7 3 41
1 4 75
3 6 4
7 5 86
6 3 100
1 2 80
4 6 85
8 5 74
4 1 13
5 7 1
3 7 27
6 4 47
6 6 1
4 5 59
3 4 7
2 8 96
7 5 3
5 3 54
2 3 41
1 1 13
3 8 33
8 6 50
5 6 7
6 2 62
2 2 95
5 4 94
6 3 92
4 5 76
7 2 41
2 5 0
8 7 15
8 8 32
5 8 8
4 6 41
3 6 30
7 4 31
5 8 71
7 6 83
3 7 87
5 7 75
4 7 72
8 3 92
3 5 6
1 8 32
7 4 48
4 2 97
6 6 22
6 6 33
5 2 47
1 1 57
3 2 65
2 2 22
5 7 2
3 5 2
7 7 98
1 1 74
1 5 15
4 4 33
2 7 50
5 6 45
2 2 60
8 5 86
5 5 89
7 3 13
1 7 15
1 7 15
3 5 18
2 4 39
2 6 82
2 6 52
7 8 17
7 6 29
5 4 42
3 4 24
5 8 50
3 2 13
1 3 68
5 4 55
3 6 92
1 3 47
8 1 97
3 2 81
1 1 78
6 4 3
5 7 8
4 6 52
1 1 58
1 3 19
6 2 97
1 6 0
1 8 11
3 4 10
3 1 0
4 3 96
6 7 59
3 4 72
5 3 43
4 4 24
6 3 76
6 7 17
2 1 9
5 7 54
1 6 96
3 8 42
2 1 35
7 3 81
8 6 51
5 7 93
7 6 1
3 3 61
5 3 99
1 7 96
7 6 57
3 6 77
2 5 20
3 1 69
2 4 17
4 3 100
5 7 2
7 8 19
1 4 2
2 1 24
1 3 26
6 3 4
1 5 14
7 2 18
6 4 30
5 4 3
2 3 73
4 5 91
5 6 27
4 4 33
8 6 57
8 8 74
6 6 79
4 2 1
7 8 17
3 4 88
3 7 67
3 2 84
7 6 64
8 3 10
4 2 15
1 8 66
6 5 37
1 8 90
7 2 48
3 8 88
8 2 20
2 6 65
4 7 82
6 3 78
5 6 48
2 5 80
1 8 7
1 3 69
4 1 33
3 7 9
5 1 94
5 6 41
5 7 91
1 3 31
2 4 6
5 6 10
7 8 53
3 7 18
8 7 61
6 4 77
8 8 2
3 8 19
2 8 18
4 6 5
2 4 48
8 7 72
4 2 5
5 3 83
1 5 48
7 6 60
2 4 27
7 3 90
4 4 34
4 5 91
7 3 86
6 1 81
6 6 0
1 2 88
8 2 34
8 1 52
2 7 60
7 7 98
8 8 30
2 6 47
1 7 82
8 4 61
1 1 66
3 3 30
8 4 55
2 6 12
3 8 78
5 6 22
5 4 60
6 1 92
6 6 90
5 2 86
4 1 23
3 2 83
5 2 17
8 7 100
5 6 0
5 2 21
3 2 41
4 2 60
1 8 4
1 2 37
8 1 44
1 8 99
1 2 77
3 7 13
4 6 48
1 3 10
2 3 80
1 2 80
7 6 12
3 3 18
5 6 33
2 2 85
7 6 68
4 6 33
4 3 46
2 6 3
4 7 3
1 7 73
4 6 7
1 6 70
1 2 31
7 8 60
4 7 36
1 3 51
3 4 93
6 6 4
7 8 7
7 7 6
7 5 87
7 6 41
1 5 2
1 6 88
2 7 25
6 3 84
4 4 47
1 1 68
1 3 55
3 8 7
7 8 50
5 7 24
5 5 99
7 7 85
6 1 34
7 7 9
8 6 94
6 6 15
3 1 34
5 3 60
5 5 52
6 3 47
6 5 15
6 7 61
8 7 56
5 5 70
4 4 7
6 8 54
6 6 61
8 5 18
8 1 85
6 5 41
1 3 74
8 7 35
6 1 25
1 7 43
4 2 37
5 2 70
5 4 34
2 5 6
6 6 26
8 7 15
6 6 7
7 1 71
4 4 36
6 4 6
6 6 75
1 3 31
2 7 33
2 7 32
5 8 57
6 8 67
2 2 74
6 3 47
5 7 7
2 2 20
1 2 41
3 6 68
1 1 37
1 1 42
4 3 38
2 2 94
6 3 47
7 7 47
2 1 27
7 1 0
1 4 98
8 8 26
3 3 26
7 6 76
4 8 8
6 6 32
6 2 96
2 6 14
8 7 63
1 8 27
8 7 65
4 8 80
3 4 48
2 1 46
5 8 94
8 6 98
7 4 77
3 3 33
1 8 60
1 1 57
3 6 56
7 3 46
5 4 28
6 7 11
4 5 0
3 7 34
4 4 34
4 6 18
6 7 13
6 2 40
3 2 85
7 2 54
8 1 71
6 7 80
7 8 78
2 4 2
4 3 97
4 8 91
3 8 61
6 5 92
2 5 6
3 1 73
1 7 10
8 2 31
2 5 46
3 4 43
6 7 97
5 8 81
6 2 82
4 8 87
4 8 43
2 2 43
4 2 87
6 8 83
6 1 22
5 6 69
1 7 50
8 4 17
4 5 43
2 2 10
7 3 2
7 7 33
2 2 0
3 5 72
4 8 21
1 1 67
3 2 17
6 6 33
6 7 74
1 4 76
5 1 85
1 1 43
2 1 2
3 1 57
4 7 90
5 4 22
3 3 66
1 6 6
8 5 77
4 4 12
8 1 89
5 1 76
1 5 90
8 3 56
5 1 77
1 5 21
3 6 94
2 8 12
6 6 12
6 2 54
4 7 51
3 4 21
7 3 35
8 2 33
1 8 41
2 3 86
2 5 53
6 2 71
2 2 8
1 8 34
6 1 67
4 5 23
2 3 95
3 2 72
3 3 93
1 4 100
2 2 5
4 2 46
6 4 2
6 3 16
3 6 82
5 6 78
8 5 38
4 5 69
3 3 10
4 7 29
4 6 53
8 3 96
8 3 74
6 1 25
5 8 96
6 7 72
8 8 33
1 2 36
2 8 35
6 1 44
5 4 87
3 7 86
6 5 98
7 6 97
5 8 54
1 8 54
1 8 57
2 1 17
5 6 81
6 7 89
3 3 97
8 3 90
1 5 53
5 1 29
5 5 56
8 7 49
7 3 76
7 5 21
8 1 0
2 7 54
7 4 51
7 7 77
8 3 98
2 6 88
1 4 63
6 7 98
3 4 79
5 8 72
3 2 51
3 5 73
7 8 25
1 1 63
3 5 32
7 1 19
7 3 11
7 4 66
8 8 96
3 4 25
4 3 73
3 1 85
3 3 98
4 8 12
1 8 8
3 4 90
8 3 14
8 1 29
2 6 24
2 7 74
1 2 35
5 5 44
2 4 71
8 7 41
2 6 99
7 2 98
3 6 40
7 5 21
8 5 21
7 7 26
1 5 21
7 2 24
2 4 59
4 8 82
3 2 32
8 4 83
4 6 87
7 5 94
6 5 78
6 4 25
5 3 14
6 1 63
7 3 98
7 2 100
2 8 64
2 3 70
1 3 100
4 1 28
6 5 63
6 5 38
1 8 10
3 5 58
4 3 50
1 7 7
8 8 71
6 5 60
8 5 78
4 5 73
4 4 65
6 2 69
3 8 76
1 7 17
1 3 57
7 7 72
5 3 99
7 8 45
1 6 82
3 4 93
3 4 74
3 2 73
7 5 8
3 4 38
7 5 31
7 1 65
8 4 65
7 4 81
1 5 62
6 1 96
3 2 18
4 4 7
5 5 60
5 8 82
6 8 16
1 3 62
3 1 26
2 5 29
1 1 49
4 2 61
8 8 55
5 3 67
7 6 6
1 3 47
1 6 14
4 4 85
2 1 100
7 6 22
2 6 99
7 5 79
7 6 4
1 5 77
4 1 29
4 5 77
3 7 38
3 1 91
2 2 4
1 4 9
3 3 61
3 3 93
4 2 39
7 1 31
8 4 90
8 8 98
8 4 54
6 1 16
8 8 46
2 3 43
4 8 84
4 1 83
4 1 81
4 7 12
4 3 33
8 5 26
8 4 50
8 6 17
4 6 92
4 4 49
5 4 35
7 2 60
3 2 81
1 7 32
4 4 29
5 5 14
6 5 5
5 6 87
2 5 31
5 2 87
7 7 32
2 8 62
8 6 21
6 2 44
8 6 6
7 4 28
5 7 15
7 3 42
3 7 85
5 1 32
5 8 7
6 4 53
6 2 54
2 7 4
1 4 68
5 1 5
4 6 55
3 3 81
3 4 34
7 2 86
7 7 26
3 5 40
7 8 28
5 5 35
6 1 52
6 3 88
7 8 89
7 6 81
1 7 67
6 2 38
5 4 78
8 6 52
3 1 52
5 2 68
3 4 36
2 4 91
4 7 38
2 8 43
3 1 72
4 8 51
2 1 81
3 1 52
7 8 7
6 7 39
4 7 86
4 7 83
3 3 37
6 2 52
4 1 1
5 3 42
6 8 48
8 3 5
1 5 0
1 5 94
8 8 20
8 4 71
4 1 11
8 6 58
8 6 15
3 4 44
1 5 93
2 8 28
3 2 94
1 8 33
8 5 40
6 5 56
8 1 44
2 5 31
8 8 75
3 5 43
4 7 13
3 1 7
1 7 60
4 8 31
5 1 55
1 8 44
8 7 39
7 6 68
1 1 45
2 2 82
1 4 95
1 7 6
8 8 32
6 5 75
2 4 59
4 1 54
2 1 29
3 4 59
3 5 46
8 8 92
3 8 46
4 1 72
2 3 78
4 6 7
2 4 22
6 7 96
3 2 12
7 1 37
6 6 37
1 5 11
7 5 17
8 5 0
8 6 73
5 3 64
4 6 27
6 2 60
4 6 62
1 7 5
3 7 91
6 5 67
5 6 72
8 6 46
1 8 94
6 3 51
2 3 80
5 2 36
4 4 12
6 1 75
4 4 50
1 3 62
5 4 30
2 2 68
8 7 15
4 6 22
5 6 27
4 5 88
7 1 33
8 1 27
7 8 23
5 6 7
4 1 59
4 4 21
7 6 35
3 8 97
7 3 55
1 8 44
6 4 80
7 2 59
4 4 38
8 7 57
3 4 28
2 8 43
2 5 25
7 7 17
2 5 99
8 6 36
5 4 34
2 4 77
3 1 35
1 3 16
6 4 51
3 2 13
1 2 31
4 1 99
6 7 63
1 3 53
2 6 64
7 1 38
6 4 22
2 7 34
7 5 65
8 7 42
8 8 4
8 3 99
8 4 57
3 5 21
6 3 46
7 2 39
5 6 1
3 2 81
6 1 0
1 5 26
4 1 57
1 8 19
3 6 40
1 5 88
2 6 46
3 6 7
4 5 92
1 6 32
6 7 66
2 5 46
5 4 82
1 7 15
1 8 1
1 3 31
8 5 27
7 8 14
5 4 22
1 3 84
3 4 13
2 3 43
8 2 72
4 2 2
4 5 20
3 8 23
2 3 81
5 6 72
5 2 6
3 5 14
4 5 66
6 8 15
4 6 63
7 3 38
1 7 94
8 2 77
8 1 78
5 2 70
6 5 13
3 8 91
1 4 99
2 6 80
5 6 5
6 5 40
8 6 65
2 7 43
3 3 85
8 7 44
7 1 51
3 3 53
2 7 53
3 1 8
1 2 54
2 8 1
6 1 14
1 6 31
3 6 2
1 8 22
1 4 64
5 2 52
8 2 73
2 4 2
1 7 35
6 3 80
7 4 42
5 5 11
2 8 69
8 8 53
2 6 26
2 1 95
4 7 17
4 5 94
2 7 54
2 4 44
3 1 22
5 3 82
2 2 1
3 2 40
2 5 12
1 1 46
8 2 76
4 2 11
4 4 19
2 4 56
1 5 21
3 7 78
4 2 3
1 3 55
6 3 2
4 1 67
4 8 30
1 4 75
3 7 58
6 5 8
7 5 62
5 4 29
6 7 58
1 2 60
7 1 30
8 8 43
8 5 98
4 7 16
3 6 13
8 6 10
5 7 8
1 8 96
5 4 45
8 5 63
8 1 68
8 6 20
5 5 7
4 5 85
5 3 46
1 1 25
2 8 100
4 8 24
5 6 17
5 8 60
6 8 89
5 7 80
4 5 21
8 7 75
1 3 68
1 3 61
1 5 54
7 7 6
4 7 86
7 7 47
4 2 29
7 4 95
3 8 36
5 1 0
8 5 34
6 1 7
1 7 96
2 2 14
8 5 63
5 6 48
2 8 69
2 2 83
4 5 18
2 7 69
6 6 78
8 2 34
6 7 8
1 6 29
1 6 85
1 1 71
4 2 72
8 6 57
2 5 60
6 5 100
1 5 9
8 5 9
4 4 27
8 1 39
6 5 26
7 2 40
4 8 38
6 2 52
1 6 79
4 1 20
3 2 60
2 2 38
8 6 3
2 5 63
5 8 97
5 6 64
4 5 72
8 3 62
2 7 53
7 2 49
8 6 84
4 4 40
5 7 25
2 8 4
1 4 10
3 2 48
6 6 80
2 3 12
5 2 38
7 4 96
4 6 43
4 8 87
5 1 74
2 5 77
8 5 25
7 7 44
8 2 19
3 6 26
5 8 36
6 4 97
3 2 30
8 1 36
8 2 92
7 6 23
5 4 99
1 3 96
5 5 90
3 4 0
1 3 39
2 3 43
1 5 19
6 3 76
4 3 69
5 4 59
4 5 36
4 1 40
7 1 1
2 1 7
4 2 6
3 7 21
7 2 0
8 5 27
8 6 7
5 6 100
6 6 68
3 1 31
3 2 40
5 6 20
3 5 52
8 5 50
3 4 90
7 8 63
3 8 7
1 8 40
7 8 31
2 8 86
2 7 39
1 5 39
7 6 86
4 6 46
3 7 21
6 2 42
5 2 54
6 6 86
1 4 58
3 7 21
3 1 90
8 5 13
7 7 30
5 1 24
2 8 98
6 5 29
7 2 67
3 7 19
3 2 58
3 7 77
6 6 0
8 1 71
5 2 17
7 8 19
4 8 22
1 2 65
4 5 94
6 1 68
2 3 36
6 6 21
8 5 96
6 4 7
3 4 74
2 2 49
3 2 36
4 1 7
4 1 28
5 8 55
4 1 8
8 1 11
6 1 11
3 8 94
5 1 52
7 8 35
5 7 51
7 6 13
8 6 1
4 6 23
2 6 72
4 2 63
2 7 39
4 6 41
6 6 30
8 6 39
2 7 63
6 6 1
3 4 2
2 2 100
5 2 36
2 6 63
5 1 46
1 3 66
6 7 13
3 8 33
1 2 75
6 8 100
7 8 29
1 5 73
1 3 17
2 1 23
1 6 98
8 4 89
3 7 65
8 1 11
2 7 78
4 5 45
4 5 17
2 6 83
8 6 80
3 8 52
3 4 78
8 2 67
2 3 36
6 5 98
3 4 66
4 5 26
6 4 49
3 3 33
6 8 41
3 2 49
5 5 92
5 6 27
6 8 67
1 5 57
2 4 31
2 6 62
6 4 43
2 8 87
2 8 95
5 3 15
1 7 0
1 3 34
6 2 0
1 6 65
2 6 31
6 6 81
4 1 12
5 7 16
1 8 84
1 8 36
8 5 9
6 5 18
5 8 74
7 4 62
7 5 72
8 6 35
7 2 72
8 5 65
8 1 13
2 7 89
3 7 67
3 8 80
7 4 23
7 5 79
3 8 27
8 5 71
4 8 4
5 3 53
2 8 3
5 3 25
4 3 0
8 6 89
1 5 41
6 7 18
3 5 59
3 1 94
4 4 0
4 4 79
4 5 90
5 3 56
7 6 7
8 8 75
6 3 80
6 4 85
1 8 74
5 5 99
8 4 8
7 6 25
2 8 60
8 3 36
8 7 53
8 5 53
4 6 81
1 4 29
3 5 86
1 8 65
8 3 63
1 5 80
1 5 7
7 3 22
4 8 11
3 4 50
4 3 52
2 5 30
2 1 53
4 3 55
6 4 82
4 3 37
8 5 38
2 1 53
6 8 32
3 1 4
1 7 46
4 7 93
3 7 97
2 8 72
2 7 18
7 5 48
2 7 47
2 2 21
8 5 97
3 3 64
2 2 34
3 6 16
6 7 63
8 7 4
6 7 21
2 3 65
8 5 5
5 4 52
7 5 25
8 5 44
4 3 46
7 5 19
2 2 97
1 6 60
4 6 1
3 4 65
2 8 38
7 5 66
5 8 88
6 5 21
2 2 52
8 3 32
3 7 62
2 4 81
3 2 76
6 6 58
7 8 78
5 4 2
2 8 28
6 5 59
2 3 97
4 8 20
2 8 85
3 5 76
2 7 69
6 2 83
6 7 60
4 2 94
1 3 93
1 5 49
7 7 60
4 2 49
6 2 12
2 4 7
4 2 18
5 5 83
3 4 5
7 1 16
3 1 64
5 7 55
2 1 67
5 7 70
3 2 50
1 5 46
1 1 14
7 7 24
2 7 52
5 3 77
7 7 45
3 1 71
5 7 31
6 1 58
1 2 30
3 5 19
8 4 96
4 5 39
3 6 30
3 1 12
1 8 24
3 5 98
5 4 61
8 2 30
1 2 23
7 2 28
8 2 45
5 6 12
3 8 42
5 3 82
1 1 33
1 4 24
7 5 59
5 2 93
2 5 73
2 2 57
2 6 16
7 5 82
3 3 67
1 6 3
8 2 70
5 4 23
8 1 42
5 2 88
2 6 75
8 3 22
6 2 16
6 4 22
5 8 24
7 7 19
1 2 58
8 7 11
6 7 22
8 3 56
6 8 49
6 5 48
4 2 46
8 7 27
6 4 2
6 3 50
6 6 29
6 1 27
3 8 4
5 1 46
8 3 86
4 5 69
4 8 78
7 8 11
4 3 29
8 2 11
6 3 86
7 6 95
6 6 92
4 4 49
1 4 15
4 7 3
6 7 16
8 1 34
5 7 25
5 5 35
6 3 91
2 7 40
4 1 37
5 2 69
2 8 52
8 3 80
2 2 99
2 8 53
5 4 69
6 1 53
2 4 71
3 1 59
5 3 84
7 5 71
6 1 93
6 2 86
6 4 71
3 2 88
8 6 30
5 5 32
8 6 59
3 8 38
4 4 35
1 5 70
1 4 91
5 4 62
6 7 41
2 7 91
8 5 53
1 6 64
1 3 82
8 8 10
6 7 78
3 6 29
2 8 28
7 8 42
6 2 3
2 6 15
3 4 50
1 2 88
5 2 50
4 3 67
7 3 63
7 3 96
1 2 46
5 3 46
2 4 20
1 1 93
8 5 7
2 1 55
4 2 56
3 5 88
3 4 60
4 2 98
5 7 85
7 4 96
4 4 56
8 5 30
2 8 18
5 6 43
5 4 19
6 4 62
1 4 60
1 3 44
7 7 36
4 8 26
2 5 72
4 1 62
6 2 51
3 8 38
1 4 48
8 3 92
7 4 60
3 5 92
6 3 17
6 2 38
2 2 96
4 6 71
5 5 63
3 6 61
3 5 50
5 3 89
7 7 56
6 7 17
6 5 80
3 7 60
5 1 2
2 1 34
2 3 91
4 8 78
1 3 76
4 5 74
3 1 92
3 3 60
1 1 85
7 6 79
2 1 77
6 8 76
1 5 84
5 5 26
2 7 62
2 5 61
3 2 38
8 8 0
8 3 83
4 1 4
7 4 100
8 2 86
7 1 53
3 6 45
2 5 49
2 8 31
1 6 18
8 2 13
4 8 10
3 2 31
6 6 55
2 7 26
7 6 60
3 3 43
2 6 10
4 8 87
4 7 67
3 1 14
2 7 83
3 7 77
3 2 34
7 5 2
3 7 78
5 8 30
4 4 53
4 6 5
1 1 91
2 6 26
1 5 66
8 1 45
6 4 16
1 7 42
3 2 3
7 7 57
1 7 76
5 2 50
1 4 55
4 8 88
5 4 96
3 5 61
8 8 73
5 6 8
4 2 7
1 6 31
1 8 30
4 6 75
3 2 47
1 4 98
5 7 72
6 5 21
7 4 46
6 5 9
6 2 38
8 4 47
8 5 78
6 4 52
4 6 51
3 6 40
2 8 81
1 5 9
4 1 81
1 8 48
4 4 76
5 4 99
8 2 46
7 8 89
2 3 62
6 7 52
7 8 10
1 1 62
4 6 29
5 8 70
4 7 76
6 5 100
4 6 52
2 8 42
7 6 86
8 7 78
1 7 44
2 2 9
4 1 98
6 3 67
1 7 74
7 7 40
4 5 77
1 8 92
2 8 82
7 7 8
7 7 21
8 3 40
3 4 65
1 5 20
8 8 31
2 2 33
3 7 87
8 6 26
3 6 74
7 2 42
8 6 47
1 1 0
7 2 100
6 2 29
6 6 31
8 1 91
6 8 27
6 1 25
1 6 92
3 4 60
2 3 3
1 8 96
6 8 63
4 7 78
8 7 79
4 6 45
7 5 96
8 5 35
1 8 83
4 2 59
2 1 60
2 5 78
3 2 85
8 8 86
5 8 67
8 4 0
7 8 71
6 1 14
2 7 91
8 2 35
3 5 58
1 6 97
6 8 8
3 7 25
8 3 52
7 6 10
3 8 77
7 5 77
3 4 12
4 5 76
7 2 17
6 4 17
8 3 61
5 5 65
2 2 75
2 1 16
8 7 75
6 2 72
8 7 83
8 4 41
7 3 39
6 4 17
6 5 44
8 1 44
5 2 41
1 4 28
6 4 96
1 4 24
7 8 50
8 1 3
8 4 41
7 8 93
1 8 98
1 4 51
4 3 58
5 1 41
7 1 55
1 1 72
8 2 7
7 3 93
6 3 94
5 7 12
8 5 9
7 3 81
6 5 36
7 6 22
5 5 67
2 7 97
1 2 74
4 5 81
3 4 44
2 2 88
5 5 82
3 7 82
3 8 30
6 6 99
8 2 65
4 6 90
7 4 52
7 5 99
5 1 25
1 1 7
8 5 9
6 4 25
3 3 17
7 7 26
4 2 52
3 5 44
4 8 44
8 5 26
1 7 25
7 6 8
6 6 6
7 5 68
1 8 37
8 5 48
3 8 9
4 6 96
3 5 40
3 6 48
1 4 87
8 6 29
6 5 27
6 8 89
1 2 98
2 3 11
4 5 82
8 2 43
8 4 5
4 7 60
6 2 26
3 5 64
1 5 52
6 3 29
3 2 77
3 7 14
2 8 69
3 2 63
6 8 82
6 6 15
1 8 6
5 4 29
8 2 99
7 7 4
1 5 67
2 5 42
5 2 61
5 3 51
4 4 63
2 2 10
6 5 10
7 6 58
2 6 56
7 5 91
2 4 21
2 7 41
2 5 25
1 7 11
2 5 20
5 6 84
7 2 93
8 1 3
4 3 96
3 2 93
2 8 88
2 4 64
2 5 42
2 4 2
8 3 30
3 2 20
3 7 80
7 6 15
7 1 82
4 6 85
5 1 60
8 1 67
5 8 66
2 7 7
8 4 27
6 6 55
6 5 81
1 3 86
1 7 7
7 3 71
1 5 46
8 1 62
5 1 50
8 6 22
8 5 55
8 2 30
2 1 37
6 1 38
5 5 30
7 6 50
8 3 27
5 5 92
3 8 92
2 5 5
2 3 15
5 5 89
5 2 6
6 3 82
6 4 16
2 4 90
1 8 61
7 3 38
6 8 5
6 5 90
7 6 71
6 6 8
5 5 73
7 2 56
7 7 46
6 5 37
1 3 73
2 7 91
7 7 51
6 7 59
7 7 81
5 2 95
6 8 28
5 8 65
5 7 86
6 5 28
5 7 99
7 1 3
3 8 79
5 8 100
4 4 25
3 1 41
8 5 22
2 6 28
1 3 29
4 5 46
8 4 1
5 7 67
3 5 87
2 2 86
7 8 95
6 7 77
2 5 26
4 3 55
2 8 25
8 4 85
5 8 47
1 8 76
4 1 66
3 6 77
5 8 90
5 8 19
7 2 17
1 5 1
5 8 39
3 7 55
2 3 81
8 7 86
4 8 55
3 1 36
4 5 94
3 1 87
3 4 50
4 7 55
6 4 2
8 8 37
2 5 56
2 6 37
2 4 84
3 1 59
4 1 52
2 1 63
2 1 52
7 7 37
4 5 53
2 1 32
2 6 98
3 6 3
1 7 72
3 5 6
6 6 57
5 1 48
4 7 9
5 2 99
6 5 2
2 8 72
3 6 31
7 8 87
6 3 5
2 3 51
2 8 34
6 2 93
4 4 8
1 6 58
3 3 31
3 2 25
5 6 9
7 1 88
8 8 71
7 2 96
6 3 53
3 6 57
8 2 3
6 6 54
1 5 65
1 2 90
3 3 47
5 6 92
2 3 95
8 8 8
4 7 9
4 3 31
8 6 31
5 6 82
4 7 82
1 8 74
2 4 20
6 3 15
3 8 0
6 1 92
5 8 5
3 7 70
5 7 47
2 5 84
3 1 46
6 2 50
4 5 32
7 5 25
2 2 10
8 8 9
6 6 86
4 8 85
6 6 34
5 6 40
1 2 38
8 3 89
8 6 88
6 1 60
4 6 85
5 8 59
5 8 10
7 8 27
8 1 51
6 1 46
1 6 89
2 4 11
3 6 7
4 3 43
5 5 92
3 3 23
5 1 97
7 1 47
8 5 89
3 6 97
1 6 81
6 2 96
3 6 19
3 6 33
2 8 22
7 2 25
3 3 88
8 3 92
1 6 37
5 4 87
4 5 95
8 6 65
6 1 3
2 5 40
6 4 34
2 6 82
5 2 14
6 4 26
2 4 25
8 3 22
1 2 91
3 3 43
7 5 44
5 1 28
6 5 10
6 1 25
7 4 77
6 4 74
7 4 17
1 3 73
1 8 29
4 6 96
2 3 99
8 1 82
2 1 29
7 1 10
7 2 69
5 3 89
3 5 37
4 4 78
5 7 90
1 3 3
3 8 39
4 4 76
2 7 1
1 7 29
4 7 87
1 6 97
8 5 64
6 4 58
2 8 12
3 2 87
4 8 21
6 1 9
7 6 23
7 8 83
3 3 45
1 4 56
6 1 77
4 6 23
2 7 14
3 5 37
2 8 64
4 3 35
5 5 40
7 6 66
3 5 67
3 1 15
4 6 42
2 6 75
2 1 67
3 8 74
3 3 34
8 2 60
5 8 12
7 1 97
7 6 84
6 1 20
5 4 90
2 3 54
2 4 36
3 8 91
7 5 30
7 8 47
5 4 39
2 4 27
1 5 69
5 5 82
6 7 89
2 5 96
5 2 29
2 2 14
7 6 91
4 1 54
3 2 96
8 3 96
1 3 23
5 4 44
5 1 13
4 2 18
3 5 14
7 6 40
7 7 1
5 1 39
6 5 88
8 6 100
3 5 98
8 7 36
1 8 52
8 6 22
6 7 51
7 8 10
1 2 12
4 3 27
1 6 30
2 1 64
5 6 42
4 1 75
7 2 37
3 1 91
2 8 47
8 8 22
3 6 12
3 5 71
1 5 100
7 2 79
3 2 89
6 2 62
3 2 41
5 1 80
4 2 35
2 6 19
6 4 58
6 7 34
7 7 80
4 4 96
6 8 95
6 1 86
1 2 17
4 5 83
6 5 63
1 3 93
6 4 43
8 8 31
2 4 49
4 7 43
8 2 49
3 5 30
3 1 30
7 8 24
6 7 97
1 4 34
1 4 53
5 8 35
8 5 43
4 3 99
4 3 48
3 1 15
4 1 74
7 6 27
1 1 64
8 2 9
5 8 92
1 4 53
5 8 48
2 8 3
7 4 52
5 3 17
3 5 23
4 2 1
2 8 33
2 7 12
5 1 22
2 2 31
7 4 2
3 6 90
2 5 80
4 2 85
7 1 15
1 3 70
8 2 2
2 4 44
3 8 33
6 6 91
4 1 65
5 4 53
7 1 78
8 7 90
4 5 93
4 7 13
3 2 43
7 5 95
4 5 38
5 5 38
5 8 30
1 4 86
2 1 62
8 4 88
6 5 86
4 4 41
4 6 74
5 5 53
7 3 45
6 1 79
3 6 89
7 7 84
3 7 31
3 7 65
3 8 12
6 2 67
7 2 44
7 1 41
6 7 62
1 5 100
8 7 43
7 6 1
4 5 68
7 8 16
7 2 10
1 8 14
8 7 42
2 2 66
7 3 56
1 4 73
2 2 87
4 5 43
3 5 87
7 7 16
7 8 77
3 2 24
6 3 60
1 2 59
6 6 67
8 2 65
5 7 93
5 4 22
3 5 71
8 7 42
1 5 93
7 6 47
8 8 35
2 4 77
1 4 43
5 2 36
2 8 11
4 3 48
6 2 39
5 5 62
1 4 74
5 6 85
2 3 77
3 5 29
7 1 57
3 5 11
8 3 33
3 8 80
2 5 8
8 1 69
3 6 86
8 2 78
1 8 73
7 3 45
3 7 69
4 2 22
8 4 54
6 8 81
6 7 55
5 7 65
6 2 30
3 1 43
8 1 16
2 6 31
2 8 10
5 2 70
7 3 5
6 6 77
6 7 58
2 3 44
3 1 48
8 3 26
2 4 20
3 5 37
8 5 50
8 2 72
1 2 49
1 1 34
8 5 61
4 8 39
8 3 82
5 4 33
4 4 42
8 4 35
4 5 30
3 2 76
1 2 21
7 7 38
5 2 11
3 2 68
5 8 50
7 7 10
6 1 81
2 6 68
2 2 96
4 3 22
3 1 78
5 3 73
2 5 16
8 7 22
2 6 6
1 6 37
5 1 8
5 1 7
3 1 74
1 1 77
3 5 40
2 1 65
7 6 82
1 7 65
6 7 90
5 1 86
1 8 57
6 3 22
1 1 59
4 5 87
7 4 33
5 7 40
2 2 38
7 7 74
1 6 43
4 8 11
5 1 34
2 1 47
8 4 85
4 1 45
3 1 87
1 2 31
1 5 54
4 2 85
4 7 47
5 8 59
3 3 68
4 5 73
6 6 76
5 6 75
3 8 24
7 2 23
5 6 0
2 4 9
5 6 72
7 7 79
6 8 33
1 1 59
6 6 65
3 1 94
3 8 28
7 8 62
8 6 64
3 4 55
6 5 58
1 4 52
7 3 78
2 8 17
3 7 2
8 6 44
1 7 60
4 5 47
1 8 11
7 6 78
4 6 30
5 3 71
1 2 60
3 6 11
2 4 50
3 7 92
8 3 18
3 5 56
6 2 92
3 6 17
6 4 21
1 1 95
5 2 83
2 1 95
4 4 70
4 7 8
5 1 11
3 4 76
6 4 32
7 2 26
2 3 9
4 8 33
3 5 28
4 7 55
8 6 71
2 4 12
1 1 92
3 5 56
7 1 73
2 2 91
4 6 54
5 4 90
1 4 77
1 1 69
7 3 5
4 3 34
7 8 65
7 5 28
1 7 19
4 4 37
6 6 18
2 1 21
8 5 32
1 6 88
5 7 36
8 4 80
2 8 40
5 1 89
5 4 79
4 4 65
2 8 40
4 1 76
4 6 57
1 3 83
6 6 16
8 8 22
4 1 7
1 4 42
3 6 75
7 5 17
1 1 42
2 1 41
6 3 64
3 8 2
7 8 39
7 3 89
4 4 25
4 8 13
5 2 26
2 4 14
7 4 73
2 7 62
6 4 76
7 3 16
6 6 0
1 4 43
2 6 100
8 4 44
5 3 53
1 5 66
8 1 26
4 8 30
3 1 12
3 7 38
2 4 96
2 8 7
1 8 99
1 8 52
5 7 97
1 6 75
5 6 65
5 3 47
8 8 39
7 7 5
5 2 55
4 7 59
8 1 39
5 6 6
8 4 47
4 8 72
6 4 49
1 2 75
6 8 91
8 4 32
8 8 63
5 1 4
1 6 35
2 5 95
3 1 95
8 7 44
5 8 76
4 2 10
4 1 89
4 1 10
2 5 98
5 7 77
7 4 15
8 7 7
5 4 68
2 1 98
1 1 73
3 2 98
3 2 14
8 7 46
5 2 86
5 4 38
6 2 4
4 5 9
1 1 77
7 4 73
7 5 90
1 3 62
1 3 48
5 3 32
7 7 99
5 6 5
4 4 3
4 6 9
2 3 82
3 1 60
1 5 96
3 1 81
4 5 45
6 6 3
3 8 80
8 3 13
3 7 33
6 6 86
1 3 8
6 2 74
8 7 32
1 3 75
6 4 100
8 1 17
2 4 14
1 3 100
3 2 55
8 5 38
2 3 53
8 6 13
2 6 27
1 4 4
3 1 60
1 1 69
8 7 43
4 4 3
1 5 33
4 5 100
2 2 48
4 2 73
5 5 26
4 5 41
5 6 25
7 3 2
5 8 59
5 1 32
7 5 86
8 1 19
6 7 46
5 3 94
4 4 69
4 6 100
7 7 10
5 1 52
1 7 66
6 6 62
4 5 95
1 4 75
6 1 74
6 7 51
4 7 6
8 1 37
8 7 41
4 8 93
6 4 53
2 3 14
5 6 52
1 6 0
4 5 48
1 4 89
8 1 75
1 2 59
3 4 94
4 4 20
1 3 60
7 1 0
6 5 79
7 1 92
1 2 75
2 6 77
2 4 52
6 1 61
2 2 91
8 3 67
4 6 38
7 2 58
8 5 88
2 3 81
7 7 24
1 8 21
2 3 17
3 5 65
1 5 34
3 1 55
2 3 49
8 5 97
4 6 56
1 8 48
5 4 97
3 4 30
2 7 10
1 3 6
6 7 87
2 6 50
7 2 47
8 1 64
1 5 29
5 4 12
8 8 32
3 6 85
3 6 87
5 1 6
5 5 55
8 2 79
2 1 73
3 5 56
2 8 64
2 2 81
5 5 6
1 6 42
7 6 12
2 2 72
7 5 14
7 1 16
8 5 69
6 4 49
8 1 54
6 5 45
7 5 43
2 5 55
3 2 99
7 7 96
6 2 0
4 5 41
8 8 14
1 8 50
2 7 91
8 2 21
1 7 9
3 4 20
4 1 8
3 6 24
1 3 40
4 1 97
6 1 50
5 5 76
5 8 11
4 3 44
7 5 51
1 1 64
3 1 93
4 3 34
8 5 6
2 1 42
3 8 45
8 6 86
3 2 10
3 7 8
8 5 39
2 7 40
3 5 77
2 3 53
7 7 83
4 7 96
7 6 13
4 2 44
2 7 16
1 1 83
1 6 66
8 6 25
8 4 33
4 8 54
6 3 64
1 8 26
6 8 31
4 5 9
5 3 20
3 2 10
6 6 7
5 6 0
8 4 77
3 2 8
5 8 39
6 3 66
8 2 93
2 6 30
7 1 42
7 5 99
4 1 18
1 8 33
2 6 63
1 1 50
2 4 10
5 5 93
6 8 75
2 3 22
5 6 58
1 7 18
8 2 74
8 5 94
5 1 53
7 1 90
4 2 82
6 6 85
6 1 16
2 5 20
3 4 31
5 7 75
1 3 37
5 3 73
1 4 62
6 3 92
1 4 30
7 6 75
2 3 71
5 3 68
2 8 96
1 5 16
3 7 86
2 6 25
1 3 19
6 4 26
1 1 60
6 2 17
8 5 85
7 2 57
3 6 2
7 2 65
4 6 57
1 2 29
4 3 100
1 1 46
2 3 74
2 5 11
4 7 90
3 6 33
2 5 48
4 4 39
1 7 87
7 1 94
1 3 61
8 3 89
1 6 78
4 2 79
3 1 18
4 1 82
4 1 34
1 7 90
4 6 82
6 1 67
3 2 13
4 8 84
1 3 3
4 8 2
4 2 41
2 4 53
2 1 30
2 7 61
4 3 93
6 8 7
6 1 48
1 8 98
8 6 28
5 1 25
2 2 86
4 3 73
3 6 42
2 3 63
7 8 6
6 4 25
8 6 24
2 7 37
5 6 43
4 2 15
7 1 60
7 6 18
6 6 60
1 2 3
1 8 4
5 6 0
3 1 54
7 4 26
2 2 9
5 2 34
6 5 24
5 3 84
4 7 95
5 1 37
8 4 68
3 6 55
7 2 77
6 4 29
5 5 82
2 2 2
4 5 25
4 6 38
8 8 88
3 8 35
3 6 76
7 1 84
1 6 2
2 5 29
7 8 44
4 4 48
4 7 22
7 7 43
8 2 13
5 6 63
8 6 87
6 6 75
7 8 83
7 6 93
4 1 54
2 5 25
6 5 12
8 1 85
5 3 100
5 2 97
6 2 85
7 2 23
2 2 5
2 3 19
4 1 88
1 8 5
6 4 23
3 3 83
1 5 79
7 5 7
8 4 16
2 1 46
6 7 80
3 4 49
7 7 11
4 8 8
5 3 24
7 6 37
6 1 27
1 5 95
4 2 48
6 2 60
4 1 48
4 6 85
5 7 100
7 2 75
5 6 65
5 2 77
3 4 11
7 1 87
3 6 11
3 2 81
2 8 52
4 6 33
7 6 41
3 3 68
3 6 57
3 1 4
7 3 53
1 5 32
6 4 5
1 1 82
5 2 49
5 1 33
2 4 95
2 6 60
1 5 72
7 4 29
5 5 18
8 4 87
4 3 75
6 2 25
5 2 72
4 8 50
6 6 3
8 5 84
7 2 7
1 8 79
3 6 7
6 6 75
2 2 48
7 7 39
8 4 5
5 4 79
1 4 15
2 8 58
8 5 62
7 6 50
8 1 21
5 6 94
3 5 63
6 4 4
8 8 49
1 3 26
3 3 0
7 1 8
4 5 10
6 8 61
4 5 88
2 1 65
6 2 59
6 6 49
5 7 72
4 3 25
7 5 95
8 6 74
4 3 29
5 6 78
7 7 89
8 6 56
2 4 41
2 4 98
2 3 13
1 5 84
5 6 93
4 4 44
3 1 69
2 7 61
5 6 43
8 6 43
3 5 16
4 3 31
4 7 61
1 1 9
5 6 79
6 8 26
5 4 25
3 8 67
3 3 71
6 2 43
3 6 24
5 8 97
2 7 52
3 5 48
1 5 12
1 2 13
2 8 30
3 8 63
5 4 14
4 5 32
2 3 50
7 4 79
2 8 65
4 3 6
5 3 53
4 6 9
1 5 46
4 8 37
8 1 83
5 3 77
5 4 50
5 7 63
2 5 81
4 6 75
8 2 69
2 8 15
1 3 91
6 1 91
7 5 17
2 2 85
7 8 72
4 4 43
7 2 14
1 8 14
5 8 83
5 3 77
8 2 84
1 1 46
5 2 92
1 3 46
6 5 62
4 2 69
2 4 28
7 3 38
8 5 17
1 2 46
5 5 61
5 2 50
1 7 5
1 8 24
5 7 4
4 4 5
2 1 37
1 7 52
2 6 53
2 1 76
5 7 21
2 3 49
8 4 8
5 7 46
5 8 8
8 3 22
1 1 58
8 5 41
1 6 52
1 4 13
6 3 11
1 3 99
4 6 57
1 7 8
6 2 96
3 1 47
1 7 92
1 2 68
6 4 82
6 6 47
2 5 75
6 4 40
5 6 86
1 2 84
5 3 72
8 2 84
1 4 58
6 5 24
3 2 47
3 6 91
1 8 76
3 8 79
7 4 69
3 6 95
5 4 80
5 6 39
3 4 71
6 4 23
3 3 29
6 2 64
5 8 99
2 3 0
2 1 74
3 2 46
3 7 96
5 1 22
3 2 58
7 6 85
7 2 32
3 8 67
8 1 100
4 5 38
5 3 54
5 5 0
4 3 24
7 5 36
8 5 12
1 5 99
7 2 44
7 7 75
2 8 11
4 7 90
7 2 92
5 2 27
7 7 74
2 4 94
8 8 82
1 7 38
4 3 15
5 5 12
8 5 33
7 1 84
8 3 75
3 6 87
5 6 86
6 4 24
8 8 52
8 3 40
4 6 98
1 8 75
6 5 31
3 8 63
6 5 96
3 1 64
8 3 10
2 4 18
5 6 29
6 2 75
7 1 57
5 8 59
3 1 38
3 8 72
6 3 53
1 7 93
5 7 45
7 3 58
6 4 15
5 1 46
4 3 16
7 1 31
6 7 92
6 2 100
4 2 73
8 6 17
2 2 71
3 6 94
2 6 36
2 1 8
2 7 66
6 6 45
3 3 35
5 2 25
4 7 47
5 3 8
8 5 9
1 2 98
2 2 38
7 8 69
1 8 100
5 6 16
2 7 0
7 1 66
8 3 96
5 4 100
2 5 82
5 3 78
3 2 82
1 1 2
8 7 85
5 7 10
8 1 12
7 1 26
4 4 88
1 8 75
6 2 99
4 3 28
6 5 36
4 5 49
4 2 93
8 8 42
4 7 68
2 2 58
2 6 92
2 2 43
4 3 55
4 8 15
3 3 10
6 4 34
8 5 70
6 5 8
7 6 92
7 6 19
1 1 1
4 7 25
8 8 46
6 1 14
4 6 97
3 5 53
6 1 49
2 4 90
3 8 88
1 4 0
3 3 25
5 8 53
3 4 32
8 1 11
4 4 16
8 4 23
7 5 87
2 2 89
2 5 99
5 2 40
5 2 77
6 5 29
5 1 91
6 8 28
6 3 42
8 8 54
3 2 91
4 1 85
2 2 78
3 8 80
1 3 8
1 6 91
6 5 82
1 3 52
2 7 97
5 8 40
1 2 86
4 7 62
8 4 96
3 1 42
1 8 44
6 1 90
4 5 37
7 3 59
7 4 93
8 4 69
5 4 81
1 1 55
4 8 3
1 1 56
8 8 74
7 2 89
8 2 100
4 2 42
6 5 58
7 8 75
1 2 10
6 1 49
4 2 72
8 7 87
6 6 76
5 8 4
1 7 6
8 1 81
1 1 29
7 3 71
2 1 29
1 8 73
6 3 26
4 6 80
8 1 73
6 6 79
1 5 87
7 5 9
7 7 57
4 6 15
6 1 74
3 8 85
3 2 100
6 3 23
4 2 28
7 1 4
3 5 13
2 1 44
3 3 34
8 5 13
6 5 18
6 8 76
5 7 76
3 4 88
2 8 100
3 4 92
2 2 11
7 5 90
2 1 96
4 1 86
7 1 94
5 7 9
3 3 5
6 3 78
8 6 86
2 3 14
2 5 33
4 7 12
3 6 66
3 8 48
2 5 20
8 1 11
5 7 21
6 8 83
8 6 32
3 2 72
4 7 71
5 5 92
4 5 94
7 5 30
4 1 67
8 4 93
2 6 0
2 4 16
3 1 68
7 1 10
6 3 47
6 6 77
6 4 76
2 4 23
2 5 33
1 8 46
4 8 91
8 6 9
7 6 60
1 3 92
5 6 20
3 5 6
8 2 30
8 1 52
3 5 42
1 3 53
8 5 89
1 2 56
7 5 19
1 7 68
6 6 88
3 5 89
6 3 1
4 6 86
6 8 61
7 3 45
8 8 73
8 7 63
3 8 35
4 7 79
6 6 31
8 8 19
1 6 16
7 6 35
1 6 98
5 8 79
5 4 31
2 5 50
1 7 99
5 1 13
8 8 6
3 6 21
2 2 73
4 8 30
8 6 18
5 5 3
3 6 93
5 6 28
4 3 50
8 3 80
3 2 92
2 6 29
2 3 29
2 1 9
3 3 57
8 6 62
1 7 43
3 8 55
4 7 16
7 1 39
8 2 52
6 3 40
5 1 24
4 1 73
5 7 33
5 3 84
2 7 45
1 3 9
2 6 53
4 8 28
6 7 60
8 6 79
6 5 35
5 8 43
6 4 79
8 2 92
6 8 56
6 6 64
5 1 5
7 8 35
8 5 19
6 5 33
5 3 100
7 2 36
2 5 69
3 5 12
2 2 36
6 8 2
7 1 43
7 6 97
8 1 49
6 6 69
6 6 84
2 2 72
6 5 19
3 6 87
7 1 50
3 4 58
8 1 23
6 4 53
3 8 13
2 1 60
1 5 83
2 6 65
2 5 11
7 6 3
5 6 60
6 3 31
3 1 0
1 3 30
8 7 88
6 4 96
4 6 38
2 5 89
4 3 44
5 1 43
4 2 74
6 3 23
7 3 4
4 4 99
5 6 40
2 4 78
7 7 15
4 5 32
6 8 65
2 2 42
6 3 1
6 5 34
8 1 47
5 7 13
2 7 80
2 2 30
6 3 76
3 4 65
6 1 38
4 2 43
1 5 78
6 1 20
7 3 28
7 4 20
4 3 11
1 7 93
8 7 56
6 8 86
1 2 74
4 3 36
3 7 68
2 5 88
7 5 59
5 7 12
8 6 89
3 6 49
4 5 91
5 4 75
1 6 46
3 7 44
6 6 31
2 7 13
6 2 73
2 1 47
4 1 30
3 6 27
1 3 99
6 7 43
8 8 60
4 7 14
8 4 60
2 1 90
3 1 53
8 8 82
8 6 86
8 8 64
5 3 52
6 6 35
1 4 42
1 7 41
6 4 23
6 1 87
2 3 48
2 7 88
5 7 94
1 4 96
2 3 83
5 7 61
7 5 25
4 2 37
4 7 62
7 7 51
2 5 20
6 3 44
7 2 46
1 2 16
8 7 34
7 2 96
4 8 3
7 7 79
3 5 35
5 5 18
6 3 48
8 3 91
4 5 34
8 6 45
8 4 20
3 7 100
5 5 85
4 1 40
4 4 95
7 8 57
2 7 4
7 1 73
5 7 3
1 6 47
7 7 98
8 3 34
8 6 40
4 2 46
5 3 55
7 1 81
5 2 71
1 1 31
2 6 72
2 8 89
7 8 51
3 1 89
1 2 15
6 5 35
2 4 59
3 8 4
3 5 19
3 2 38
8 6 66
4 2 38
8 7 93
7 4 40
4 8 13
3 8 99
2 2 74
3 3 83
1 7 72
5 6 83
1 5 68
5 5 47
3 6 93
4 8 49
8 1 41
2 5 33
5 6 84
7 1 28
7 7 64
4 6 97
4 2 74
6 6 97
5 4 24
4 8 95
3 6 30
7 6 68
2 8 63
7 5 84
4 1 66
2 2 73
7 1 88
8 8 77
8 6 40
6 6 34
2 2 78
6 7 63
3 2 31
3 5 64
6 2 86
3 3 35
5 1 50
7 8 29
2 2 86
5 5 82
2 3 11
7 8 64
4 7 48
5 2 45
7 4 98
3 8 37
3 5 15
3 1 42
7 5 56
6 5 93
5 2 21
1 1 6
5 8 39
1 5 18
4 8 87
5 5 99
2 6 65
7 8 17
5 7 62
3 8 83
4 7 64
8 7 87
7 1 14
5 3 85
4 5 32
4 3 32
1 7 88
3 2 64
4 7 16
3 2 62
6 6 61
3 2 69
8 1 97
4 6 40
