34
61
24 28 17
34 33 43
4 23 55
28 7 41
2 28 99
2 30 92
34 23 60
16 25 16
28 10 86
10 17 58
23 6 84
19 15 12
21 13 70
15 23 66
22 32 26
12 15 30
14 18 92
31 32 78
25 14 54
13 16 3
26 23 13
1 15 14
14 11 52
26 20 93
6 16 30
17 6 15
27 19 35
17 13 13
31 33 16
12 2 71
4 33 93
21 16 57
21 15 73
15 20 91
18 10 88
34 26 72
6 8 25
27 1 0
25 2 37
2 19 24
33 9 91
8 4 81
8 25 27
16 34 47
2 3 15
14 25 85
2 28 56
33 12 30
11 18 36
14 19 0
3 6 2
22 14 49
11 7 33
23 30 49
30 17 57
16 30 0
26 9 78
18 20 22
27 26 78
20 23 4
1 26 80
