72
243
4 31 38
43 57 94
8 66 45
55 48 55
67 35 26
22 10 40
32 17 67
60 62 84
8 43 65
1 8 10
28 61 11
40 43 78
11 43 56
34 4 39
58 39 23
52 25 100
44 54 80
1 35 60
62 22 36
60 46 34
10 18 6
19 4 9
17 60 28
14 21 30
20 39 51
52 66 80
36 1 40
29 32 11
20 7 45
57 65 57
56 65 58
10 50 51
63 40 62
53 69 94
16 29 96
60 68 8
55 4 12
56 41 2
50 30 24
43 66 2
28 33 91
21 29 89
56 40 19
21 40 72
18 50 49
55 4 32
10 27 39
66 26 23
54 17 26
1 63 0
53 58 51
33 61 90
26 57 52
60 14 59
17 23 59
67 31 43
41 32 14
8 18 98
1 63 14
33 28 31
2 65 57
66 7 93
24 62 7
17 62 33
44 45 35
21 53 80
41 33 59
1 68 56
43 70 60
47 42 6
50 71 85
34 24 13
72 48 7
7 71 77
31 41 80
30 4 67
55 5 62
63 21 22
34 57 53
55 26 9
30 23 32
68 61 56
7 22 19
58 54 28
25 7 52
37 48 92
65 56 7
11 41 77
66 51 60
42 72 36
16 15 59
24 59 38
59 48 15
17 52 91
69 62 24
4 14 70
51 71 95
13 30 8
38 17 77
32 13 52
53 68 80
38 48 13
14 54 94
65 1 79
49 65 26
3 45 58
12 13 98
22 50 72
61 42 84
27 20 82
72 70 32
55 32 8
52 48 94
55 50 2
25 59 25
9 14 80
15 60 89
36 11 51
5 36 76
71 6 29
65 44 81
1 14 26
13 33 45
52 69 41
62 34 6
15 53 29
16 63 56
2 35 73
31 8 46
63 63 24
70 12 21
70 23 52
41 2 74
52 10 99
45 69 58
18 21 86
33 38 76
56 9 57
58 33 63
36 55 49
17 71 49
8 61 46
12 11 52
55 43 46
44 7 77
66 24 4
22 49 83
22 16 76
8 72 38
56 10 96
18 18 22
35 57 29
37 3 95
21 69 33
64 58 28
35 50 4
64 16 62
41 28 53
65 64 57
71 35 31
65 48 68
23 39 60
16 67 0
2 18 11
42 52 44
26 13 54
7 31 37
52 70 50
50 36 9
68 29 34
4 14 45
49 20 11
16 66 36
13 14 15
41 41 96
5 60 26
61 39 19
27 17 15
19 31 40
62 4 49
24 2 74
6 68 97
51 26 62
41 71 28
2 39 36
25 34 65
23 13 46
45 45 43
19 56 60
22 20 68
69 64 88
10 66 11
2 28 5
72 32 40
3 34 53
51 5 91
23 64 84
21 54 83
35 35 53
34 24 13
7 31 95
15 31 92
45 72 100
47 68 25
49 63 72
71 59 53
3 36 53
24 6 26
2 7 29
44 35 77
69 67 78
68 11 33
14 53 63
65 51 41
26 47 69
5 29 7
4 23 62
7 72 68
28 24 17
19 6 21
64 61 22
49 22 46
42 64 18
8 30 56
42 14 78
66 12 75
47 3 51
54 5 48
28 56 85
13 49 2
21 67 82
36 5 44
50 43 25
20 19 70
10 14 61
28 11 7
6 21 25
11 39 89
45 14 23
43 16 4
41 1 82
48 51 20
43 19 9
