75
60
70 18 5
21 38 80
16 43 54
5 69 46
30 32 22
65 2 45
23 32 36
66 50 14
59 67 18
37 75 22
64 26 49
18 63 49
23 5 40
36 42 43
54 61 20
62 49 11
74 67 3
43 23 62
72 58 64
26 18 82
70 54 84
29 48 32
19 63 63
33 61 91
16 10 56
33 57 75
14 71 80
36 6 43
45 30 55
30 37 54
61 4 61
38 12 21
55 57 45
35 14 86
5 20 41
1 45 44
35 54 11
10 19 51
70 69 75
7 57 5
29 10 16
58 75 76
42 3 46
32 60 57
56 51 70
55 67 6
49 34 32
5 14 71
33 74 30
73 27 99
65 44 22
72 18 12
48 42 24
19 67 87
64 26 20
46 18 22
14 32 31
46 69 7
43 1 83
37 11 55
