96
6106
63 84 23
28 26 57
10 93 14
51 4 21
59 14 27
41 11 35
6 86 14
36 64 31
76 19 5
60 6 39
9 46 57
27 40 98
22 35 25
34 92 92
92 70 69
81 80 23
8 16 77
1 68 7
56 85 75
11 10 84
35 94 52
46 16 12
33 2 75
2 18 83
2 80 4
19 65 85
91 92 32
92 2 36
93 80 37
91 72 94
45 61 35
25 64 12
42 37 24
32 81 51
15 52 55
32 10 36
70 90 88
76 19 27
3 89 14
57 18 9
8 9 69
53 15 75
41 77 56
71 81 43
41 28 69
1 43 71
88 8 44
81 64 75
17 39 55
23 35 76
41 24 70
22 31 20
29 86 45
64 80 55
36 39 29
22 56 5
22 44 28
25 74 24
8 66 88
31 79 43
57 19 76
61 20 16
88 31 68
11 18 75
66 86 60
87 14 66
86 81 5
25 4 91
6 75 71
27 7 69
58 20 74
22 14 84
81 92 6
65 58 77
79 85 71
54 77 18
54 36 93
81 71 0
2 8 6
5 83 3
62 88 18
81 56 60
74 73 46
82 36 11
72 18 29
72 60 1
72 6 1
60 28 89
68 78 7
91 87 57
61 27 64
7 35 20
75 52 11
59 57 28
43 59 19
59 35 83
28 45 76
88 84 8
80 10 5
91 9 73
11 84 89
18 25 94
43 70 89
70 88 97
36 88 91
16 41 29
47 44 71
75 62 75
38 89 66
93 50 93
91 71 61
37 23 73
77 1 25
40 36 27
15 68 62
57 39 88
28 38 94
75 3 57
73 10 71
71 17 28
43 45 53
34 66 51
8 72 74
47 15 87
54 75 12
3 74 37
58 88 3
4 71 79
51 11 93
11 83 58
2 17 85
45 76 3
5 59 56
83 66 26
95 25 70
24 34 49
85 50 16
53 31 32
65 29 63
40 52 48
75 93 10
8 37 3
61 33 78
95 59 56
36 90 12
33 86 18
61 93 68
48 77 8
15 27 28
90 88 18
46 49 28
81 60 81
32 48 1
86 35 92
87 15 69
77 46 43
16 50 2
60 52 97
20 93 98
85 88 15
6 79 11
5 8 63
2 43 62
35 87 36
64 58 91
73 65 88
41 43 40
62 84 1
42 78 10
63 57 9
60 27 94
41 38 55
73 20 99
44 78 34
27 54 93
21 79 33
46 84 92
83 41 39
73 94 1
8 23 72
21 77 26
40 51 81
70 5 82
84 52 58
13 37 13
31 80 88
61 64 41
19 35 74
87 8 55
68 54 7
35 78 42
81 44 51
92 49 6
13 61 42
86 90 42
58 47 58
37 64 8
36 90 96
71 70 41
44 36 69
96 25 23
62 21 3
57 34 49
68 84 99
47 7 56
89 17 32
35 34 3
58 68 91
60 95 50
4 40 71
60 76 88
30 62 3
93 12 80
52 53 34
12 35 52
49 32 31
50 9 80
70 58 67
74 50 21
77 62 46
27 49 95
15 40 12
39 81 44
78 96 51
65 5 30
57 76 86
22 18 23
61 82 87
29 78 30
31 55 63
63 38 23
92 28 27
42 76 31
3 76 77
83 52 54
13 42 60
24 68 57
90 70 90
59 2 72
86 14 23
68 37 55
73 42 62
79 95 44
57 21 64
55 58 84
67 1 63
2 84 72
9 90 30
5 2 15
49 84 78
82 3 77
69 84 10
86 50 100
42 52 2
92 74 71
86 14 91
4 27 11
47 90 51
14 34 90
34 56 74
12 24 77
26 6 95
64 52 54
11 53 9
49 77 39
60 53 13
71 90 73
50 26 6
49 88 31
46 59 43
3 19 25
5 1 37
96 12 47
72 18 32
44 75 75
76 39 46
77 79 37
33 34 47
53 84 93
67 77 40
16 3 62
40 42 88
42 56 17
94 39 100
50 52 97
58 29 12
86 62 57
36 52 52
27 96 54
65 59 71
25 16 16
9 50 5
21 39 70
92 28 96
3 12 14
56 59 4
82 10 77
56 36 17
51 70 6
61 35 88
79 25 56
14 85 77
85 80 54
21 19 40
20 21 46
53 51 73
15 87 73
23 91 78
9 53 36
1 37 62
58 42 76
9 86 4
20 42 90
49 73 88
10 62 90
57 32 27
6 69 66
27 88 23
37 80 0
75 81 24
4 89 41
86 46 43
66 88 67
62 73 99
56 87 34
22 51 64
75 85 99
71 43 62
96 1 1
37 77 11
53 17 100
19 43 35
90 91 63
9 45 17
67 20 12
73 60 53
35 60 45
51 45 42
8 69 23
67 81 17
51 72 81
31 33 78
81 50 99
72 67 27
39 96 93
18 88 85
40 75 82
48 52 95
53 85 40
63 49 60
79 2 64
78 70 6
31 73 30
64 35 40
10 47 94
27 67 3
81 55 95
95 43 92
68 42 16
63 52 87
35 25 98
79 95 41
16 59 30
85 2 63
67 90 34
6 18 39
27 90 19
22 22 2
92 26 17
87 13 73
84 13 96
38 32 55
77 58 74
95 79 62
68 83 51
80 18 68
84 90 94
15 64 10
96 57 17
57 63 80
18 55 1
49 11 94
87 24 71
37 84 3
51 14 57
35 22 0
63 33 38
66 93 2
29 42 80
20 9 68
37 19 91
9 87 43
27 3 75
6 70 71
68 44 21
31 36 70
12 83 3
36 72 62
66 93 58
38 89 22
79 1 10
66 78 64
68 62 54
1 91 16
26 48 17
73 80 74
35 6 40
22 86 42
60 90 40
46 35 12
43 78 62
72 9 49
26 4 85
20 61 41
54 84 11
59 94 28
44 65 31
16 15 38
4 49 31
2 46 12
84 70 17
93 87 78
11 38 58
53 5 53
90 96 70
52 46 86
54 20 30
10 50 35
33 8 57
87 73 47
24 55 75
22 68 54
19 66 48
72 86 89
27 33 45
66 46 59
88 2 16
49 72 72
76 50 84
49 80 28
53 10 8
51 3 63
39 19 19
73 1 49
28 23 77
66 83 65
2 55 41
78 74 2
27 88 42
12 37 32
43 58 92
86 38 83
11 85 38
39 68 99
1 13 70
20 2 95
42 23 46
6 31 91
12 40 55
73 27 23
62 60 30
15 69 6
54 32 81
86 51 50
69 7 33
75 93 88
77 82 11
96 95 73
38 91 76
15 34 7
67 46 14
93 53 58
44 3 100
2 31 50
49 60 31
39 33 8
80 76 13
42 47 71
72 34 77
48 93 55
57 34 54
7 30 35
57 79 28
36 15 93
22 52 74
71 72 7
87 30 91
90 33 6
73 31 94
71 95 11
76 72 34
75 20 79
45 25 12
16 96 94
46 18 51
73 38 66
39 86 42
27 69 73
94 42 79
96 75 81
92 26 4
69 79 27
56 1 81
56 10 22
2 71 42
94 52 87
42 2 81
36 76 39
63 8 86
55 9 11
47 53 0
40 32 23
34 43 8
65 43 70
68 90 40
94 46 59
7 53 57
26 60 72
42 62 1
32 10 83
76 24 29
3 80 94
95 90 44
58 62 31
34 42 44
55 85 9
13 36 24
40 29 69
64 81 29
58 95 26
5 86 66
16 44 38
51 19 12
26 68 75
68 2 43
5 5 71
77 69 91
74 59 3
82 39 88
35 79 38
62 15 34
73 14 84
24 81 58
46 60 51
88 59 22
45 42 28
52 28 13
64 31 27
10 91 24
35 34 58
95 69 95
66 84 77
27 46 95
68 84 3
14 75 99
60 65 93
3 30 17
54 52 98
88 47 3
61 26 32
30 53 26
87 73 1
76 58 79
43 83 34
64 10 8
95 93 88
7 21 77
73 49 9
26 87 25
8 12 51
44 85 13
93 65 82
79 73 51
23 1 33
30 22 60
78 60 92
3 22 90
74 10 72
33 79 24
83 88 79
45 95 12
46 31 27
68 88 77
95 72 100
88 90 61
84 73 28
69 15 53
18 18 56
33 71 74
91 2 50
47 42 56
38 33 36
51 58 41
20 14 20
43 52 13
23 12 91
53 58 5
11 90 99
45 17 73
77 6 4
76 66 56
90 29 1
92 60 55
75 32 32
34 37 81
80 90 45
20 2 81
73 13 4
81 56 81
72 35 35
85 2 37
43 74 24
90 11 58
15 31 34
51 43 70
91 34 18
21 94 23
93 74 75
17 3 1
57 75 0
26 29 9
7 26 2
73 44 13
85 55 72
87 53 57
32 39 76
77 23 53
39 59 61
3 47 18
93 33 36
45 26 32
95 80 77
56 88 15
65 94 47
8 83 52
31 54 32
52 16 18
91 6 55
72 83 58
83 91 58
84 92 45
38 31 21
46 94 6
71 63 12
86 95 0
96 51 31
11 35 10
91 76 60
61 42 5
72 81 69
95 43 76
10 84 86
91 25 71
86 13 37
89 10 71
47 3 34
39 85 34
89 92 32
16 80 72
24 95 32
55 75 62
91 32 25
34 67 74
78 44 6
77 85 66
94 65 100
55 92 81
7 86 9
82 96 11
55 41 41
96 73 95
81 87 28
4 56 4
50 19 3
88 33 76
51 57 19
38 45 84
68 49 64
89 51 46
10 70 9
48 55 55
28 52 59
65 50 47
88 59 53
61 55 54
89 32 79
42 27 88
78 76 29
39 5 10
45 31 23
34 2 33
50 15 24
29 65 53
50 38 84
23 49 30
45 8 32
45 32 95
81 51 92
17 28 58
45 60 72
84 42 58
25 92 28
29 96 56
64 82 99
63 59 61
76 32 26
50 37 77
5 85 56
13 58 48
2 21 74
18 64 42
21 30 7
3 11 50
3 8 13
71 43 27
20 90 30
72 89 10
26 47 100
2 20 87
62 93 70
63 45 100
28 20 53
66 7 88
41 29 90
93 56 11
26 42 27
92 54 45
85 37 49
47 47 14
59 30 77
65 34 38
85 78 11
31 74 9
14 44 86
24 21 74
45 61 61
40 20 90
63 25 2
13 85 30
94 8 69
41 64 38
78 1 100
83 28 76
78 22 55
33 24 91
68 30 19
69 49 66
7 51 24
81 67 41
58 10 18
63 42 56
93 65 76
30 45 92
49 40 95
1 82 78
61 83 14
94 13 56
77 73 65
12 55 80
64 52 12
65 94 68
90 44 27
82 69 16
66 26 4
7 93 66
92 61 27
69 38 42
58 12 14
41 41 45
43 57 19
11 26 47
46 4 32
24 12 1
95 61 72
68 74 38
8 62 7
42 58 7
38 70 86
14 5 52
56 82 27
58 93 98
17 56 96
56 81 46
1 3 76
85 37 53
11 89 95
67 76 31
27 55 16
35 13 8
81 5 1
11 3 6
12 24 31
70 90 21
77 2 38
49 1 25
14 57 7
14 69 83
93 9 14
81 78 18
59 22 66
15 30 59
26 14 29
31 47 27
11 79 57
20 62 85
54 20 20
22 27 36
91 28 83
18 26 55
47 44 41
56 49 12
74 12 12
83 49 84
79 22 40
33 61 74
15 19 5
32 44 28
85 81 68
60 87 69
87 37 47
77 59 94
17 36 38
8 30 14
27 70 77
23 88 68
50 67 21
46 93 38
49 15 62
65 38 63
7 30 52
2 8 26
25 81 31
46 82 35
11 79 58
15 11 58
92 79 86
54 10 36
58 24 66
68 81 90
4 36 52
39 75 16
70 26 34
59 37 14
57 32 38
57 78 57
92 20 5
67 33 18
2 32 8
92 88 37
43 38 99
17 75 97
53 53 90
60 76 34
65 20 70
90 57 5
82 67 75
64 89 29
72 82 13
55 37 66
95 5 91
94 10 64
68 63 91
87 15 53
49 85 32
64 95 59
71 67 1
48 25 17
48 61 94
18 55 7
26 65 28
19 29 31
64 61 47
71 13 99
15 57 34
80 26 64
94 23 43
87 8 23
55 57 90
67 80 24
40 58 36
44 89 75
25 95 43
26 57 13
67 56 61
76 10 58
28 39 88
34 83 95
26 39 11
38 43 52
44 43 67
63 12 59
70 18 100
45 59 95
87 40 27
43 31 48
50 28 100
36 60 89
75 94 25
76 61 72
67 16 89
60 33 51
77 77 20
47 31 9
83 31 57
74 74 39
17 45 32
81 80 7
78 35 51
6 18 42
22 34 36
64 29 98
33 21 50
92 58 15
58 14 28
31 8 4
25 23 11
85 16 94
4 21 79
74 94 12
62 59 27
66 38 9
90 12 58
57 15 7
80 21 79
70 42 13
26 71 3
79 18 27
63 1 72
60 56 63
64 2 66
90 52 78
91 55 11
4 84 19
49 29 52
17 40 88
34 21 27
91 57 98
47 57 36
26 77 27
89 95 65
43 72 23
7 32 34
16 24 11
4 37 15
90 3 9
56 50 48
27 56 45
61 56 22
16 79 69
2 27 24
38 57 3
79 58 25
65 14 1
78 13 80
25 48 39
35 52 99
45 74 32
96 64 4
49 64 69
46 2 96
85 66 92
66 28 30
40 80 79
11 26 36
24 84 69
75 26 27
56 86 40
55 57 64
59 91 64
14 30 78
72 2 48
10 16 76
58 4 29
80 28 18
5 52 1
88 32 7
25 21 82
13 90 72
58 95 100
62 87 9
48 10 16
41 59 1
20 18 25
32 15 63
41 51 55
5 37 50
54 27 23
32 35 14
52 48 13
80 14 63
22 2 16
74 29 24
91 66 67
90 41 94
15 91 9
49 91 69
67 22 57
10 17 46
79 88 59
62 24 28
1 62 53
49 56 7
91 36 30
7 68 53
19 8 73
77 81 68
42 33 67
56 27 10
21 16 35
3 33 34
23 76 21
56 75 20
42 25 68
49 62 82
90 10 50
40 56 56
81 79 23
90 42 3
39 64 65
68 59 63
92 24 71
12 96 57
93 83 76
49 81 20
6 28 54
33 20 4
64 87 92
87 55 50
47 2 40
96 85 2
74 45 46
41 48 40
25 90 4
27 4 96
50 81 78
52 19 51
5 55 20
83 51 8
67 15 73
85 49 13
45 77 51
82 79 44
68 4 52
20 5 36
11 70 58
58 18 33
10 45 65
96 68 78
74 74 86
7 44 97
70 91 11
38 3 66
80 29 72
77 92 9
95 8 19
82 64 53
78 14 96
63 51 80
89 31 38
49 34 51
33 53 80
11 63 87
6 35 22
43 17 77
37 52 89
47 90 34
15 46 28
14 96 5
11 88 88
47 73 10
44 79 47
82 27 16
6 1 83
2 58 79
95 36 23
66 78 70
33 15 22
13 42 19
92 27 69
70 84 61
87 52 49
39 28 5
44 44 46
27 8 24
44 66 32
33 60 87
78 91 82
19 77 100
19 85 10
45 44 6
43 34 49
1 74 77
63 30 38
14 12 86
9 24 18
92 60 76
27 60 99
47 16 34
55 41 64
47 20 37
48 23 43
67 80 89
62 47 81
67 85 25
42 61 64
77 6 85
58 2 56
67 41 69
55 38 99
56 95 98
53 31 78
92 89 96
83 76 45
20 38 26
54 59 95
17 2 26
24 10 21
81 49 3
23 1 62
13 28 46
59 6 95
19 17 44
25 74 15
50 56 66
41 1 77
84 33 79
4 55 81
85 69 29
73 76 55
92 26 27
44 86 0
11 68 47
41 32 6
11 92 4
40 62 32
84 60 54
42 44 2
24 68 82
57 73 60
31 51 11
86 48 25
51 79 22
65 22 19
71 23 27
12 59 34
7 85 77
2 89 19
84 81 38
73 95 61
91 95 17
30 18 22
42 19 85
81 19 20
7 1 19
87 86 15
59 77 88
30 53 61
16 70 43
80 63 71
87 79 89
48 12 7
87 41 66
55 16 98
50 15 21
28 71 50
89 21 65
21 12 19
2 79 24
27 23 87
28 18 58
48 93 33
11 3 10
2 69 43
59 30 41
87 45 35
78 67 63
8 53 2
88 49 94
79 93 22
9 33 13
67 42 22
84 35 33
35 68 93
9 58 16
4 73 36
17 41 32
42 62 18
32 69 46
59 3 57
92 10 50
17 57 63
35 79 63
8 13 29
66 44 22
63 59 51
18 91 28
57 63 95
87 57 20
72 4 28
93 77 67
55 65 76
62 29 71
38 58 63
9 8 10
31 50 95
55 21 99
55 31 85
61 67 65
1 58 63
96 63 35
93 38 45
50 6 86
85 27 29
43 77 100
93 12 62
30 57 50
75 18 68
38 6 51
42 49 80
15 83 78
26 75 33
25 65 66
50 35 45
30 15 19
95 78 21
91 79 91
45 66 97
49 25 16
1 3 16
38 91 68
95 85 6
74 88 18
33 39 10
85 94 52
82 17 27
69 12 89
78 54 22
20 67 35
73 88 35
35 16 54
7 22 53
88 34 79
47 92 67
76 30 71
31 5 57
6 34 10
95 30 86
46 27 2
1 82 18
44 63 14
94 54 47
3 6 52
82 29 59
16 4 53
12 70 20
50 69 83
55 55 11
67 60 82
77 86 9
81 4 21
32 45 41
32 4 51
15 44 66
64 52 24
92 6 5
37 29 99
94 79 91
87 82 55
14 68 73
39 28 84
34 18 74
84 51 9
32 32 40
53 27 23
40 43 7
48 15 71
11 93 31
64 95 7
51 49 86
19 75 98
7 9 65
89 9 33
65 41 55
32 38 69
56 29 4
83 19 69
92 30 6
42 92 35
8 30 52
24 58 30
41 83 2
50 1 58
49 31 45
20 50 55
74 85 85
11 5 39
22 17 52
36 45 81
36 19 8
1 21 54
56 2 92
13 90 77
93 87 99
69 71 67
70 25 15
15 72 87
77 75 26
18 43 67
51 93 33
78 53 75
95 23 43
25 23 69
66 18 64
16 41 87
63 33 28
87 20 66
31 69 43
57 49 66
77 52 32
23 80 17
64 35 26
26 13 91
18 25 30
77 59 27
59 58 60
12 90 14
56 59 2
74 82 22
31 26 19
87 82 40
17 55 24
82 44 62
8 76 27
40 93 38
1 65 22
16 24 20
10 81 98
28 68 8
69 87 19
33 75 25
93 66 90
60 75 43
1 37 6
66 78 54
95 36 45
39 79 25
51 11 80
6 9 8
55 65 48
66 74 94
16 65 44
76 79 27
34 50 38
69 24 35
85 82 83
88 11 9
84 6 64
70 69 7
61 42 24
48 33 43
78 78 52
80 90 85
2 77 72
70 6 87
20 45 29
37 8 89
61 89 71
18 5 22
17 33 33
83 71 47
24 84 23
41 51 94
94 44 85
77 28 88
49 13 88
66 65 1
47 81 19
65 57 70
46 12 12
53 90 98
44 46 96
52 12 94
35 79 0
64 87 21
7 1 24
89 59 59
35 45 92
4 48 69
62 12 92
26 18 56
21 44 18
33 92 79
62 21 72
84 34 98
7 28 73
33 75 70
15 72 51
22 39 44
73 88 88
44 61 83
55 46 93
7 10 83
48 80 14
80 81 4
23 32 49
60 58 30
64 2 62
64 96 69
9 71 69
81 20 9
14 30 18
54 86 66
75 65 63
64 12 4
42 86 75
14 56 12
60 52 42
49 51 78
48 2 28
28 53 55
42 92 24
53 52 30
86 13 17
55 13 14
17 82 77
53 86 27
96 4 38
85 63 87
76 50 43
22 41 17
8 70 25
34 96 69
78 39 76
47 63 14
56 92 7
88 59 70
55 4 69
91 13 36
88 86 70
23 96 16
9 17 57
57 24 7
70 22 78
72 34 80
91 95 28
58 70 62
22 62 53
19 84 73
70 24 81
42 90 25
14 49 0
73 77 98
86 37 100
94 87 44
48 21 18
63 33 40
15 5 42
22 46 98
96 60 68
94 92 44
58 81 61
71 3 13
7 26 54
92 66 7
26 74 7
94 88 63
59 52 55
96 49 89
90 4 81
19 16 19
95 90 14
21 85 18
16 17 20
44 45 94
87 95 60
24 95 38
2 35 72
96 24 95
30 62 38
50 30 31
93 73 53
1 42 57
20 96 56
47 53 8
77 92 3
51 25 56
12 79 83
26 6 58
67 9 17
9 14 99
74 19 52
69 25 83
69 2 61
17 48 34
90 29 58
4 71 81
25 62 39
72 3 69
74 92 51
32 93 39
44 46 71
38 87 34
81 64 64
62 85 51
39 74 75
76 71 71
88 27 24
57 72 72
69 90 77
55 41 26
5 29 43
46 91 76
81 10 98
80 22 48
56 63 84
43 83 86
8 90 75
72 48 72
12 34 35
27 74 75
33 19 32
15 10 92
51 48 68
62 36 75
88 51 0
6 49 79
65 35 32
11 67 29
92 53 48
33 79 92
18 60 26
13 18 84
35 20 80
13 41 85
71 87 50
70 26 2
26 87 10
73 7 11
45 37 17
78 79 46
35 4 26
13 36 78
55 82 100
16 33 51
69 76 82
83 20 96
18 66 8
57 56 6
77 26 3
73 37 41
12 55 64
73 93 7
94 53 90
25 67 10
3 79 83
72 36 27
58 8 40
94 11 38
4 85 90
33 63 53
41 47 40
58 67 14
6 7 52
54 14 68
4 75 98
55 67 18
17 81 70
86 27 68
58 46 95
37 61 57
79 13 78
36 67 57
92 22 4
53 57 63
72 35 48
37 57 60
83 77 99
37 82 15
93 40 97
78 28 33
16 60 31
28 57 59
3 54 23
96 20 78
89 28 72
7 39 58
50 7 54
45 61 77
81 54 38
57 74 0
53 7 55
61 17 9
61 85 47
72 73 37
56 85 38
72 53 20
2 45 68
46 55 27
89 93 82
76 20 49
65 36 73
47 70 19
69 92 30
19 9 36
11 24 98
74 94 95
24 68 49
60 26 63
42 51 68
96 33 43
84 20 53
92 35 10
51 34 51
59 65 66
95 71 30
45 95 19
83 49 35
10 80 4
72 67 26
68 74 97
32 8 59
63 29 49
47 94 67
56 38 11
41 61 25
26 68 82
91 72 33
74 88 51
94 22 84
15 78 51
3 9 11
22 33 57
11 39 65
72 76 84
44 84 91
64 2 45
10 5 96
80 79 77
46 59 72
7 49 79
47 82 36
60 42 37
83 52 19
80 89 65
35 50 7
57 8 49
40 79 65
83 86 69
86 24 14
65 74 96
3 73 34
79 62 91
38 89 65
93 93 62
87 47 81
47 87 32
54 8 60
4 87 91
38 39 26
63 47 54
68 69 90
49 6 73
77 36 47
26 96 8
90 32 68
62 39 2
78 43 62
57 71 80
79 76 87
82 77 11
61 61 2
61 89 84
92 9 75
51 57 73
89 91 80
18 84 6
31 87 99
64 14 38
1 86 73
6 46 76
46 49 19
91 9 44
13 83 1
59 42 96
1 59 23
43 35 14
60 31 63
33 82 1
65 2 62
20 35 25
16 66 44
36 31 5
16 31 86
4 81 20
77 29 40
13 48 30
56 84 56
48 28 99
10 82 38
26 75 68
80 79 63
1 94 96
63 12 40
89 64 11
65 1 84
30 82 49
6 5 55
69 84 29
15 93 70
84 9 10
69 33 65
17 32 93
46 23 38
85 82 33
39 22 41
32 51 81
77 81 100
7 50 75
21 96 95
82 85 7
26 68 69
29 69 69
49 48 52
83 18 65
43 10 17
75 57 70
84 65 8
27 19 55
82 69 81
44 31 66
14 80 0
42 91 72
30 68 16
55 78 20
26 30 100
23 37 55
35 81 89
85 91 84
27 52 7
10 33 8
75 85 22
76 6 88
74 86 12
46 5 84
16 32 34
31 23 17
62 59 55
67 60 49
2 52 63
85 81 6
5 87 73
42 17 97
76 80 45
13 23 24
68 80 57
1 63 75
74 81 88
38 59 39
11 60 30
32 42 26
91 48 67
48 47 70
26 67 22
26 29 86
9 20 42
85 15 72
90 19 7
57 25 63
60 27 43
47 21 13
59 19 34
91 46 1
23 51 6
59 3 38
61 56 54
46 25 18
16 62 47
86 55 22
21 38 33
84 64 36
54 78 85
3 11 71
21 21 6
19 39 72
50 54 81
83 82 15
4 71 1
64 4 59
49 2 46
8 11 95
86 60 52
16 58 92
45 75 20
41 90 45
33 32 62
40 16 36
61 28 36
37 23 34
89 64 6
66 94 43
93 42 24
67 64 98
11 84 77
79 22 51
70 47 25
9 89 73
8 77 92
84 55 76
51 96 95
5 30 40
94 47 56
46 82 10
94 94 34
68 50 23
59 94 18
92 73 96
63 49 94
95 12 86
78 36 70
58 42 26
17 77 98
62 18 45
81 44 81
79 8 8
36 10 20
83 92 96
71 22 69
93 14 82
5 13 95
53 69 85
23 38 52
91 72 60
75 86 39
40 88 15
80 48 10
23 32 81
56 4 33
53 50 50
11 24 90
55 63 41
65 14 70
11 6 38
30 40 92
56 65 73
42 54 87
22 63 12
85 2 48
22 93 85
29 70 27
31 25 98
33 92 84
56 68 67
42 9 97
43 79 46
84 24 90
54 26 43
6 93 22
28 94 97
31 42 82
45 8 16
10 10 18
93 56 97
63 86 13
48 28 39
33 69 19
84 23 65
81 7 55
65 26 98
27 17 34
87 49 73
1 93 79
66 16 8
42 77 43
18 56 51
10 26 99
68 83 58
73 27 17
91 44 85
41 3 47
22 25 19
42 71 52
1 9 36
93 75 5
29 45 54
6 45 50
43 86 100
12 43 16
81 58 66
27 77 62
94 54 94
50 56 29
88 12 65
16 75 8
30 26 37
68 49 75
15 82 59
81 37 22
60 53 67
25 67 64
53 29 91
40 56 88
62 44 90
32 30 52
49 74 81
96 61 60
23 71 84
74 69 24
79 43 31
39 7 0
29 30 82
41 49 81
86 35 32
87 49 65
50 12 6
3 20 35
39 11 43
95 21 15
16 17 51
5 80 60
30 49 60
19 1 47
4 39 3
22 83 27
75 63 85
26 91 65
28 54 71
70 40 35
43 16 60
32 80 35
53 40 59
16 51 34
25 42 33
72 63 1
81 80 95
84 94 68
55 17 65
95 26 44
3 56 13
22 1 4
36 65 93
47 7 15
80 91 39
79 78 29
80 53 16
47 44 90
62 44 33
87 69 13
49 75 75
29 33 2
69 31 92
33 48 87
82 42 12
32 90 65
43 35 11
85 8 80
92 31 68
9 55 93
71 64 57
74 58 5
58 50 37
73 45 69
85 1 2
67 78 99
12 45 81
18 47 36
13 94 27
71 94 47
56 8 81
35 27 96
18 25 86
88 93 64
22 10 75
71 57 42
14 49 89
31 7 87
38 57 23
80 45 77
51 84 60
93 80 17
17 39 70
20 53 72
75 84 58
91 86 25
51 82 18
62 84 79
90 41 74
43 57 84
77 5 37
92 82 97
52 15 49
67 87 12
52 65 47
95 15 62
14 18 77
95 83 30
41 91 72
72 84 3
73 13 71
24 64 77
44 22 51
51 18 91
14 8 16
77 95 17
70 51 43
51 18 61
86 50 58
39 29 62
58 76 60
45 83 1
59 74 54
60 15 65
86 64 33
7 21 37
60 27 33
11 73 68
59 24 85
44 9 27
13 70 17
35 33 22
12 4 50
76 16 85
64 2 98
9 94 96
88 92 100
71 17 79
21 40 84
19 10 43
39 18 26
60 31 68
48 44 55
2 69 5
32 33 11
25 46 82
15 49 95
33 6 68
64 3 95
87 58 54
84 87 68
29 30 77
18 91 94
80 41 68
66 19 0
27 36 14
15 1 52
36 45 63
8 83 43
30 20 72
56 11 20
46 75 26
44 50 40
60 82 68
19 71 96
20 12 65
16 58 46
32 30 9
5 15 67
62 29 11
29 77 43
48 94 87
25 27 48
11 4 43
72 92 56
90 12 49
51 17 0
67 56 98
31 12 76
52 72 8
27 91 61
50 73 7
86 94 38
2 72 67
58 37 48
25 37 5
84 81 6
35 26 60
35 62 97
73 9 64
56 81 61
31 61 58
10 93 46
78 11 70
16 22 8
69 21 83
72 82 96
42 48 47
15 65 37
54 19 23
96 60 76
22 71 77
87 12 98
7 7 53
13 6 25
66 89 97
45 53 93
13 22 84
55 50 67
38 86 45
55 63 88
85 18 19
26 83 5
64 80 5
84 42 80
32 9 84
95 90 4
91 42 70
57 3 96
31 66 38
85 55 19
1 59 8
11 33 5
15 77 11
7 33 91
93 20 26
34 38 61
63 12 17
90 37 5
33 30 42
82 37 4
66 77 18
48 19 11
86 14 21
87 74 6
12 96 70
11 15 26
89 58 47
17 4 32
2 66 53
19 15 69
30 71 6
61 94 29
38 8 72
75 64 24
30 14 35
79 36 2
74 63 92
17 92 2
96 68 46
61 70 17
59 51 21
6 50 58
3 23 15
25 34 39
10 74 82
54 75 87
79 11 42
88 69 5
93 78 11
37 56 12
44 71 64
51 25 79
35 6 92
95 22 17
89 63 15
46 74 54
83 46 7
26 90 2
57 36 63
96 13 85
26 47 62
33 85 69
75 41 40
10 9 68
59 71 25
40 46 47
2 26 88
77 25 7
61 53 68
71 31 39
39 78 41
8 53 37
68 78 23
15 1 29
86 85 56
15 73 72
69 90 82
83 81 80
64 82 38
58 2 19
67 12 95
18 92 38
89 20 27
54 22 88
3 77 54
61 59 97
51 80 56
12 79 40
51 30 72
56 53 91
52 25 66
61 39 6
78 90 83
14 50 39
49 19 83
37 16 41
56 3 27
22 67 35
4 91 51
91 94 97
96 72 5
87 40 71
7 75 93
35 72 43
10 59 96
39 31 35
75 16 51
53 35 55
80 5 90
45 10 19
16 40 14
96 27 52
38 45 86
82 27 35
52 30 49
35 59 51
86 61 29
27 71 5
75 67 68
67 22 90
36 33 10
3 87 8
77 96 30
33 34 99
82 66 47
90 86 59
60 23 46
67 47 60
83 39 17
69 96 85
21 14 18
49 77 62
67 4 11
61 13 9
72 12 62
22 19 43
29 9 30
95 47 60
5 40 74
73 80 90
50 15 46
6 15 65
35 68 46
45 59 22
13 81 91
37 60 90
72 84 46
45 11 88
87 1 56
47 49 64
63 70 2
34 92 43
63 52 8
49 66 55
52 95 79
94 31 9
83 69 56
27 84 17
61 70 19
11 46 1
53 85 21
83 29 21
7 3 84
75 35 94
30 4 6
58 87 26
11 76 40
74 43 64
80 46 58
5 32 72
17 63 52
63 69 20
13 62 57
53 59 82
71 60 86
26 25 19
48 77 6
21 27 21
61 85 37
46 81 7
78 20 88
50 34 44
96 82 36
56 59 65
64 88 91
85 31 15
4 36 89
93 56 29
57 30 70
87 30 9
41 71 66
50 70 16
22 7 55
7 77 7
72 92 41
15 69 76
22 18 25
15 63 51
70 18 40
37 64 54
22 9 47
65 40 19
74 59 60
68 47 37
30 22 91
3 10 45
11 95 61
42 60 3
59 48 18
22 81 82
86 57 45
5 27 19
10 33 90
32 20 80
56 43 73
22 41 38
65 55 22
95 3 55
73 94 88
30 28 98
2 11 16
75 9 37
27 35 30
62 91 23
1 17 22
20 93 35
3 49 89
8 29 90
54 73 16
34 79 68
3 17 6
78 63 83
4 30 5
87 8 35
57 69 27
92 46 74
87 91 82
77 24 37
70 56 77
83 24 3
7 63 100
75 14 55
87 37 91
90 30 26
4 33 44
57 51 61
3 35 45
41 29 67
2 67 4
54 75 23
27 32 54
57 46 96
40 6 86
5 12 12
86 57 28
1 94 13
51 90 18
57 51 31
34 42 23
10 90 10
20 82 43
94 37 22
34 6 6
12 84 39
80 60 82
71 43 36
54 10 34
3 90 12
9 17 27
37 69 48
20 14 16
24 76 20
3 55 15
64 29 60
63 88 99
94 19 24
63 94 46
64 28 36
85 85 7
64 71 75
1 53 80
34 31 53
29 65 18
95 8 52
32 44 33
8 28 55
32 38 57
2 80 46
89 67 26
96 46 54
76 70 46
82 81 7
80 39 82
48 78 16
90 59 37
68 40 31
20 55 61
12 36 19
69 59 11
13 95 77
25 58 90
45 17 75
53 37 36
13 8 24
12 12 17
12 66 45
76 95 96
6 59 9
71 82 3
61 94 11
54 72 45
72 87 5
96 45 30
3 14 58
69 91 63
21 88 40
52 86 76
41 53 90
4 66 88
82 62 53
83 37 17
62 6 95
5 54 58
1 60 48
82 16 23
8 9 9
85 6 18
27 1 90
72 74 71
92 48 67
22 75 43
4 61 40
11 26 94
94 30 24
17 89 73
86 7 56
51 76 47
83 91 96
57 62 7
19 59 69
82 35 40
26 57 49
37 15 68
78 59 25
33 82 74
21 50 35
49 76 23
58 67 79
11 32 99
81 80 53
84 33 67
53 65 35
49 48 53
23 78 80
45 30 61
34 27 94
46 69 74
58 73 20
22 6 0
88 4 63
7 91 74
11 23 42
41 82 62
10 77 18
57 49 30
2 79 8
84 36 36
69 82 27
89 56 35
4 94 26
95 11 63
42 60 86
30 75 93
4 62 73
54 72 11
31 30 17
40 21 72
48 47 67
79 54 83
5 4 33
37 4 47
30 10 86
7 19 21
93 35 63
53 10 83
85 49 65
6 55 62
71 20 0
62 46 51
62 79 23
82 71 58
93 49 22
79 82 75
37 71 93
75 76 56
26 26 72
86 3 53
88 41 49
79 27 15
60 65 18
50 13 1
26 93 85
51 79 94
89 47 41
22 16 12
14 18 61
17 61 41
6 7 89
57 11 21
40 82 14
92 28 80
2 40 10
90 57 32
95 31 38
25 96 50
76 25 78
19 82 47
17 22 40
43 12 64
10 16 20
9 67 89
48 79 53
53 66 92
14 9 59
62 36 16
51 91 46
85 22 62
3 72 9
50 80 79
19 83 75
58 15 74
45 87 83
1 60 55
58 33 55
41 41 30
84 42 9
41 42 65
45 73 51
21 36 46
15 61 64
29 20 59
43 18 25
31 71 1
55 22 68
62 90 28
25 48 68
46 49 33
52 5 93
17 95 74
15 27 30
87 92 78
42 33 0
30 41 34
14 79 99
96 89 30
47 7 82
18 42 80
27 55 17
48 50 70
48 78 83
18 24 91
55 84 23
19 42 54
89 7 41
60 79 93
55 77 50
49 73 6
57 7 60
54 31 28
56 41 37
54 92 42
6 34 89
91 21 63
4 77 27
47 35 90
32 71 3
60 30 76
67 61 42
11 39 23
53 57 90
69 31 79
31 24 89
33 25 10
81 28 84
52 55 48
26 38 10
75 91 29
35 36 22
13 6 86
28 6 100
48 70 20
31 88 89
88 91 34
94 23 38
90 53 72
48 80 86
12 9 2
13 32 16
27 83 58
43 40 58
95 37 97
75 74 74
95 82 73
53 24 30
94 92 47
57 78 32
17 31 35
49 12 63
27 30 78
8 72 34
95 29 52
1 83 20
56 22 71
58 94 5
30 43 74
46 92 8
78 83 7
26 60 96
33 65 69
44 58 32
18 34 96
18 63 73
88 59 5
74 42 71
95 90 19
53 68 73
56 83 22
52 94 81
73 33 60
68 15 35
82 95 20
86 81 64
86 1 78
7 85 70
13 95 7
69 92 75
80 28 66
43 8 34
20 45 81
86 42 37
24 80 0
38 85 23
27 79 27
85 93 8
3 65 44
40 59 1
2 9 80
57 66 7
87 82 100
24 12 18
6 50 57
76 92 84
5 44 7
52 33 96
88 62 69
63 59 18
90 51 21
59 10 87
26 66 77
19 44 58
29 9 29
18 74 19
95 56 33
46 15 34
16 41 92
14 37 96
54 69 43
1 74 28
94 20 14
87 23 11
57 36 21
82 60 63
44 12 75
78 8 1
57 46 32
4 18 47
81 20 83
57 49 31
28 2 42
49 21 8
37 88 29
95 96 100
15 29 29
67 30 69
44 63 59
85 86 14
78 93 7
37 58 64
54 36 77
69 22 49
50 27 82
45 35 20
5 41 65
84 91 13
10 30 34
76 50 19
49 64 76
38 38 76
68 83 1
17 60 18
87 70 23
22 64 23
43 30 3
30 50 19
10 71 98
71 41 63
84 76 27
10 88 100
31 92 61
44 31 82
58 22 78
59 64 37
53 26 14
96 86 21
75 33 46
83 15 99
13 25 27
67 81 53
4 45 68
90 41 87
90 44 90
56 87 34
26 85 62
16 86 43
78 95 11
55 70 97
24 2 66
51 50 67
35 59 79
90 54 95
87 67 32
30 8 93
11 95 65
58 52 13
5 23 25
78 82 35
62 56 26
73 95 15
49 18 51
55 67 0
28 60 42
73 94 72
8 89 1
38 52 10
47 91 85
47 92 21
91 36 94
28 60 6
81 65 30
39 46 22
20 69 48
84 2 10
38 8 25
16 94 27
79 63 16
91 42 69
88 3 99
48 38 80
9 75 72
44 10 17
91 92 64
55 3 96
35 91 10
81 34 19
11 16 51
21 75 6
77 81 36
42 23 82
75 83 86
64 85 69
24 9 16
72 20 52
7 46 77
69 62 56
46 51 33
39 73 44
6 79 88
35 83 94
55 59 88
31 48 45
35 39 20
39 81 13
3 95 100
32 18 4
53 85 15
59 29 19
84 71 23
27 45 12
17 36 50
35 50 7
94 81 95
41 59 9
24 24 8
78 48 77
20 76 40
48 28 87
42 52 29
15 8 11
25 47 37
84 19 76
49 14 63
44 21 45
22 81 12
75 27 30
49 36 5
94 75 18
18 62 94
27 58 48
83 56 83
22 75 95
45 67 69
57 21 89
45 95 94
3 75 1
37 25 23
3 60 86
26 80 52
27 73 9
50 20 36
46 64 59
94 39 74
27 89 56
83 66 82
35 78 74
96 80 5
83 14 97
41 84 49
34 38 1
61 45 91
49 87 20
11 26 81
36 12 80
8 29 9
33 11 73
96 73 8
61 84 80
94 72 59
65 8 78
24 10 3
71 74 27
28 72 43
40 40 34
31 73 4
10 80 30
94 8 84
56 85 45
27 20 72
24 91 11
65 21 96
67 23 4
23 10 86
63 75 62
16 9 72
83 69 36
35 94 80
24 77 39
69 86 61
62 64 69
88 26 93
79 75 94
24 37 61
28 44 5
18 92 72
74 29 1
1 52 40
69 71 87
46 10 46
10 10 15
32 59 57
36 51 85
33 88 87
54 31 82
45 65 57
89 95 81
71 33 87
17 4 83
67 40 62
29 48 85
84 22 52
85 61 90
16 63 69
62 61 20
87 40 77
76 73 48
14 1 30
14 23 89
71 56 38
18 12 28
67 44 94
75 29 69
44 50 54
60 23 12
85 76 9
45 72 26
44 5 65
45 89 95
8 37 36
19 23 31
96 8 46
79 19 22
95 55 5
9 37 24
77 30 68
59 70 7
32 53 26
47 20 63
18 46 38
42 18 82
46 73 41
37 71 43
43 38 19
36 5 70
40 9 58
7 85 79
76 7 94
64 64 11
77 26 27
62 13 90
82 57 7
30 65 60
92 34 37
57 75 27
71 59 41
78 17 27
10 26 40
93 50 20
4 69 68
45 6 58
33 68 40
56 77 58
24 83 5
21 54 56
82 75 2
30 13 11
54 69 73
81 82 96
52 35 67
50 33 66
2 60 3
84 26 81
14 2 70
95 49 25
43 49 82
71 46 48
34 79 13
14 87 10
51 95 97
85 68 18
54 56 30
28 27 48
25 26 40
85 75 48
30 25 41
10 33 31
30 1 89
76 62 27
52 48 100
64 29 11
19 84 39
32 64 34
10 68 60
86 59 27
33 56 96
58 67 43
33 96 34
93 53 98
24 73 30
28 90 32
52 92 8
15 13 30
51 67 59
75 86 55
57 12 39
21 44 22
43 7 100
58 7 66
17 41 50
21 63 55
18 95 21
88 21 6
34 23 94
49 80 3
12 11 90
18 10 0
34 65 67
4 74 28
60 57 60
24 32 21
77 21 71
39 35 4
29 10 90
20 57 12
90 85 68
33 86 4
73 29 68
6 29 79
38 51 75
42 67 63
8 27 70
3 60 99
52 96 96
21 83 58
80 9 1
76 32 0
65 12 78
12 96 5
14 26 83
13 84 10
32 82 47
84 11 57
18 86 82
1 67 80
60 10 63
15 22 31
24 76 11
62 72 22
39 90 90
80 34 23
3 69 41
24 57 42
51 24 78
92 74 88
87 68 81
78 58 27
67 9 99
35 83 67
37 5 47
52 16 31
45 29 91
53 82 25
93 30 22
26 91 73
50 94 87
24 32 7
96 60 61
81 48 31
30 12 53
70 31 28
39 96 96
10 80 13
54 35 47
84 24 72
34 43 66
27 74 16
33 59 72
52 14 36
10 20 63
67 18 13
56 18 0
60 84 78
74 18 49
15 38 39
37 46 83
7 33 32
65 66 27
43 30 60
47 49 54
54 73 97
48 77 37
77 23 36
51 75 33
59 58 30
39 10 21
25 30 25
20 21 54
46 80 95
90 55 88
23 89 83
38 29 72
96 36 29
23 84 51
82 74 53
83 51 57
19 6 61
88 35 41
63 20 64
94 76 43
41 51 58
74 43 1
88 27 68
72 39 4
24 63 12
92 26 25
64 34 83
4 86 86
43 62 92
42 73 94
1 24 33
67 61 97
74 81 84
72 49 17
43 59 1
8 2 45
34 75 59
55 8 100
32 52 26
10 82 83
81 19 93
46 65 63
57 78 12
84 91 80
81 83 28
73 19 15
29 39 50
46 28 49
2 55 93
45 28 49
85 89 38
51 23 88
3 60 70
95 77 88
88 28 76
52 41 18
23 51 4
60 64 36
78 69 64
16 54 29
68 4 2
13 30 96
90 80 18
91 30 55
2 37 27
18 4 43
85 50 4
11 66 58
93 48 26
27 88 94
87 79 36
47 83 74
96 74 34
33 12 93
80 95 97
66 37 62
14 28 29
24 94 6
91 34 74
90 85 57
70 78 46
1 83 9
54 93 28
50 13 8
3 85 76
12 75 83
39 82 24
36 83 76
82 82 90
65 52 77
90 38 96
47 58 91
44 62 85
83 45 2
26 35 31
15 65 22
53 64 34
26 24 47
35 32 93
14 93 92
10 10 78
91 41 41
45 74 14
39 6 42
27 37 8
11 53 9
22 87 31
75 4 42
68 85 15
13 90 94
82 11 37
3 84 80
87 79 6
89 60 18
9 50 92
91 21 94
54 8 14
20 7 51
15 1 94
39 19 21
3 44 62
86 50 70
70 89 9
67 22 91
25 31 41
85 4 33
61 4 32
48 23 52
75 1 17
79 88 38
93 53 85
21 64 57
84 23 93
66 67 80
57 33 14
61 7 16
71 42 63
29 6 74
37 66 33
13 41 85
32 63 59
92 46 97
66 8 100
79 17 83
31 63 66
1 10 48
69 88 57
37 81 22
17 23 56
84 57 56
4 18 59
56 69 18
41 72 72
95 64 61
19 47 56
53 70 85
58 71 55
53 53 60
21 92 28
39 77 68
35 68 100
7 76 2
58 81 70
83 15 52
79 78 84
21 92 52
90 88 86
73 35 38
12 76 3
28 19 71
22 8 40
72 11 90
71 38 8
42 70 88
65 52 64
60 1 91
95 39 25
41 74 47
50 61 22
83 87 64
89 59 3
42 43 65
95 19 93
56 54 39
38 59 29
51 48 26
66 87 10
75 46 71
92 27 96
38 20 5
75 9 70
56 49 51
13 11 10
60 56 1
1 95 5
16 37 64
92 94 95
86 66 99
22 26 71
11 21 65
87 82 92
34 91 13
96 45 10
61 73 100
58 62 100
39 48 91
60 63 80
2 89 97
9 15 95
69 6 41
36 27 57
94 88 76
28 74 94
80 90 44
3 25 61
86 64 73
95 44 0
95 1 65
82 60 63
15 89 84
69 14 13
7 91 44
66 30 55
1 81 52
13 55 89
48 90 75
70 89 20
68 86 70
72 16 2
70 52 63
25 52 10
75 71 66
21 52 49
62 75 40
28 86 20
76 9 95
55 67 49
81 32 81
89 49 42
83 80 55
3 1 89
83 33 31
3 60 100
77 88 2
20 49 96
60 55 65
24 94 27
71 79 22
92 19 11
70 59 5
68 73 27
44 56 100
25 25 41
37 38 2
82 36 26
87 56 83
60 44 78
8 43 37
16 70 15
54 74 36
10 8 20
37 36 91
89 27 39
61 86 27
90 28 54
22 58 17
96 2 70
27 91 94
23 62 57
83 43 85
53 3 90
27 89 87
39 9 33
17 92 98
3 52 61
91 54 80
6 89 10
5 9 97
79 31 47
10 61 4
76 28 42
96 19 1
54 4 37
46 6 30
87 33 97
26 85 57
75 88 70
75 85 20
5 13 32
16 67 81
52 59 60
35 68 16
38 65 89
13 26 29
18 41 86
30 43 48
60 5 43
6 73 36
37 15 77
13 19 55
14 32 5
70 75 82
3 8 9
62 73 74
1 54 60
40 18 95
72 7 20
50 7 33
68 34 74
91 39 12
96 66 75
74 52 51
60 65 35
90 10 33
8 83 47
3 4 31
87 84 78
78 42 37
55 48 18
38 18 3
6 1 12
89 18 73
85 89 94
22 94 55
42 17 86
87 48 26
7 29 78
18 95 39
54 27 11
93 8 17
95 25 80
43 78 77
74 33 61
82 92 0
48 39 30
59 18 64
83 52 8
66 25 53
40 37 28
17 26 75
42 39 53
80 61 87
10 81 58
24 77 4
34 81 89
56 11 8
21 24 30
91 27 92
48 7 67
23 76 24
83 53 52
75 26 38
50 47 88
89 36 60
9 17 27
77 39 86
48 8 19
27 50 31
69 59 35
42 92 30
67 93 10
65 78 4
69 89 38
26 82 94
56 7 72
74 31 23
63 58 28
9 41 70
15 22 26
48 37 83
5 78 4
5 49 8
95 91 48
81 9 95
53 91 40
81 49 26
52 73 57
83 46 61
30 82 81
7 60 45
82 91 28
87 38 50
88 37 92
23 25 94
46 2 35
13 65 63
81 95 41
23 40 29
31 15 31
45 3 96
30 47 73
95 59 60
68 57 49
78 67 71
76 37 31
71 42 84
95 62 69
15 88 83
74 21 24
26 95 67
31 77 70
74 66 68
51 77 41
79 73 24
56 13 93
73 32 13
80 53 59
59 57 88
43 90 55
56 85 49
94 95 13
24 93 60
10 27 10
31 38 100
51 21 8
33 56 1
21 2 38
85 46 80
66 14 87
22 1 98
8 39 96
30 87 73
13 40 3
51 4 84
95 16 97
85 85 13
73 50 60
91 74 60
31 92 66
82 47 64
68 62 86
56 71 95
92 43 2
76 28 70
52 92 98
64 53 4
84 36 51
96 7 22
48 58 50
37 77 77
7 38 54
43 47 62
17 57 64
34 31 45
31 57 44
12 60 6
11 15 14
87 2 59
18 93 90
90 10 86
93 54 85
90 73 91
38 14 21
30 21 17
50 26 33
49 13 72
58 22 77
28 2 59
48 80 43
3 13 77
87 67 60
78 46 2
86 17 24
73 83 57
87 39 95
23 21 26
59 96 6
26 1 17
93 32 24
60 25 1
19 42 41
71 68 94
9 63 84
5 85 12
21 24 87
28 73 50
53 20 40
10 61 58
61 18 71
2 64 27
6 32 90
39 78 31
85 29 27
9 79 98
36 86 46
56 26 86
89 34 64
16 64 7
32 78 75
31 15 58
20 47 21
13 85 26
96 27 30
13 4 87
34 2 96
73 82 22
15 86 26
19 47 52
9 80 70
84 79 22
41 91 42
33 2 32
62 75 58
3 69 55
86 76 32
86 12 39
69 19 58
92 40 62
75 16 97
18 65 94
62 19 81
6 90 31
70 58 46
78 82 44
43 54 75
87 88 97
51 49 45
89 52 35
81 31 94
46 17 86
66 46 30
15 82 89
42 27 56
41 45 41
79 89 39
8 3 56
64 23 3
80 55 21
92 17 83
13 6 38
15 43 58
17 25 67
25 40 71
48 67 99
61 70 19
38 6 89
53 33 42
33 70 9
59 28 74
26 50 6
92 30 93
42 68 3
26 92 96
61 58 60
23 28 74
8 38 29
47 65 62
12 36 55
84 6 23
70 70 24
82 22 13
20 8 20
79 28 43
84 7 56
4 63 27
8 39 91
51 56 33
2 96 0
1 78 96
47 16 52
70 48 61
87 80 53
79 2 15
43 16 89
91 22 5
6 80 86
6 78 42
68 77 38
84 40 18
63 63 16
18 4 49
16 38 49
92 24 88
5 38 28
22 14 9
63 69 67
86 88 99
49 57 68
67 13 91
94 6 30
82 86 19
6 70 14
62 52 13
84 58 35
64 82 70
41 26 92
21 65 38
29 27 87
25 94 38
48 20 64
12 57 64
48 13 73
10 14 61
72 66 39
88 82 54
42 94 12
39 9 77
65 19 80
83 87 35
61 80 62
33 56 20
1 30 80
5 58 21
57 39 94
62 33 28
38 9 62
77 30 64
25 69 68
16 2 50
75 50 16
54 52 32
25 44 66
34 62 4
59 62 69
90 9 74
72 77 70
75 24 24
65 31 53
45 6 8
27 74 77
7 61 67
17 60 39
33 33 47
87 30 8
88 41 95
30 41 18
9 37 57
40 66 54
1 3 48
57 69 69
8 30 6
56 84 31
15 93 68
42 55 45
12 73 48
51 3 86
78 68 40
91 83 49
83 86 44
85 32 45
71 14 67
95 22 9
39 65 31
23 58 99
71 18 83
69 75 50
55 11 76
87 52 78
47 12 80
34 56 25
62 18 82
25 60 49
1 75 12
82 87 72
54 67 29
1 81 48
19 61 80
60 79 88
83 18 78
18 86 17
56 29 14
70 54 44
78 68 55
71 44 30
22 19 36
85 72 85
65 90 4
91 76 5
21 24 35
32 45 87
80 24 82
20 60 43
49 83 98
58 68 58
38 42 0
69 11 50
77 64 91
35 61 24
41 23 93
14 52 28
76 57 66
11 81 18
90 3 19
45 64 32
3 45 51
46 42 59
26 18 38
37 20 42
19 11 42
10 57 21
52 96 39
5 71 96
41 42 4
60 7 95
25 14 78
5 94 60
14 40 59
17 59 100
29 20 91
82 31 77
55 60 4
31 38 21
72 56 53
19 94 73
54 74 97
47 88 49
49 82 24
1 19 34
78 48 100
14 89 59
48 44 93
5 33 0
36 30 71
45 34 70
80 24 3
16 79 91
9 47 43
15 26 50
50 24 49
84 21 9
33 18 14
54 41 70
26 64 35
80 94 70
24 22 80
45 80 13
66 10 68
23 60 33
22 26 29
4 39 14
87 27 22
25 30 58
51 26 25
80 78 53
20 3 81
5 13 5
19 44 26
87 72 46
54 12 56
92 61 53
45 35 11
33 54 22
80 19 40
95 30 91
64 43 41
81 78 45
17 11 39
61 6 30
7 38 28
10 19 45
91 17 82
54 96 28
29 22 40
19 91 59
2 20 31
83 88 13
24 72 34
8 56 97
42 40 10
75 41 79
46 92 97
8 77 82
71 50 38
19 52 51
67 35 54
87 56 33
37 58 31
26 13 81
88 52 56
48 6 89
18 54 21
85 75 96
91 20 62
81 62 84
55 23 97
5 61 9
74 66 79
50 37 33
11 53 47
14 44 95
77 49 34
67 66 96
75 19 0
80 2 43
88 58 67
57 70 95
58 73 61
1 45 86
7 31 94
90 30 39
89 31 91
89 24 36
58 14 68
77 89 81
35 86 97
68 81 94
63 83 34
71 30 64
3 18 17
57 34 99
39 62 66
29 64 96
82 61 13
65 54 43
83 25 18
17 49 15
88 74 15
12 33 81
48 22 47
70 66 53
13 12 73
2 13 69
8 89 66
43 89 5
77 37 15
31 7 65
23 68 53
72 30 55
62 58 29
61 8 35
78 53 19
14 16 39
65 45 84
66 75 64
3 5 9
58 36 16
68 5 76
83 17 64
89 49 89
64 25 0
47 55 97
5 47 25
56 42 41
71 32 58
83 92 100
67 48 64
27 93 83
52 65 92
16 36 48
82 28 41
36 75 64
51 73 48
6 4 79
53 32 74
64 49 16
96 77 28
37 71 82
88 28 64
50 90 62
2 19 97
59 17 12
59 80 1
1 27 2
45 52 95
23 83 63
80 50 30
85 38 43
72 18 21
94 26 77
69 51 78
92 74 25
14 40 47
64 44 73
88 58 91
53 54 75
61 73 48
32 25 12
81 66 16
69 9 89
72 84 87
66 1 39
63 14 43
60 54 7
88 13 87
4 12 50
10 33 72
23 83 58
15 86 73
46 13 1
75 9 77
21 69 69
18 77 55
77 3 55
35 32 11
64 62 70
26 96 6
28 89 99
89 80 19
93 40 51
42 81 54
71 43 16
37 1 94
20 88 32
77 47 62
4 38 94
71 3 88
60 67 70
19 60 10
21 42 60
50 75 47
17 61 3
25 1 76
88 4 30
67 40 53
15 33 10
72 75 69
51 84 91
1 52 62
44 38 47
82 48 95
60 32 19
34 28 6
1 47 52
38 52 37
30 84 73
77 77 82
23 3 79
57 31 78
53 43 52
25 84 29
79 82 71
68 28 100
84 15 36
93 73 4
3 92 84
37 82 54
67 83 53
32 46 74
30 53 35
2 52 70
29 49 16
64 4 93
6 84 25
16 23 38
38 19 59
89 42 50
58 35 69
77 11 15
32 40 25
61 36 86
90 23 21
14 59 5
88 96 27
32 92 15
72 67 0
17 73 32
8 55 52
34 2 18
60 10 19
12 48 11
82 60 84
87 62 72
64 96 0
51 91 70
58 55 95
56 3 45
74 65 35
77 58 83
26 20 91
74 91 73
32 79 89
10 9 24
19 63 29
67 27 79
25 34 88
22 85 54
68 62 55
5 37 30
28 39 30
68 1 79
57 50 0
36 37 21
22 31 4
26 89 65
5 65 62
64 53 34
48 77 10
47 72 0
88 9 49
92 35 15
19 75 16
15 68 13
8 5 48
69 94 74
42 59 94
72 62 3
45 52 74
37 14 89
68 62 23
6 53 61
94 65 91
39 78 68
58 23 54
78 77 51
31 18 14
57 88 18
12 84 55
78 46 3
53 85 45
52 23 100
26 74 4
1 77 33
72 55 80
59 17 86
81 32 0
54 82 87
26 78 6
57 78 54
52 30 87
62 74 84
37 55 92
9 73 57
73 24 25
62 33 90
19 67 94
28 51 76
74 1 62
9 67 65
32 51 72
49 49 48
8 15 70
34 18 52
62 38 82
81 70 11
25 53 66
90 15 3
92 51 60
78 88 14
40 48 25
91 74 69
65 83 54
62 79 81
26 24 57
14 26 84
56 61 50
73 43 37
23 69 97
51 46 35
42 69 86
58 81 33
34 67 41
35 2 97
89 27 75
71 70 16
55 92 37
18 96 49
25 88 66
1 74 30
96 96 77
19 82 46
38 65 12
13 57 74
8 29 79
96 70 71
61 38 40
92 67 16
59 48 64
60 55 9
19 28 21
33 82 61
39 55 30
28 67 35
89 83 98
34 75 10
69 16 12
42 62 59
22 37 16
24 92 70
82 66 62
78 60 25
92 61 75
44 6 94
58 47 92
73 65 32
77 60 69
36 37 54
36 62 73
1 44 2
37 46 5
96 3 7
17 87 65
55 32 64
18 69 35
43 92 57
83 90 37
43 7 84
87 57 86
86 5 61
19 83 97
42 44 76
92 19 27
66 83 38
74 67 33
16 39 88
20 58 89
43 56 39
74 36 52
9 59 16
10 16 7
51 52 19
4 22 52
17 76 26
80 63 91
16 19 17
17 21 68
30 81 59
9 15 8
2 37 22
30 26 88
96 70 61
76 50 47
16 42 89
3 57 12
61 77 65
54 6 1
63 22 25
49 65 13
29 81 10
95 76 85
6 45 88
72 41 20
29 14 86
94 12 76
83 63 17
64 71 29
48 24 14
49 17 36
44 53 31
25 21 14
22 31 37
96 89 67
6 14 60
13 9 0
52 19 55
61 77 97
4 33 57
15 40 3
89 57 24
69 54 3
20 96 61
3 10 70
65 1 37
71 56 22
18 92 71
2 39 62
64 35 18
68 72 94
93 12 50
8 84 61
28 32 19
2 66 47
11 87 2
19 96 0
55 88 97
82 7 34
39 50 57
67 80 49
85 75 3
89 6 42
65 77 65
72 54 100
78 35 32
95 28 64
30 72 3
39 75 26
93 73 84
50 91 1
60 85 23
79 63 42
84 89 50
39 66 32
93 6 99
58 63 40
17 67 46
59 57 57
46 38 64
28 22 16
84 58 23
12 43 13
59 41 37
56 68 14
29 56 32
64 84 29
2 68 75
66 38 7
92 4 45
93 19 42
36 33 6
87 36 54
52 73 46
56 12 7
18 29 33
46 77 60
72 75 37
49 49 85
74 43 4
8 55 32
64 9 33
21 85 59
70 54 95
66 49 34
79 81 33
71 47 43
83 94 54
53 67 51
29 40 4
80 83 73
25 36 93
67 43 34
32 52 3
63 47 84
82 2 33
93 7 91
34 29 21
21 79 34
92 48 40
53 43 21
56 66 42
56 77 7
30 54 3
78 3 39
34 14 33
69 60 25
79 80 42
40 81 10
78 7 14
30 44 37
92 37 52
35 50 1
91 50 78
5 28 69
44 41 12
40 56 39
81 24 52
11 8 54
93 70 33
84 28 89
48 93 30
90 11 87
46 32 96
76 95 31
96 63 9
46 79 48
91 80 23
13 62 92
58 88 12
49 87 6
39 25 97
34 2 31
92 4 79
71 29 9
31 20 74
36 70 32
77 8 60
61 23 86
16 2 12
21 8 20
63 19 53
46 65 50
36 77 77
36 41 2
31 7 43
85 69 75
15 84 83
89 44 23
36 3 57
71 70 56
84 86 34
96 72 74
81 35 41
47 42 11
85 55 26
81 25 84
72 83 19
6 6 68
17 87 34
94 84 0
33 53 81
94 37 40
10 27 5
79 92 30
92 17 18
32 27 98
95 86 34
1 65 94
5 92 21
69 95 72
57 29 80
22 45 19
81 54 70
41 32 71
55 2 48
20 83 83
38 46 5
20 60 67
43 58 73
30 75 61
25 2 76
67 79 7
65 60 40
79 61 56
4 79 60
18 31 52
92 18 51
78 20 23
33 54 36
25 43 27
80 32 28
27 92 83
3 4 54
60 39 72
4 19 96
88 15 23
85 17 3
8 44 92
40 78 90
55 31 16
86 31 12
42 30 66
22 91 92
51 42 95
79 2 4
84 24 68
10 40 75
87 17 77
89 15 94
4 35 81
20 65 18
84 17 34
71 96 15
81 86 38
95 60 27
65 78 22
45 74 8
74 62 13
93 11 50
35 28 41
38 56 92
20 81 31
22 28 9
80 84 90
22 89 11
3 1 85
48 93 56
76 49 21
39 4 52
51 66 81
24 67 33
38 38 26
72 93 34
31 5 41
93 7 11
85 92 89
90 86 28
87 83 30
52 45 4
44 46 0
79 24 88
3 15 97
56 42 16
12 29 33
41 68 57
87 59 49
93 20 58
37 37 89
11 79 11
8 66 94
91 12 19
83 46 84
44 21 42
37 77 1
67 4 18
34 34 51
65 40 83
35 13 6
96 84 41
77 90 42
58 71 60
5 91 27
60 88 49
24 86 83
66 82 84
95 39 71
45 57 15
74 50 3
39 91 35
86 27 67
45 70 22
79 60 50
13 58 18
34 14 40
95 58 29
73 81 55
33 81 59
40 77 10
24 25 86
16 69 5
60 77 94
1 10 85
65 78 67
37 24 59
92 19 71
58 44 85
54 89 36
49 88 82
22 46 52
34 57 11
32 51 71
49 34 13
90 18 99
82 38 61
20 37 7
35 7 78
41 16 64
14 96 18
16 25 97
33 10 0
33 37 48
57 23 8
45 78 55
87 25 9
3 72 69
78 33 83
11 20 81
68 45 6
85 4 55
70 40 64
1 22 50
71 45 56
26 72 82
53 91 77
70 57 15
68 59 29
19 70 89
95 61 43
20 35 84
91 80 81
86 72 52
31 9 17
55 84 27
66 68 70
23 25 15
92 29 83
15 56 72
40 44 35
30 26 78
54 77 47
24 65 57
48 22 97
75 86 14
2 9 3
17 42 67
53 76 40
80 90 74
71 63 40
87 56 62
7 85 100
82 87 57
6 54 18
88 14 85
25 51 56
94 85 6
74 64 53
41 69 3
29 9 16
36 45 32
2 74 64
95 81 20
22 11 28
78 54 69
17 25 90
5 17 56
28 92 52
73 75 35
23 8 63
16 58 90
51 80 12
32 74 29
8 22 12
64 24 18
77 87 68
57 57 10
55 84 22
21 36 62
56 37 91
2 11 20
8 85 75
54 40 27
16 78 56
41 95 54
41 44 57
17 62 6
33 7 56
31 64 97
77 9 93
82 25 81
35 69 0
59 48 65
47 92 51
28 89 44
87 57 86
25 94 39
35 54 36
35 3 71
47 9 12
12 50 59
35 28 45
44 9 2
29 25 0
13 43 25
63 5 67
15 20 13
53 67 46
55 6 37
91 23 56
23 47 83
71 93 90
19 89 45
35 68 94
55 71 94
51 95 5
18 75 9
64 48 32
49 87 25
4 53 34
47 67 84
84 43 70
83 12 13
73 3 18
84 36 77
48 88 31
52 26 91
44 78 1
66 71 51
92 38 12
34 35 44
63 8 7
35 20 65
82 61 39
70 27 37
74 6 21
94 27 73
26 42 57
19 61 88
70 62 24
41 32 22
18 46 15
87 69 10
73 25 50
9 70 38
63 69 49
65 83 43
84 14 84
9 73 65
45 19 64
13 67 39
84 64 8
32 82 2
27 33 56
8 5 80
9 10 66
4 12 84
50 1 49
13 59 38
31 12 2
61 30 45
56 4 17
15 41 16
37 91 2
84 52 8
6 92 29
23 94 11
41 79 31
75 46 81
2 90 26
4 41 4
1 32 50
67 85 21
62 50 30
86 8 66
29 68 67
59 56 40
61 36 39
84 46 22
13 6 36
50 31 37
32 21 46
77 36 35
78 36 23
31 16 89
38 76 15
87 58 75
63 50 94
84 19 29
30 24 71
51 71 2
87 58 1
78 82 12
43 63 99
16 77 90
41 68 72
46 14 18
14 21 67
69 56 32
21 37 18
9 41 62
8 50 13
69 29 37
78 81 30
83 64 15
1 92 53
86 65 10
94 52 18
74 23 44
52 5 5
44 55 42
42 50 15
18 81 21
59 35 41
74 83 89
26 88 60
58 84 76
65 17 9
46 16 3
41 35 14
5 48 83
95 27 85
16 53 36
53 13 92
8 21 97
32 29 45
4 39 32
76 38 98
34 59 3
11 54 75
44 5 94
52 84 4
11 71 26
66 50 49
1 79 78
20 75 30
26 5 12
30 1 56
60 64 41
37 74 65
71 16 93
21 95 37
91 44 75
11 29 81
25 60 89
43 54 82
78 63 65
13 77 31
89 43 5
62 29 93
69 92 90
11 26 96
10 39 41
94 39 96
49 96 33
53 33 52
41 93 93
59 88 93
67 45 74
62 7 67
8 47 48
76 22 46
22 89 82
23 66 44
66 20 89
15 63 64
45 35 27
96 26 72
16 87 46
86 50 29
77 29 98
3 14 50
80 52 82
5 32 68
15 77 59
69 22 1
24 90 85
81 86 72
22 82 17
69 75 83
67 51 14
90 33 16
30 2 67
12 33 65
46 71 26
4 51 32
5 13 27
17 60 42
93 37 47
22 33 23
31 53 11
37 77 79
63 27 11
80 61 45
31 32 70
61 43 23
26 80 65
86 7 82
39 13 4
68 90 35
66 49 79
42 96 88
16 89 56
38 19 1
46 20 59
4 12 77
15 55 99
93 12 52
8 1 34
59 58 85
78 11 91
79 87 92
94 94 46
21 82 28
69 23 86
52 22 4
48 75 87
25 23 41
27 6 90
60 12 3
94 42 57
66 30 63
36 53 3
57 64 37
41 39 32
69 31 4
55 93 19
45 8 63
96 80 72
37 26 20
87 18 40
50 90 59
83 60 98
89 57 61
47 90 33
89 22 27
28 73 23
69 26 88
28 8 58
78 79 17
6 3 38
39 3 64
86 64 15
64 43 72
42 82 43
25 77 70
12 29 10
19 10 57
37 23 0
7 72 91
69 95 30
5 76 63
83 75 72
10 42 85
56 67 73
8 74 54
14 29 23
73 93 29
29 11 84
93 75 15
59 59 28
16 15 95
79 36 82
34 90 37
57 43 15
68 7 4
50 78 85
96 28 20
95 45 24
24 58 70
14 93 69
39 20 89
87 10 74
68 67 24
31 33 13
91 95 65
39 40 48
87 52 77
52 72 17
56 60 22
24 29 68
20 86 68
86 18 100
56 29 29
18 78 94
14 23 3
87 51 8
81 22 51
93 29 75
10 39 94
34 60 2
75 93 66
50 77 54
85 2 15
74 38 87
78 12 26
67 60 74
41 83 90
6 13 3
92 20 54
43 30 65
32 78 39
58 18 25
9 12 65
66 31 94
77 22 51
42 50 95
76 34 48
82 14 9
9 77 84
68 90 99
88 95 59
10 58 19
71 18 82
33 96 86
26 11 94
60 57 75
6 10 85
59 90 60
7 16 56
41 70 55
68 56 42
9 90 6
3 36 32
74 20 71
24 53 87
11 74 30
21 18 35
83 27 41
9 2 12
88 51 24
10 56 89
65 93 97
27 48 55
76 4 87
42 45 54
86 70 28
81 41 98
11 19 60
78 62 32
39 68 72
78 69 16
12 5 61
11 86 80
80 22 9
7 71 62
62 84 17
13 44 29
2 90 19
68 31 34
22 11 45
17 72 4
43 79 5
37 59 90
38 7 13
29 93 66
2 82 2
5 79 9
2 81 100
56 33 34
66 94 9
96 24 84
87 69 18
64 72 62
79 79 26
90 14 23
10 15 74
17 15 70
39 29 84
74 20 90
71 86 96
4 19 59
28 93 88
13 78 100
8 11 23
76 55 61
20 68 20
90 32 56
35 30 61
16 32 94
32 28 82
46 9 5
49 58 41
73 12 40
34 79 47
71 72 22
63 58 32
57 96 52
58 93 73
15 30 79
37 78 98
61 31 50
61 70 100
77 87 40
82 49 98
83 81 100
17 92 9
75 14 95
21 44 75
27 10 36
46 95 45
37 61 23
20 74 81
95 64 4
39 1 4
22 95 50
60 91 19
27 73 30
89 5 61
38 37 34
10 86 23
27 45 27
66 85 72
34 45 97
50 26 94
62 45 16
81 86 76
23 36 96
75 68 60
38 93 5
46 94 9
49 83 87
86 64 39
76 36 69
9 96 59
45 92 34
59 74 12
79 72 6
18 17 54
79 71 64
5 23 40
87 24 83
73 66 70
29 89 64
90 50 82
58 89 76
27 10 77
31 55 83
53 24 98
58 68 80
51 67 67
79 91 87
44 28 48
33 38 52
32 56 46
89 41 52
55 28 10
80 94 91
3 14 66
14 1 34
19 14 82
61 62 76
23 48 40
14 70 18
94 24 55
17 24 31
30 68 61
30 4 43
6 45 53
65 12 72
40 93 20
64 10 75
78 10 85
41 51 49
30 22 97
92 41 48
83 41 53
28 13 13
8 71 57
71 22 6
42 48 21
47 17 53
47 52 100
90 68 21
5 24 21
20 39 73
64 95 15
31 77 61
23 18 62
53 84 31
38 63 67
57 32 36
81 21 74
67 8 47
14 37 94
15 52 56
82 21 89
61 22 39
42 23 5
90 40 60
6 59 48
45 36 68
56 51 18
50 27 12
91 94 87
40 89 80
54 42 37
61 59 82
42 35 41
87 69 93
62 58 1
83 5 25
61 3 65
35 44 57
13 90 47
76 1 71
51 56 64
63 53 79
21 38 43
27 34 58
36 79 85
20 35 13
79 44 3
48 14 68
17 81 0
41 56 33
6 65 1
70 33 77
47 7 99
65 10 51
49 40 19
30 95 0
51 32 65
21 67 48
51 74 12
12 20 9
19 12 90
60 41 30
31 4 81
42 12 41
60 74 78
75 35 19
38 56 66
16 51 38
23 1 18
35 34 52
69 66 24
71 80 85
53 19 40
40 61 41
64 79 41
8 69 21
8 34 79
41 68 19
56 50 80
61 37 65
16 48 13
9 68 82
49 57 97
12 52 53
60 12 58
54 18 82
45 50 55
70 29 1
35 77 10
84 4 51
26 27 15
79 69 43
52 13 0
4 1 62
80 74 94
26 69 75
85 64 88
63 3 33
42 74 9
19 48 41
12 38 88
32 16 59
34 5 74
46 75 33
75 7 51
17 25 12
79 92 76
61 39 78
70 28 8
5 14 40
32 76 75
57 15 35
30 24 57
43 29 75
65 56 13
64 92 52
74 51 51
21 28 6
13 28 94
75 53 18
48 29 30
36 11 97
89 35 95
52 52 36
24 89 91
80 68 44
66 26 18
88 31 99
23 62 82
73 89 5
49 44 93
56 23 23
90 3 90
77 71 56
7 71 62
5 12 8
87 24 36
57 72 29
62 21 63
35 81 97
94 45 1
9 92 75
13 14 44
76 67 57
57 70 61
67 45 25
33 30 87
75 75 36
18 25 80
28 73 56
21 87 40
41 54 27
85 17 9
56 39 89
76 5 67
74 26 57
82 72 95
39 53 54
85 16 76
92 93 1
17 86 61
74 52 42
94 14 76
2 38 72
7 50 58
3 40 78
73 88 85
78 73 22
60 85 75
26 23 12
23 69 71
32 32 94
69 4 51
76 41 29
40 42 21
46 34 78
52 14 47
45 55 80
92 59 55
92 58 65
88 11 58
12 43 20
30 2 28
89 77 25
45 80 72
31 15 10
26 3 0
58 40 17
11 16 11
30 55 78
78 2 59
76 83 41
71 15 15
78 60 81
83 52 23
29 95 66
66 35 38
91 5 18
23 19 62
41 21 5
63 16 87
71 58 64
80 26 19
14 7 30
12 48 11
56 82 17
3 43 14
71 63 15
18 30 23
85 23 16
59 52 57
75 40 91
73 70 14
73 70 47
89 69 17
85 35 29
22 76 81
36 37 34
88 71 16
64 35 78
11 8 5
35 81 8
24 33 42
64 32 46
44 75 23
43 19 92
78 51 99
27 43 83
71 80 91
21 3 29
17 64 43
88 66 11
71 39 28
50 46 68
78 36 81
96 14 11
61 63 3
10 55 62
18 89 9
46 24 59
8 56 91
46 37 49
3 33 33
84 57 64
27 54 91
93 46 42
43 52 93
20 3 77
15 59 39
44 82 8
43 27 88
20 39 41
16 70 2
51 41 46
35 59 74
64 81 14
38 63 55
70 52 78
13 23 69
86 59 94
88 7 91
19 24 19
17 79 0
59 94 11
59 92 97
5 27 94
66 27 77
63 52 91
92 63 12
19 87 92
48 55 69
40 89 66
28 88 34
27 15 20
56 48 24
95 85 26
78 87 45
18 10 66
12 48 67
16 16 24
26 94 87
26 12 69
66 47 37
3 68 56
82 64 95
3 42 100
70 25 80
64 1 14
11 29 65
13 19 77
73 94 2
17 64 65
65 2 25
89 10 56
66 63 36
19 53 100
5 26 27
74 18 90
13 86 83
45 12 63
6 93 87
87 20 45
94 4 30
13 60 67
38 81 32
71 96 10
27 64 76
88 43 19
44 84 47
57 50 42
15 4 81
33 77 52
55 58 3
43 48 31
59 85 39
51 33 18
3 74 38
23 92 86
27 64 61
39 57 88
69 72 1
57 95 56
26 24 68
19 21 59
25 44 100
17 51 63
7 58 78
63 50 88
80 84 96
2 14 92
89 81 23
35 62 72
18 38 38
47 80 68
3 89 9
1 39 60
47 44 50
74 57 27
72 67 32
53 80 77
8 39 82
3 15 48
55 8 98
61 60 56
11 29 10
54 5 98
35 67 22
64 25 68
78 26 51
73 13 29
35 15 97
42 46 41
77 65 100
48 95 19
85 75 36
14 26 34
64 96 29
39 93 23
58 52 79
30 60 9
72 36 15
11 82 14
3 45 78
81 73 4
79 6 43
36 17 11
41 77 100
25 48 16
18 45 43
71 88 16
29 64 39
81 94 28
29 27 47
6 93 19
32 93 11
27 90 56
91 94 65
18 60 50
18 82 65
95 29 89
56 67 17
39 9 62
68 2 41
13 69 57
47 28 83
68 51 100
44 46 80
26 17 42
63 8 44
76 35 77
39 77 19
78 22 18
59 42 38
33 75 59
50 76 75
96 1 94
71 41 42
23 61 39
33 17 67
89 25 75
60 11 54
45 18 52
83 82 47
81 19 0
51 10 58
93 40 52
26 50 40
82 67 91
13 57 65
76 79 53
47 95 96
59 21 12
96 88 85
17 96 23
43 47 27
69 44 84
40 39 65
49 24 66
47 46 73
86 71 31
72 93 91
18 19 23
49 17 7
14 36 90
23 80 58
88 18 4
59 53 95
47 79 17
93 27 41
90 59 18
35 49 58
86 16 47
41 23 17
23 87 45
96 69 4
64 21 14
88 28 39
69 46 98
11 96 29
24 47 18
74 19 46
80 2 55
78 44 97
24 59 13
92 14 66
27 1 62
8 73 63
22 4 42
70 37 48
62 95 16
11 10 91
41 9 45
23 72 26
17 44 16
81 87 76
60 69 16
47 38 4
96 5 18
65 18 69
53 51 99
78 70 7
50 53 27
42 22 95
84 84 12
73 27 54
74 78 35
87 91 63
49 14 85
37 11 32
95 62 65
47 12 51
65 53 19
91 87 85
69 34 89
80 27 0
15 2 14
64 86 35
12 31 32
50 93 33
49 87 24
9 18 25
31 89 87
12 85 12
35 77 21
19 33 25
2 61 72
22 67 85
83 55 14
21 4 48
71 16 46
21 82 84
96 32 7
79 20 74
25 85 48
88 66 73
36 14 22
28 21 76
23 91 98
45 41 75
62 45 23
60 62 94
14 89 22
87 7 4
67 74 95
75 91 95
77 69 66
37 20 93
20 81 81
52 2 33
32 12 100
6 22 99
27 64 90
67 35 75
20 42 41
90 53 14
25 78 96
43 49 75
69 73 60
35 65 22
82 83 17
28 73 98
21 5 20
83 36 72
22 33 57
81 48 38
59 7 75
51 22 70
73 88 99
22 60 82
27 58 40
14 23 97
41 8 36
11 77 91
26 83 96
72 45 13
18 61 62
39 56 30
38 77 86
41 66 9
80 37 25
30 68 63
70 63 33
37 56 99
6 4 71
23 2 69
38 20 79
59 4 78
72 43 96
55 79 75
91 34 11
80 45 100
83 19 82
58 60 1
44 2 52
40 31 22
21 53 6
92 66 61
25 56 6
41 11 35
22 21 32
26 65 62
94 31 2
8 63 83
27 26 27
5 32 6
14 47 68
31 37 30
34 32 64
93 18 84
72 1 26
7 84 37
5 79 3
92 46 94
30 12 12
54 4 46
18 89 70
89 82 65
44 17 31
82 47 85
55 42 47
89 65 41
7 46 11
14 11 59
50 76 83
5 76 47
44 12 38
77 90 73
51 80 61
51 20 66
7 89 52
11 57 97
75 27 86
61 7 95
84 90 58
6 18 91
70 67 92
43 76 40
26 34 80
77 34 32
69 61 59
61 18 87
9 55 50
53 60 17
43 23 18
68 15 56
32 77 24
7 53 32
82 32 57
47 13 10
40 53 63
1 23 19
49 87 70
61 30 3
20 67 7
63 13 65
75 49 15
54 46 60
14 21 58
7 16 13
26 94 71
18 77 44
11 57 27
48 80 60
26 40 91
6 15 47
93 51 12
46 50 81
33 40 23
4 57 0
79 51 31
25 35 25
15 95 30
55 10 11
56 41 2
25 46 38
18 59 18
8 87 47
20 90 65
74 2 26
5 40 77
17 67 43
70 76 71
5 81 65
42 33 79
56 76 4
12 8 0
62 45 12
88 83 98
7 95 7
42 84 73
43 66 86
16 62 30
78 53 47
66 11 55
87 93 4
35 11 50
76 76 76
67 43 3
39 52 13
77 85 9
34 91 15
68 59 79
63 82 40
82 45 79
95 52 67
33 31 11
70 69 45
2 78 96
82 22 26
54 78 34
86 31 71
61 47 41
72 95 89
30 61 85
60 3 9
31 63 85
41 1 1
32 23 52
26 53 19
51 96 64
52 69 92
16 46 26
26 81 84
47 38 82
55 85 94
25 2 66
1 10 89
54 1 36
59 43 26
92 30 3
51 35 51
81 92 33
65 88 22
48 68 36
82 69 35
32 77 25
8 15 1
44 73 89
60 28 29
27 54 89
6 92 18
23 70 44
9 27 88
24 94 32
46 96 62
54 8 69
94 75 40
18 12 93
57 65 66
2 26 81
55 23 32
53 67 73
88 12 58
12 14 46
3 69 51
11 64 9
86 49 63
50 83 1
86 27 46
18 81 93
77 17 32
11 96 16
17 27 58
27 81 73
6 37 76
50 42 76
57 27 94
42 32 12
8 68 3
90 95 26
72 83 38
82 51 81
96 23 11
26 96 12
37 62 74
38 46 4
16 31 67
27 39 17
2 21 48
14 41 5
24 33 85
8 78 62
47 82 24
24 39 0
19 72 89
9 75 43
33 6 85
47 76 45
43 50 1
34 21 6
4 47 88
39 51 33
14 58 18
92 65 80
33 78 99
2 17 3
31 6 43
73 89 29
48 35 28
33 7 2
23 2 1
75 3 2
5 78 68
23 22 1
24 52 57
86 90 65
19 14 2
37 68 81
10 11 97
75 12 59
28 70 23
37 61 18
34 37 55
13 1 30
83 17 95
20 18 46
36 20 4
73 4 9
96 33 32
59 2 66
19 28 18
82 65 36
30 65 0
18 10 41
93 88 97
72 72 62
60 63 41
4 93 94
5 46 5
89 80 84
11 19 75
53 63 78
76 1 60
87 67 76
60 19 68
47 9 25
63 65 73
54 86 35
32 44 24
36 50 56
11 11 33
74 5 55
96 82 59
16 20 23
60 95 93
46 49 78
39 41 69
33 72 24
46 19 66
75 34 21
86 73 94
11 44 94
35 53 87
31 79 54
93 72 49
34 73 72
11 86 70
19 85 67
28 69 53
38 60 7
56 1 60
40 31 84
80 48 99
86 36 42
3 63 85
20 52 88
67 78 38
23 43 70
29 76 38
88 23 65
96 21 67
33 89 94
53 61 49
42 23 100
91 34 49
82 95 7
51 20 24
12 48 55
70 27 99
87 42 77
49 47 74
76 87 37
8 16 19
14 10 95
41 34 45
24 27 30
62 54 72
51 77 47
87 87 27
46 5 30
23 12 4
22 90 5
3 81 13
35 7 35
94 40 91
52 13 18
22 2 20
50 86 64
62 12 30
68 46 2
54 33 99
78 31 3
76 1 34
8 8 29
26 56 3
43 2 19
60 21 91
81 22 54
33 85 92
76 64 68
32 85 65
45 24 59
52 90 67
32 63 98
73 14 12
45 85 82
14 7 94
32 66 42
37 89 87
20 69 64
21 84 50
19 43 19
1 19 69
70 9 41
27 1 93
54 28 98
70 54 67
92 49 49
66 25 49
62 80 11
93 31 47
66 27 31
8 12 61
28 53 8
66 34 5
22 24 66
60 41 45
83 95 75
12 57 80
63 52 40
4 69 51
85 20 82
59 78 72
89 79 51
59 46 23
90 32 27
24 95 27
40 54 13
51 39 99
47 66 77
59 57 88
64 9 88
41 31 5
41 53 35
75 43 18
20 64 67
94 34 34
53 65 92
19 96 72
94 66 99
71 55 96
31 21 21
32 27 45
53 82 13
72 24 100
60 30 43
5 72 37
24 83 81
48 21 14
25 1 57
20 83 17
83 92 38
42 20 72
51 81 21
81 10 52
49 41 52
79 11 58
8 41 33
2 65 70
87 81 93
83 39 90
79 89 27
14 28 44
3 66 51
41 32 53
67 10 12
35 58 28
3 60 27
52 53 90
51 46 94
33 24 76
71 51 52
69 26 18
24 64 68
50 57 29
25 7 49
69 17 51
24 5 82
63 61 64
41 48 17
30 56 37
59 19 93
24 59 2
12 86 17
4 68 38
52 79 67
21 25 63
75 94 81
24 90 29
18 18 4
67 87 96
41 27 68
66 40 60
61 10 97
20 66 2
25 37 63
60 56 40
94 11 17
22 57 74
61 32 63
12 11 26
42 41 38
4 25 76
68 49 13
92 70 20
9 56 5
45 53 59
31 66 84
43 64 15
82 18 4
63 39 95
84 82 94
94 70 30
38 91 39
29 58 38
17 14 41
18 37 48
44 86 56
75 21 92
60 2 78
96 10 31
60 61 14
3 6 15
3 33 32
79 14 68
43 87 93
36 38 86
13 20 97
91 29 0
68 83 50
46 53 34
54 50 11
67 36 22
85 75 19
5 46 95
67 73 7
81 38 41
42 10 74
24 14 43
82 36 8
58 81 57
27 17 0
57 40 15
51 75 95
87 44 100
49 89 88
2 79 27
80 87 69
91 23 14
48 31 87
47 36 49
25 72 1
19 83 99
71 53 19
87 23 89
37 37 25
33 58 35
94 4 33
63 95 94
24 31 0
80 32 62
72 85 42
81 78 89
37 33 3
91 48 73
21 31 86
2 74 84
79 4 80
72 77 58
83 15 95
7 8 43
53 65 62
17 13 5
59 47 64
38 91 89
18 25 77
7 11 40
29 4 62
70 45 76
94 73 54
15 10 62
58 86 13
19 57 73
21 2 34
95 52 3
78 48 55
36 24 27
67 62 31
58 12 48
14 23 43
40 96 3
6 4 90
22 8 37
45 95 60
69 87 18
78 31 67
33 46 87
45 33 47
48 44 18
53 72 95
