14
5066
9 3 52
1 8 58
11 6 36
14 3 93
3 10 0
12 9 0
9 10 5
12 13 21
13 13 51
13 4 24
13 11 95
7 8 49
4 3 24
6 13 19
4 10 96
9 14 33
3 13 82
4 13 97
9 9 90
8 6 40
14 6 83
5 3 40
4 9 8
2 13 42
14 7 6
6 10 48
8 2 16
13 10 28
14 8 82
12 2 87
11 11 92
7 13 71
3 12 36
14 5 74
11 8 5
3 5 66
6 3 60
8 13 63
3 4 28
14 4 47
1 2 35
14 9 1
6 8 15
2 11 39
3 14 89
4 6 84
5 8 45
8 5 1
13 10 59
8 14 7
12 11 12
9 10 70
1 10 94
10 9 24
7 8 6
14 6 17
14 1 15
11 1 38
6 7 21
3 5 67
2 14 15
12 8 73
13 3 80
13 11 42
7 14 71
1 7 42
3 6 66
8 8 40
11 5 99
13 1 80
13 1 98
4 14 50
6 2 77
14 3 3
6 3 90
9 1 69
12 5 12
13 4 32
14 3 86
14 10 68
1 14 29
4 13 85
14 5 53
8 14 28
13 5 1
10 6 14
2 4 80
14 3 46
4 6 64
4 3 71
7 7 14
11 7 64
4 2 70
11 9 88
10 12 26
13 2 97
11 2 80
7 2 31
2 8 97
14 5 37
1 13 96
1 8 74
9 13 56
12 11 83
3 2 90
12 4 71
9 4 27
11 3 9
6 7 74
6 10 41
10 10 47
10 1 66
13 5 14
6 5 3
8 7 66
6 5 99
6 11 98
1 6 0
8 14 63
13 11 4
5 3 92
1 14 20
2 10 9
6 11 81
2 5 61
6 3 3
4 8 78
12 2 18
13 5 30
12 10 74
13 5 81
13 1 55
11 7 3
11 6 56
5 10 78
8 5 98
10 7 88
4 1 58
5 10 96
14 4 58
7 4 75
11 12 25
10 1 43
6 3 80
5 2 81
8 14 3
2 6 16
5 13 42
6 9 44
13 2 63
4 1 21
3 13 74
11 4 32
12 5 73
3 2 79
12 7 3
10 7 23
10 3 28
11 12 66
6 10 43
3 12 37
1 14 67
14 4 10
13 14 69
4 2 42
1 1 26
12 11 69
14 14 49
4 3 76
11 4 35
10 2 20
9 14 42
14 4 35
4 14 38
6 13 72
3 7 46
10 9 41
5 2 89
8 5 73
2 10 99
4 10 71
1 11 72
7 2 53
12 8 31
4 1 15
5 10 29
7 4 51
9 3 45
2 3 12
7 11 11
3 14 2
7 4 57
9 8 61
1 1 72
14 12 87
4 6 30
11 12 4
12 12 74
2 10 72
2 13 94
5 8 56
6 12 85
7 7 84
1 5 11
1 9 94
14 7 72
1 10 12
1 3 52
1 1 51
12 4 28
12 7 17
11 11 81
5 10 81
8 14 86
10 4 91
9 12 61
7 3 64
12 8 5
5 4 14
4 12 46
2 11 3
10 1 39
8 14 84
13 4 100
11 5 4
5 6 12
11 7 17
6 8 66
4 12 52
2 4 76
11 5 57
13 8 89
5 2 26
5 3 3
3 5 29
6 13 44
3 2 13
1 11 59
11 8 27
5 2 38
14 8 13
3 4 53
3 2 35
11 1 81
13 12 46
3 1 54
14 7 99
11 14 46
3 12 0
7 1 30
13 10 12
3 1 72
9 13 93
4 4 37
11 12 90
10 7 61
11 1 19
7 11 79
8 11 17
5 10 81
9 7 17
12 12 1
11 11 32
9 9 94
13 1 79
4 12 3
13 12 53
11 10 46
5 3 73
10 6 70
12 8 61
5 11 94
10 14 76
14 3 59
1 8 20
1 7 65
13 2 8
4 12 10
11 6 73
6 10 71
5 7 38
2 5 46
12 7 49
9 11 17
13 4 97
2 10 72
10 14 81
2 9 82
5 5 100
6 2 24
6 3 11
5 12 55
7 3 2
1 6 6
8 3 36
5 2 70
11 11 1
10 13 10
10 7 14
1 2 48
9 14 76
1 14 14
5 5 42
10 7 62
13 4 31
13 8 6
1 13 77
10 12 79
3 14 81
8 10 84
1 11 44
1 10 22
11 14 89
7 3 12
11 5 85
10 5 100
8 13 51
3 11 48
3 12 1
9 2 55
11 10 87
4 14 65
14 4 29
14 2 48
5 9 80
10 6 36
1 6 38
12 14 78
9 1 78
13 8 63
14 6 26
4 1 8
9 1 43
6 2 42
5 7 82
13 3 37
14 3 18
1 5 19
1 9 13
7 1 42
6 11 46
3 11 89
1 6 76
1 12 89
9 11 58
13 7 100
11 6 38
7 10 67
8 10 12
7 13 8
2 9 80
7 13 27
12 9 67
6 1 82
12 8 11
7 9 92
7 7 94
14 12 25
8 4 44
6 10 84
4 4 87
13 8 15
3 4 61
14 12 10
2 13 15
14 9 40
12 2 73
14 8 65
10 5 20
10 7 87
1 14 49
6 12 53
1 2 58
2 7 27
11 11 63
4 5 59
1 5 46
9 9 93
12 3 85
13 2 92
2 14 59
14 10 36
3 1 25
7 13 94
2 6 70
8 6 21
14 9 4
4 5 98
3 11 56
10 5 98
14 12 91
14 9 52
9 13 0
9 10 34
4 3 50
13 5 66
5 7 57
13 4 36
13 6 93
10 13 42
10 3 66
7 8 60
5 5 10
13 13 86
7 10 40
8 2 95
5 5 33
4 9 25
1 13 51
8 1 92
8 14 59
12 6 72
12 13 88
9 10 52
3 14 30
5 6 2
8 5 74
10 7 93
7 1 63
4 2 53
5 7 53
3 3 65
6 9 47
4 7 49
10 1 91
8 7 1
13 12 80
8 10 12
11 7 50
9 1 97
6 2 100
4 6 16
13 5 30
3 6 56
4 13 29
11 13 90
12 6 86
6 5 72
9 12 49
3 2 81
2 12 63
6 14 10
3 5 53
13 11 35
9 2 17
6 9 18
9 10 72
14 11 53
10 8 100
1 13 68
8 7 50
9 14 21
11 11 36
4 2 29
11 4 17
6 4 45
7 1 19
2 4 13
8 4 98
6 10 14
4 2 97
3 12 27
3 11 37
12 11 90
2 13 32
13 3 55
8 3 49
2 8 92
14 4 60
13 7 30
10 6 3
13 10 18
6 14 71
11 6 77
12 6 16
12 13 32
11 14 84
7 4 33
3 6 7
6 11 96
12 14 15
2 11 87
10 8 36
1 11 43
2 1 31
4 7 82
14 10 35
6 1 8
2 11 47
5 4 79
5 5 5
10 7 61
13 5 20
1 11 71
3 10 28
12 8 12
5 4 36
14 4 2
1 7 17
10 5 97
13 5 98
14 7 31
4 5 24
12 3 35
6 10 55
10 4 32
2 14 57
2 14 43
12 7 48
12 7 35
7 2 79
13 14 34
10 8 33
8 7 48
10 11 99
8 3 35
13 9 33
2 3 2
13 2 71
10 3 12
12 6 30
3 8 21
14 1 67
8 10 72
5 10 65
7 14 11
2 14 83
10 11 90
8 6 53
3 7 5
11 3 93
5 13 84
1 14 2
14 11 23
7 3 71
3 14 29
10 6 96
6 2 32
8 3 40
1 7 73
10 5 87
7 3 4
14 8 10
10 11 22
8 1 10
7 10 19
7 13 24
8 2 91
6 4 7
1 11 60
6 1 23
8 2 30
14 6 17
3 12 81
1 4 100
3 4 89
3 5 95
11 10 72
11 7 90
3 7 75
1 5 38
4 13 37
14 11 39
8 9 10
1 9 50
11 6 45
11 14 35
9 4 98
11 5 63
7 8 47
2 12 89
14 8 54
9 10 100
8 6 56
3 3 8
5 14 66
5 3 50
2 7 30
1 8 6
13 4 81
9 9 88
2 5 11
3 3 28
11 9 35
12 13 55
13 13 6
12 3 81
9 12 83
10 4 94
4 2 13
12 13 23
14 3 75
11 13 93
6 1 34
3 8 29
14 14 8
1 12 87
11 1 23
2 9 44
8 10 43
4 12 28
9 13 60
10 1 84
1 8 45
1 8 6
2 4 46
8 4 63
6 6 21
9 8 1
1 3 74
10 7 47
12 4 50
10 10 81
10 8 5
1 9 51
11 9 5
13 2 85
6 4 66
2 8 45
8 5 51
5 11 66
4 12 36
14 7 39
1 3 48
4 14 62
2 10 98
14 14 45
12 6 90
4 4 27
13 12 76
2 10 54
14 14 67
14 9 53
1 5 70
13 10 63
6 9 30
1 6 47
5 12 71
5 12 47
10 6 99
5 8 59
1 7 7
1 4 56
13 10 22
4 5 62
9 10 78
9 8 93
10 3 18
10 13 41
9 4 39
10 8 87
12 3 16
13 2 36
3 1 80
11 7 76
8 7 3
9 1 37
1 14 92
5 9 74
10 4 38
9 11 58
9 9 8
9 10 56
10 3 73
10 14 97
13 12 90
12 13 25
13 14 23
10 8 81
3 5 64
14 9 14
14 2 58
4 8 60
3 7 54
12 9 51
2 2 99
1 12 79
6 7 52
8 7 84
4 11 53
12 5 58
5 14 19
11 1 55
2 4 30
7 1 49
7 7 24
11 12 56
9 11 3
9 12 57
2 3 46
3 12 11
7 11 19
12 6 36
12 11 13
13 10 75
12 7 66
5 6 14
14 4 43
8 8 23
7 8 61
8 10 88
14 4 98
11 3 5
7 5 11
8 12 89
13 6 99
12 5 55
12 3 53
5 7 47
14 6 44
6 5 91
13 12 91
13 13 61
1 7 16
6 4 58
13 13 68
9 13 72
6 9 85
8 2 85
8 6 60
5 11 0
10 3 53
12 2 63
6 3 71
9 4 88
1 3 78
13 10 66
7 3 54
11 14 56
13 4 72
8 14 70
11 10 8
8 6 69
12 12 85
12 14 40
3 7 21
14 7 77
10 14 92
4 3 3
12 5 40
8 9 53
12 6 57
12 1 11
8 2 14
11 9 73
12 8 50
5 2 62
10 13 33
14 12 90
7 4 21
8 13 48
14 8 37
11 1 98
2 2 70
12 14 39
5 11 9
4 8 10
2 7 72
11 5 20
3 14 45
3 1 65
14 4 30
4 13 34
6 1 58
12 11 45
12 10 77
7 13 22
8 12 3
13 8 98
8 4 47
7 12 35
5 13 89
10 1 56
14 2 83
1 2 76
14 9 8
3 11 11
13 12 59
1 12 92
11 7 55
11 6 7
1 2 27
2 5 17
7 1 51
4 13 20
3 4 17
12 13 61
5 10 28
2 11 71
10 9 58
4 4 58
3 10 48
10 4 83
7 10 86
10 10 46
1 13 27
14 7 58
3 3 65
12 13 38
14 4 25
6 14 73
7 7 43
13 2 0
11 5 4
10 5 81
12 9 2
13 1 48
6 6 59
3 1 89
12 13 93
9 4 27
5 4 91
6 1 52
10 1 38
10 5 44
12 5 70
13 9 86
13 7 82
9 8 55
13 1 96
3 6 7
11 5 89
9 7 36
6 2 76
5 13 44
3 8 22
9 3 89
13 14 60
12 1 69
3 3 77
13 8 58
14 7 4
14 7 67
14 6 21
5 11 54
3 1 70
5 6 27
7 8 88
6 9 24
11 12 53
10 7 14
5 13 14
14 11 10
7 7 23
10 10 71
10 13 28
8 12 66
13 10 11
2 14 58
10 12 10
6 5 56
12 12 58
7 4 28
11 12 2
6 3 40
4 10 42
9 6 80
11 14 34
6 11 7
6 4 28
7 7 59
14 3 83
13 4 33
7 9 10
10 12 92
10 13 88
11 9 61
12 4 43
3 3 64
7 5 97
3 3 34
11 8 79
10 9 90
8 1 4
8 4 37
4 10 61
9 13 30
9 11 10
1 2 0
12 13 47
3 1 45
14 9 17
7 12 8
8 3 37
10 14 10
11 1 28
10 13 93
14 10 60
10 11 17
11 9 34
5 5 2
11 5 29
8 6 31
11 2 90
10 2 100
3 12 66
4 9 2
8 6 14
4 7 93
8 3 62
9 14 27
12 12 79
5 14 40
7 4 27
7 5 15
9 4 54
10 1 63
7 14 41
10 14 17
14 10 37
6 10 50
11 11 99
11 8 1
8 10 80
3 9 62
9 14 32
6 10 4
6 6 85
1 7 47
4 11 47
3 4 77
4 2 45
2 3 34
14 5 88
12 3 7
13 12 43
4 2 75
4 12 41
13 4 0
11 8 33
2 4 29
6 1 37
13 14 27
1 6 71
5 10 35
13 12 91
4 13 86
6 6 71
5 2 0
14 11 25
10 12 40
4 12 100
10 6 99
14 7 39
3 2 26
9 14 40
5 5 76
2 4 18
14 7 28
10 11 80
6 14 88
10 10 19
7 9 76
5 14 6
7 5 17
14 10 55
7 12 31
8 4 30
9 13 59
11 14 63
8 4 35
12 3 45
14 10 59
12 2 57
2 10 43
5 3 0
3 4 49
6 8 63
3 14 89
7 1 75
2 12 21
6 1 3
9 13 27
13 7 27
3 3 12
2 2 96
6 5 65
7 1 2
12 8 16
8 11 49
10 8 71
3 11 7
4 8 35
4 8 99
4 13 26
9 7 71
7 3 29
11 4 6
14 12 65
14 5 76
7 13 36
14 7 6
9 10 96
7 10 10
8 10 76
11 5 88
1 8 24
3 10 84
3 13 41
4 11 38
12 7 9
3 9 0
6 2 53
5 4 91
13 7 26
9 12 91
13 8 42
10 5 43
11 10 4
11 6 37
10 13 58
10 6 50
8 4 92
1 8 56
7 14 42
10 6 4
2 10 35
9 10 5
4 9 0
14 7 49
3 7 93
9 5 43
11 5 74
7 1 0
2 12 21
10 10 57
11 3 85
8 11 72
8 6 90
11 3 24
6 1 4
3 14 14
9 1 29
11 7 98
4 6 83
2 3 29
5 4 4
12 6 97
12 13 20
8 10 10
6 7 84
4 4 77
4 1 84
12 13 29
7 4 21
12 12 98
6 13 91
5 13 60
12 11 6
10 8 90
6 3 22
5 3 10
5 9 17
9 4 34
3 3 19
10 6 22
8 10 95
10 3 74
12 14 96
11 8 25
1 2 30
10 5 17
14 7 66
10 1 89
14 5 23
13 8 27
6 10 55
3 4 88
13 12 53
2 9 94
2 4 63
6 3 79
14 14 80
4 13 20
2 9 82
8 2 67
3 3 60
11 14 97
12 9 0
4 7 88
4 7 37
11 13 19
4 11 42
5 10 49
11 13 64
7 8 93
7 2 4
6 8 3
2 3 43
2 6 17
2 1 27
8 8 46
14 8 6
2 9 45
11 2 84
11 12 62
9 9 61
6 14 69
7 8 71
11 2 62
2 2 81
1 14 68
9 8 67
8 11 78
8 4 21
2 1 28
12 5 51
12 9 21
2 12 78
6 11 4
14 6 21
14 1 15
4 6 20
10 4 3
13 12 66
5 10 49
5 5 76
5 6 100
5 11 45
7 9 26
9 3 41
10 14 6
1 5 6
6 11 3
9 14 48
10 11 79
13 4 50
2 9 35
4 8 9
10 5 11
7 11 92
14 1 74
8 1 15
5 2 45
3 6 15
14 14 92
14 7 78
7 11 27
7 11 97
3 3 28
12 3 15
1 10 65
9 13 36
13 9 70
12 9 45
14 1 66
3 7 59
11 6 19
2 12 17
10 4 73
5 4 39
14 3 24
5 5 6
7 12 22
8 11 69
1 13 46
12 8 57
8 7 82
3 7 89
2 11 11
9 2 29
13 5 61
5 1 34
11 10 72
5 12 8
7 11 90
12 3 72
1 13 55
9 5 66
5 5 6
14 10 32
5 4 99
5 4 85
3 12 6
12 1 61
13 6 79
2 9 97
14 8 41
8 3 41
11 8 98
10 11 76
13 9 74
3 11 66
13 8 84
2 5 4
11 3 12
7 4 55
12 14 100
8 12 4
7 10 1
11 7 58
12 12 95
8 9 78
1 5 35
9 5 74
1 3 30
13 8 29
3 11 5
3 3 82
5 10 54
6 12 47
13 6 19
12 12 79
7 7 19
10 6 67
3 11 49
4 14 44
8 12 73
3 4 52
11 11 84
2 14 94
6 1 47
12 4 54
5 2 100
4 1 89
10 12 40
7 8 43
4 11 88
1 12 16
5 10 64
8 4 31
8 1 80
2 5 48
11 8 92
14 13 6
12 8 70
10 2 43
10 2 52
12 12 68
1 13 35
2 3 76
4 13 26
12 7 29
9 2 85
7 13 66
3 5 56
12 13 13
10 10 2
14 3 68
14 9 84
4 9 88
4 10 56
12 6 51
11 9 58
9 1 79
6 5 88
3 8 54
10 11 84
7 6 79
11 6 23
9 6 10
8 11 17
3 9 50
9 13 43
5 6 81
4 1 10
14 3 63
11 2 9
6 8 35
4 8 65
4 1 36
11 2 60
5 14 66
11 13 61
14 1 64
4 11 85
9 10 29
7 4 50
5 6 47
13 5 65
8 6 46
2 8 46
9 7 74
14 1 38
4 8 11
9 4 46
7 7 96
7 1 14
5 11 91
6 11 54
10 4 9
6 6 58
12 2 2
14 13 15
14 9 42
12 14 8
12 4 12
4 6 60
8 14 91
1 12 17
8 2 98
7 13 23
7 1 65
14 6 1
7 14 48
9 10 99
9 12 49
12 14 65
4 13 15
8 10 18
12 6 59
10 2 21
12 7 25
6 10 95
10 11 74
6 6 24
10 14 25
12 5 54
3 8 71
2 14 96
2 11 9
10 1 42
6 3 82
8 4 96
5 13 66
5 11 87
13 6 62
14 10 85
10 10 32
4 1 50
13 3 25
10 8 68
8 14 38
9 3 9
4 7 5
6 13 20
3 7 0
12 2 32
12 4 27
9 11 35
6 6 75
5 14 55
8 11 13
2 14 49
5 10 88
14 4 65
13 12 49
9 1 20
2 11 3
14 12 53
14 14 91
9 1 85
12 5 6
5 6 93
6 4 86
13 1 1
4 12 84
13 12 40
2 1 30
5 14 65
4 13 61
7 9 95
5 3 1
8 11 50
6 11 19
4 10 29
8 7 29
11 12 13
14 6 83
10 8 5
8 8 89
1 6 71
8 12 69
13 7 31
10 7 41
2 5 12
12 8 43
9 10 96
11 8 55
9 5 49
5 9 16
9 1 38
2 13 63
8 5 77
12 3 57
4 7 99
14 7 58
5 11 9
10 13 43
3 11 60
6 10 41
9 6 34
6 4 53
10 12 6
1 10 48
3 12 68
13 7 66
6 5 18
10 14 28
10 5 20
7 8 39
5 4 15
3 14 64
2 9 8
2 3 65
11 6 94
3 9 48
13 5 66
12 13 40
10 10 26
14 1 44
14 3 46
8 7 89
4 13 32
6 6 13
6 10 2
6 9 22
9 7 6
2 9 79
1 3 12
14 4 42
3 14 6
6 13 59
3 1 67
5 6 96
8 12 0
8 13 89
12 14 40
9 12 57
6 6 39
6 7 14
2 12 18
2 7 96
6 1 6
10 6 34
11 6 51
12 2 39
12 1 68
14 5 6
5 9 53
13 9 55
5 2 99
2 13 63
4 9 59
1 3 4
2 9 84
1 1 91
9 5 35
10 13 45
11 6 15
5 7 77
8 2 71
13 13 85
4 14 17
8 2 16
13 10 25
13 3 7
14 10 97
4 4 42
9 4 96
11 14 30
2 10 77
10 1 21
9 10 22
5 6 63
5 7 80
9 12 23
5 1 66
11 9 76
6 7 52
9 1 61
11 6 5
7 3 100
2 1 56
14 2 51
9 3 54
8 11 5
8 13 70
4 13 62
10 7 85
13 13 51
1 14 74
10 8 21
7 11 8
1 1 85
3 2 4
4 1 17
14 9 61
4 13 43
11 13 10
10 10 22
6 7 83
3 8 82
8 4 46
13 8 1
1 6 89
7 7 31
13 13 84
2 2 0
7 2 82
13 7 66
4 13 25
9 4 24
13 8 44
1 14 18
6 9 41
6 14 48
1 8 7
8 14 93
8 14 93
14 14 15
4 5 0
1 4 49
14 7 84
14 7 30
12 11 11
8 10 62
1 12 60
9 8 37
6 8 15
2 13 87
6 14 63
9 7 40
11 7 60
8 11 66
7 13 89
9 5 27
3 8 11
14 6 78
14 3 21
13 12 80
1 9 95
10 8 9
7 6 39
4 9 83
3 6 80
13 14 89
4 7 1
6 3 85
4 14 10
4 14 23
2 6 81
3 9 60
11 5 73
5 8 29
5 14 98
5 9 68
14 13 32
8 1 45
7 6 51
8 7 19
6 1 16
9 14 56
13 13 77
9 5 100
2 9 0
2 4 93
9 10 71
12 8 94
12 10 24
14 13 58
9 2 46
4 11 23
2 13 62
10 11 12
7 1 25
10 12 91
7 14 11
9 3 18
2 2 84
13 14 90
12 10 71
10 7 11
4 5 91
4 2 24
12 12 28
10 14 67
12 5 18
9 3 40
4 6 87
6 3 69
5 14 19
13 2 81
13 2 86
4 1 4
13 8 74
8 5 2
8 5 94
14 5 32
7 3 87
14 12 14
12 9 99
13 5 13
13 1 63
2 3 34
3 7 7
10 1 91
2 10 91
12 14 73
3 12 28
3 14 51
6 8 37
14 12 86
1 9 6
5 10 31
10 5 2
1 2 56
1 6 33
2 7 18
8 1 3
5 7 0
8 12 54
12 5 79
14 14 86
5 8 5
5 4 29
2 5 13
10 3 81
4 13 43
1 11 40
11 10 11
10 5 57
8 7 23
14 2 46
12 10 68
3 1 26
12 10 65
12 6 17
7 4 66
10 6 17
8 14 25
2 2 7
2 1 63
13 12 12
11 10 92
13 11 52
9 5 13
1 5 26
7 1 26
13 8 96
8 11 23
9 4 59
5 8 47
13 14 78
9 10 25
1 5 46
4 4 49
9 11 44
9 6 0
5 5 22
10 13 13
4 14 57
14 8 16
7 11 28
9 9 74
2 2 18
14 13 27
12 13 47
7 5 11
1 13 42
6 5 70
13 1 65
7 1 14
12 7 14
6 3 61
3 2 62
8 12 20
3 10 56
7 10 47
14 12 98
14 1 24
2 1 60
13 7 5
2 12 44
3 4 25
9 2 67
11 6 68
11 6 75
13 11 38
1 4 17
10 1 15
6 7 28
13 9 100
9 10 73
10 10 88
3 3 74
7 11 42
2 7 4
5 10 80
7 2 84
10 7 15
1 8 97
11 4 41
11 6 71
13 10 75
3 3 6
6 9 86
5 1 40
9 13 81
7 14 80
11 7 78
13 9 78
4 11 59
4 8 9
13 11 69
10 7 69
3 8 22
4 11 92
6 9 75
7 1 21
7 10 69
10 3 24
12 3 41
1 8 26
13 10 84
5 11 33
12 6 26
14 3 94
10 3 23
13 4 32
2 6 98
12 13 47
8 14 62
3 5 59
2 14 24
11 6 48
4 3 14
9 3 28
1 10 11
5 4 0
6 14 79
3 12 0
11 1 11
2 3 54
6 7 62
14 13 68
6 12 2
9 6 96
13 2 74
11 11 88
1 10 20
3 7 11
12 12 7
14 5 28
11 4 92
4 8 48
1 1 41
6 7 95
11 6 92
12 7 15
4 12 32
5 9 71
4 5 36
10 3 0
14 13 85
4 7 74
3 8 75
8 10 86
8 5 8
1 12 12
8 3 45
7 9 1
5 9 11
6 7 6
10 3 9
13 4 43
10 4 83
14 14 97
2 5 77
11 8 38
11 10 59
1 3 57
5 11 89
1 8 47
11 3 92
13 4 83
11 11 14
7 10 26
6 4 46
8 4 31
12 1 100
9 5 92
7 4 5
5 10 26
11 4 31
2 7 58
3 1 60
4 9 47
1 12 54
8 14 50
11 11 5
1 4 82
11 1 25
14 3 0
14 10 76
13 13 4
6 3 93
5 1 86
13 10 94
12 12 99
12 1 45
13 11 61
8 10 2
10 10 62
1 3 69
12 3 9
13 12 28
12 14 30
10 9 93
14 8 97
6 1 65
3 4 28
14 3 23
5 8 1
14 8 98
11 11 44
7 1 5
4 2 86
2 2 11
7 9 51
12 14 32
3 14 84
9 7 22
9 14 49
12 6 25
7 5 59
13 5 62
7 14 10
6 13 37
8 6 49
1 14 84
4 7 13
1 2 46
13 6 82
11 8 76
3 14 31
3 2 60
8 6 53
9 14 94
13 3 1
9 11 37
6 8 93
7 9 61
11 7 87
12 3 95
8 4 52
9 10 87
10 3 10
5 2 59
5 3 0
5 10 6
5 11 18
13 14 86
9 5 5
10 8 46
3 3 15
8 12 49
5 7 37
13 5 54
5 3 58
13 10 80
5 6 29
8 2 67
14 14 21
6 11 98
14 8 68
7 9 94
7 5 57
1 14 69
9 14 11
2 1 38
9 1 18
4 11 97
5 11 53
1 9 92
3 9 20
11 11 3
14 2 76
10 1 68
1 6 48
2 10 80
11 5 72
12 6 59
11 9 50
12 11 100
3 7 11
7 1 36
12 9 70
13 1 35
10 6 99
10 9 34
12 2 94
13 5 14
8 9 46
13 8 73
11 10 39
8 13 1
5 14 39
3 2 16
12 2 95
1 13 9
13 9 93
9 7 78
13 6 90
10 1 49
12 1 16
11 14 12
5 5 57
11 6 98
14 4 32
12 10 60
11 13 20
9 12 36
3 14 20
5 7 26
10 1 9
7 8 69
9 1 73
2 6 20
1 10 92
7 2 54
1 13 8
3 10 79
12 1 78
1 4 91
12 3 48
4 7 56
4 12 25
12 1 44
4 5 67
3 1 51
8 3 66
12 6 3
9 3 83
13 14 1
6 9 13
7 10 6
8 12 23
4 1 70
10 3 41
9 14 82
1 3 8
14 7 99
12 3 29
9 4 79
3 4 17
14 5 13
7 5 23
12 6 93
1 7 41
10 2 97
14 3 49
6 3 8
12 4 32
5 5 58
14 2 85
10 6 19
12 10 9
14 12 87
4 10 77
13 11 93
6 11 75
4 6 50
6 11 54
3 9 81
5 5 43
11 4 69
3 8 78
9 11 13
14 7 15
3 9 9
9 6 27
11 13 19
7 13 15
6 11 42
4 1 16
10 8 43
10 1 88
10 1 69
11 14 83
14 4 80
3 4 39
3 10 34
2 10 100
2 14 35
14 9 38
1 11 40
12 3 2
13 2 67
14 14 31
9 13 59
7 12 29
14 2 99
5 3 36
9 1 8
6 4 8
3 1 80
3 10 14
11 6 8
12 12 60
8 11 49
14 10 37
7 12 71
4 1 88
6 14 30
4 12 93
8 8 68
2 2 62
9 1 45
9 11 6
12 10 89
5 13 43
6 6 48
13 9 71
4 13 72
8 4 89
8 3 2
13 8 97
7 8 86
8 2 35
6 5 58
9 8 40
4 13 86
11 11 57
7 2 94
13 3 78
6 12 70
10 6 40
2 1 44
6 13 10
4 5 20
5 8 25
4 4 22
5 4 33
13 4 88
6 3 6
6 12 94
10 14 5
7 7 76
5 3 85
12 12 85
2 9 100
4 5 10
5 5 25
9 13 20
7 1 13
7 11 21
13 7 53
2 13 14
1 11 76
12 10 53
3 8 100
10 8 75
1 4 91
4 7 0
12 1 75
12 6 96
14 3 77
13 5 21
12 6 27
6 13 29
13 8 23
7 6 73
7 5 29
2 6 77
4 5 50
7 13 91
11 7 83
3 3 46
7 8 47
5 14 83
2 4 44
14 9 46
6 10 47
9 10 21
3 11 10
8 12 30
11 10 22
3 3 60
5 10 16
9 7 3
1 4 51
6 9 96
6 12 25
13 9 58
5 7 63
2 2 57
9 6 34
3 7 3
11 3 63
6 2 96
8 11 8
10 1 95
11 1 21
7 12 7
3 8 14
12 4 89
10 3 36
3 13 6
9 8 28
3 10 82
10 8 36
11 12 28
6 4 36
8 3 94
1 8 77
1 8 51
6 2 49
3 6 15
11 13 30
9 5 39
7 8 92
5 9 37
9 1 96
5 1 61
12 4 57
13 2 6
9 14 64
14 12 28
12 7 28
11 9 100
6 13 16
6 8 71
14 2 91
12 14 10
9 13 49
2 3 34
5 13 14
11 6 68
3 4 41
4 2 53
4 12 71
5 4 52
12 2 18
8 12 71
5 3 99
14 11 75
5 7 72
3 8 75
2 8 51
9 12 26
1 12 44
12 9 80
6 8 81
2 1 17
11 7 85
4 3 91
11 14 55
4 14 75
11 14 28
1 3 9
5 4 87
12 12 47
3 11 70
3 1 71
4 11 40
14 14 51
7 9 29
2 2 33
13 14 51
9 8 54
14 3 17
11 10 49
9 9 52
4 5 68
10 14 64
14 1 92
1 4 6
9 8 23
3 8 64
5 2 14
4 10 92
6 3 16
8 8 50
11 7 72
13 8 78
2 14 77
4 2 96
7 8 26
4 12 92
5 10 77
8 3 15
14 9 15
1 9 81
6 12 96
12 14 7
9 11 64
1 14 92
4 9 3
8 7 60
1 5 55
9 9 36
9 10 23
13 13 17
2 14 4
4 14 25
6 1 97
11 4 73
9 7 89
8 9 74
13 7 51
4 8 39
5 12 36
7 3 12
1 11 51
7 5 7
13 6 77
1 3 61
13 12 80
8 10 7
10 2 0
1 9 54
1 4 85
11 11 12
11 14 81
12 7 20
9 2 74
11 5 64
1 11 64
3 9 41
3 5 59
10 12 14
2 12 22
10 7 70
4 4 83
7 8 96
8 13 26
10 11 61
11 11 64
5 11 70
5 8 83
1 8 56
2 2 55
9 12 33
9 12 52
6 7 15
6 11 100
9 1 57
14 4 26
8 8 0
11 4 26
11 2 0
7 3 42
11 13 43
1 4 28
13 5 32
10 12 61
7 14 52
9 2 96
13 6 26
7 3 31
11 11 50
7 8 17
13 13 45
10 9 26
11 10 40
12 9 72
12 5 8
8 12 15
3 12 42
3 10 53
12 6 7
5 6 14
11 6 43
7 1 15
5 10 33
4 6 18
1 12 70
8 6 41
1 12 10
4 13 22
9 4 56
2 3 49
8 8 56
8 7 77
12 1 75
10 11 95
8 13 14
5 8 32
14 4 63
3 12 57
1 6 33
6 11 70
1 12 43
13 11 87
13 1 80
10 13 29
3 14 26
10 11 64
10 10 12
9 6 72
10 9 66
3 4 4
4 11 62
2 13 45
10 9 70
4 5 95
9 12 79
11 8 38
8 4 7
9 14 64
2 8 61
13 4 36
1 10 74
14 13 9
4 5 59
10 2 23
5 5 78
3 5 28
1 1 27
10 12 89
4 8 81
6 1 37
6 5 76
1 5 29
11 9 8
10 7 84
6 5 22
14 1 62
8 10 96
14 10 66
8 7 69
5 9 85
14 10 43
12 9 17
13 12 39
9 7 55
2 11 4
9 14 37
13 13 62
6 5 58
8 12 24
1 9 62
11 2 75
14 9 10
1 9 93
13 11 7
12 14 93
12 9 98
2 12 96
4 14 32
9 9 62
1 4 48
3 3 70
2 7 97
2 12 94
14 8 5
12 2 0
14 4 30
12 13 54
3 7 28
3 9 4
14 11 14
6 6 36
5 14 45
8 2 100
2 4 49
9 1 71
14 3 45
3 5 59
10 11 72
11 2 23
12 7 73
11 2 81
8 11 38
4 7 98
3 3 58
6 7 37
11 7 72
14 5 44
13 13 10
13 7 85
6 5 67
7 3 38
14 1 47
12 7 35
3 5 81
8 4 82
10 1 39
4 12 36
5 10 59
12 13 31
13 13 100
12 6 98
11 9 82
14 11 79
6 5 34
10 14 75
9 6 13
3 4 13
9 11 38
2 2 81
7 3 9
10 7 58
6 13 19
3 13 100
13 9 1
3 6 48
5 7 62
5 4 23
14 3 66
13 3 1
13 3 67
1 12 17
11 7 51
9 6 3
6 12 41
1 13 20
6 13 17
2 10 84
12 2 16
9 6 96
6 3 8
8 6 90
5 14 21
12 13 11
8 1 73
8 10 59
5 12 31
7 4 21
9 10 83
7 13 53
9 8 75
3 12 59
1 6 43
10 10 11
14 2 82
3 5 71
3 8 70
8 9 25
13 14 76
9 10 54
4 2 85
7 12 56
14 3 70
11 8 80
5 2 61
1 12 29
9 3 8
13 14 8
8 14 14
8 13 97
14 4 69
8 1 25
2 6 26
6 5 39
11 10 5
13 12 67
3 5 23
3 12 43
2 3 9
10 8 7
2 2 89
1 10 100
13 7 19
9 4 20
5 9 50
9 14 81
3 11 89
5 12 45
8 12 72
13 13 3
2 7 23
10 10 22
1 11 56
6 8 97
5 1 13
14 1 71
10 6 30
7 1 15
3 1 47
4 6 19
5 4 68
9 5 69
2 8 72
14 14 34
8 13 66
3 9 66
1 1 36
7 6 79
14 12 3
6 11 99
9 6 39
13 6 15
13 6 17
7 13 92
3 5 53
9 5 31
6 6 90
8 8 14
13 3 15
6 5 41
7 11 38
13 13 31
4 12 98
4 3 12
14 13 43
10 13 17
3 1 92
6 6 3
2 12 52
12 6 88
1 4 73
5 13 15
5 2 50
2 2 99
12 4 47
2 14 95
13 5 92
5 3 36
2 4 68
3 6 48
8 4 16
8 7 94
13 13 84
8 4 40
3 10 15
3 4 92
3 5 79
8 1 97
1 7 2
11 1 12
13 10 80
9 13 36
10 12 11
12 4 36
2 1 64
9 7 94
4 9 38
3 10 13
13 3 90
9 11 6
10 11 75
8 7 99
6 2 26
14 2 96
4 12 22
3 4 37
5 4 64
7 3 46
12 3 73
5 14 88
8 9 24
9 2 66
2 7 98
7 2 98
2 6 3
10 5 91
5 11 87
6 13 92
1 5 19
8 7 61
2 3 15
8 2 27
5 8 48
3 14 78
14 5 42
4 9 23
10 4 56
11 5 26
7 4 69
7 13 79
14 10 92
11 14 20
14 12 7
2 7 26
13 8 64
5 14 99
9 5 24
14 4 88
5 8 32
12 12 89
13 4 88
4 10 38
12 8 100
6 7 11
5 11 15
11 13 84
8 2 53
3 7 93
14 10 93
5 6 8
5 14 20
1 10 6
6 7 34
8 12 62
14 11 29
13 6 73
5 10 86
3 6 71
7 10 80
14 5 61
12 6 96
9 10 12
11 2 74
12 9 2
8 3 13
1 14 78
5 4 65
6 6 3
14 4 81
13 6 4
4 12 12
3 11 89
2 2 23
8 2 82
4 11 61
2 2 53
3 9 70
7 6 24
6 9 84
10 11 82
9 4 52
3 12 86
11 7 44
5 1 58
10 5 51
5 2 71
3 6 80
8 5 95
2 4 7
14 2 37
14 13 9
3 8 35
12 13 9
5 5 13
14 9 10
10 4 22
6 9 17
9 1 84
1 8 29
5 6 25
12 3 99
5 9 94
12 13 5
11 14 75
8 6 72
2 1 88
13 13 42
8 14 51
4 10 97
9 6 95
1 13 40
9 10 11
9 9 43
11 11 95
9 9 75
11 10 75
8 5 39
10 8 62
1 5 100
5 2 79
11 8 81
5 5 54
8 5 91
11 8 77
6 13 36
14 8 82
3 6 70
12 5 63
7 4 100
13 2 3
8 4 75
2 1 22
7 6 67
13 11 10
11 3 61
3 11 42
8 11 36
14 1 3
11 13 49
1 12 50
7 1 60
7 10 71
1 5 64
3 12 47
12 9 99
2 3 31
3 13 17
9 2 59
12 12 54
8 5 93
14 5 35
10 8 27
13 12 86
8 4 32
3 12 39
9 8 1
2 12 34
10 1 19
3 7 14
9 13 23
3 14 99
14 2 22
11 14 42
14 8 88
6 12 59
6 1 66
14 5 72
4 12 47
7 14 26
13 11 50
10 12 59
10 13 88
5 14 62
3 8 31
11 9 92
4 7 69
13 7 12
12 6 19
7 7 97
5 10 49
14 14 34
14 9 72
2 14 79
5 11 3
5 11 11
1 5 58
13 1 42
4 5 17
12 4 95
1 11 31
11 13 4
1 14 14
12 1 12
13 8 51
11 13 92
14 1 56
13 5 30
10 10 19
2 8 79
1 4 12
4 11 58
12 11 29
2 12 15
12 1 88
10 14 33
9 4 55
12 13 55
9 13 71
2 14 36
10 6 9
6 1 57
4 1 24
9 11 2
4 1 62
2 13 66
2 3 38
5 9 53
11 13 94
7 2 55
7 5 16
12 3 40
6 14 22
12 4 94
1 6 64
5 3 94
6 2 30
4 12 1
4 1 1
5 7 19
12 6 83
7 1 64
12 6 24
10 11 57
1 9 16
10 2 38
6 8 66
12 13 40
1 5 23
1 11 80
10 1 62
7 6 76
3 6 77
9 1 65
12 10 2
4 12 64
10 14 75
4 7 80
6 9 23
14 1 15
2 3 80
7 3 4
13 6 83
1 10 28
10 1 99
5 9 32
2 13 10
5 10 56
5 4 22
1 5 76
1 11 36
12 6 45
14 11 20
12 2 59
5 12 31
13 11 57
7 11 65
7 4 11
14 8 24
9 12 79
7 7 19
1 1 90
10 10 63
12 8 100
10 5 26
11 9 6
5 5 39
6 9 4
11 8 75
5 2 46
9 2 15
11 7 9
10 5 32
5 6 89
6 1 91
10 5 48
8 8 69
4 4 65
10 12 9
2 6 69
3 10 20
5 6 32
5 11 9
9 6 14
7 14 46
8 10 38
5 10 49
3 8 98
3 10 3
10 11 95
6 7 56
4 1 82
9 10 26
11 2 1
11 8 10
9 11 29
9 4 87
14 5 86
5 11 32
6 6 95
2 8 78
13 13 39
8 2 37
7 5 56
11 8 42
5 4 74
8 7 1
7 12 22
2 4 44
13 1 31
13 9 28
11 9 59
8 9 41
9 13 13
7 9 14
12 4 11
11 13 28
9 10 21
14 3 54
3 12 28
11 11 37
3 7 13
5 7 43
6 2 12
11 3 31
14 9 28
7 14 56
12 12 49
3 1 14
12 8 31
4 13 15
9 1 88
8 7 52
12 2 77
3 4 71
13 5 82
10 14 81
8 4 99
4 5 65
8 2 5
6 4 35
4 14 67
10 5 50
1 4 14
13 10 30
12 3 81
9 13 79
9 8 7
7 2 84
8 13 75
11 1 90
9 6 4
2 4 51
12 2 67
9 6 54
5 14 67
12 2 21
12 11 78
7 6 63
7 3 98
6 10 93
13 3 88
8 7 63
7 6 20
14 8 15
11 10 20
13 11 69
3 12 21
6 9 93
13 3 70
2 11 23
9 7 85
12 9 55
12 10 3
9 14 72
6 9 77
6 14 59
1 4 16
14 5 72
1 10 53
4 1 82
7 2 9
5 4 61
4 2 92
9 8 1
1 11 23
13 6 49
8 11 74
7 4 85
5 13 55
2 13 10
14 9 71
5 12 30
6 14 24
9 10 88
2 14 10
7 11 39
11 7 81
2 13 42
9 8 19
3 8 0
2 11 67
3 11 3
10 6 82
8 13 18
11 2 67
4 4 2
13 8 48
5 3 24
13 13 22
11 11 0
14 12 85
1 9 46
1 11 81
8 1 40
7 11 60
14 12 25
5 9 20
4 6 78
1 13 96
12 4 11
9 14 57
5 7 91
10 9 26
13 8 64
10 1 26
1 8 42
13 14 59
3 9 45
10 4 11
11 8 69
8 13 26
10 11 3
11 14 38
1 9 24
5 10 49
6 8 42
9 7 79
10 14 68
7 8 87
10 4 51
2 5 20
4 14 12
8 12 18
13 8 47
8 7 92
10 3 60
6 3 92
4 5 35
13 13 68
3 12 78
7 14 27
12 1 96
13 3 80
1 12 9
8 14 75
11 4 55
9 6 3
4 2 16
13 7 52
7 7 7
11 11 10
12 9 91
13 10 100
1 1 77
4 1 2
10 6 94
7 6 74
11 7 44
13 8 56
13 6 5
10 7 10
8 9 90
14 7 54
10 1 93
8 6 57
13 5 11
12 8 88
3 8 18
11 3 72
2 3 19
12 1 43
11 11 75
10 14 97
14 12 29
8 4 11
13 9 89
2 2 89
9 1 95
3 7 82
13 11 42
5 5 54
12 6 51
13 8 24
11 9 12
5 5 7
9 7 72
11 1 50
10 9 6
9 12 75
12 10 43
4 7 10
10 14 69
11 11 94
11 5 17
12 2 86
6 12 65
12 14 84
6 1 13
6 3 62
11 8 80
2 11 97
4 8 42
14 10 98
9 11 85
3 1 64
6 14 7
13 4 36
2 6 63
13 1 97
2 3 97
12 7 10
5 11 88
3 1 17
13 2 53
8 1 40
2 3 3
2 7 23
4 10 18
6 8 38
4 6 49
9 7 3
3 5 60
3 10 49
8 10 25
10 4 69
14 9 39
9 5 100
10 8 96
5 11 64
11 8 81
2 10 51
7 10 69
9 9 71
1 6 47
2 8 50
12 1 13
11 10 22
13 14 28
7 7 36
13 4 80
12 3 84
9 9 4
4 3 57
4 7 62
10 14 73
6 1 41
11 8 96
12 6 98
8 13 29
4 9 20
1 1 100
13 8 96
12 5 45
4 13 17
9 1 75
9 7 54
2 8 26
13 7 85
7 1 100
11 5 85
11 11 46
10 6 95
10 14 39
8 14 78
4 11 3
4 12 52
10 6 92
1 6 53
12 9 98
13 11 89
10 13 85
3 6 4
11 7 96
7 9 86
8 2 12
3 6 12
10 4 38
4 4 97
3 6 70
1 8 94
1 2 15
3 14 60
6 2 32
12 5 9
2 7 16
1 1 40
5 13 87
1 3 51
6 8 13
2 1 10
12 11 8
1 7 77
11 10 64
12 11 83
4 14 54
8 10 60
7 2 14
12 10 51
3 4 81
7 1 89
1 12 49
7 2 90
4 10 54
9 11 11
2 6 33
14 14 37
3 5 84
11 2 25
2 12 9
8 10 49
14 10 90
2 7 51
5 13 80
2 6 96
1 10 7
10 9 43
8 3 68
3 8 53
3 12 77
9 5 25
9 11 38
14 3 1
8 11 72
12 5 51
2 1 32
2 9 29
7 9 68
4 7 34
12 8 30
4 1 16
10 5 49
10 1 91
10 8 69
5 6 31
13 6 9
8 1 93
2 14 57
2 13 80
11 8 2
7 2 26
14 3 69
5 12 83
14 6 25
11 1 98
5 12 27
6 8 63
4 9 66
9 13 39
1 3 84
13 6 84
3 14 34
12 6 100
8 3 63
11 1 68
10 10 54
7 4 28
6 2 47
6 8 69
11 7 0
10 3 84
1 14 85
5 10 97
5 11 98
12 11 21
7 6 81
12 13 17
4 1 12
3 13 53
9 10 85
14 1 63
5 3 16
14 4 79
1 11 81
1 14 32
7 6 94
14 11 21
4 10 72
12 1 72
4 1 19
5 2 26
9 6 78
4 12 61
7 9 43
2 8 10
10 4 9
11 4 46
11 1 40
6 11 68
3 13 89
14 14 85
14 4 16
4 3 55
2 7 21
7 6 15
14 2 98
10 6 29
7 1 43
13 3 52
5 2 20
9 10 12
3 8 92
7 9 61
5 4 97
14 4 89
3 12 92
2 14 84
7 9 55
12 3 78
4 2 35
8 7 10
2 4 49
14 1 25
13 13 1
9 6 15
1 12 84
6 14 10
4 3 57
1 14 99
9 14 34
13 6 68
2 4 22
1 14 14
8 6 24
7 2 60
3 14 90
2 1 75
3 13 92
7 8 56
4 9 44
5 1 42
1 4 84
6 10 2
2 2 11
6 1 75
8 5 33
1 14 98
2 3 31
3 8 74
6 10 19
14 6 84
14 14 45
4 4 44
9 9 5
5 10 44
14 3 34
6 9 78
4 9 29
10 8 63
1 5 44
9 10 16
5 3 64
8 13 65
7 11 93
2 3 48
9 5 78
4 10 72
10 6 48
6 4 52
9 11 90
12 7 27
14 7 8
3 8 96
4 11 50
2 13 72
6 7 35
6 8 34
12 11 38
12 5 87
9 10 11
14 14 94
6 2 36
1 11 21
2 12 39
12 13 13
8 9 12
9 14 83
6 14 91
4 5 83
5 10 50
8 13 49
10 13 63
5 7 15
5 14 73
8 13 36
13 9 28
10 2 24
10 4 80
10 6 31
3 12 62
10 12 2
9 9 75
14 13 62
1 1 92
8 11 20
3 1 63
1 5 82
11 3 11
2 6 94
9 8 41
2 6 78
4 9 27
5 7 84
2 7 4
1 12 37
8 9 62
9 11 36
4 12 62
7 3 25
1 4 19
11 10 65
9 1 11
5 10 60
7 6 70
13 10 38
5 6 29
8 4 97
10 1 41
6 14 34
2 6 73
3 10 41
5 4 3
12 6 56
3 5 0
11 4 67
6 6 82
12 4 28
1 3 60
2 9 6
7 5 47
13 10 33
10 2 95
7 4 30
11 5 58
5 9 35
12 1 67
5 11 41
7 1 66
6 4 6
3 4 16
4 3 49
6 3 99
1 12 60
10 2 74
4 5 5
6 13 73
2 6 56
9 2 19
12 12 0
4 13 26
4 9 23
8 12 49
7 7 67
5 11 56
13 6 19
7 3 89
6 9 36
7 7 0
6 6 30
13 7 75
3 5 36
11 8 6
2 11 62
13 12 69
10 1 44
9 12 63
1 1 94
6 3 12
5 10 7
3 14 11
5 11 95
8 10 8
11 9 19
5 6 42
13 4 7
14 10 94
3 14 5
3 2 41
6 12 63
6 6 48
14 9 42
12 11 60
3 8 85
7 7 43
5 14 42
3 5 8
9 8 79
4 5 33
9 5 55
1 10 2
14 3 42
3 9 34
11 12 75
5 13 12
2 7 13
11 8 57
7 14 55
7 12 87
14 11 54
2 13 74
14 7 74
4 1 66
13 6 49
3 3 42
4 7 90
3 7 96
9 9 47
2 12 21
12 10 96
3 2 1
3 12 84
9 3 45
6 8 53
10 2 2
4 14 65
11 3 38
1 13 60
5 1 56
13 4 94
4 3 97
12 10 97
8 11 74
1 9 79
5 11 64
3 7 38
11 14 45
14 2 49
12 9 71
8 7 43
9 12 56
6 10 63
1 5 30
4 13 43
6 4 6
2 7 93
1 2 91
7 7 3
10 9 37
6 11 19
11 3 4
9 5 25
8 8 38
13 11 67
5 1 57
10 13 5
1 14 98
11 1 61
14 9 59
1 14 82
6 14 6
2 14 0
12 5 13
12 5 24
9 9 35
10 11 56
10 7 82
8 2 60
4 1 42
11 7 57
3 5 44
10 14 22
9 3 80
14 7 19
11 5 6
7 6 82
8 6 15
2 3 26
10 11 99
13 11 93
3 14 78
11 11 67
11 11 84
12 10 59
1 7 92
11 4 87
13 2 51
3 11 10
1 6 70
3 5 24
2 7 79
1 7 29
2 5 70
1 3 14
6 6 87
13 7 90
8 5 39
11 2 95
14 8 3
10 10 85
9 11 100
4 10 50
2 7 28
9 12 49
13 13 50
6 5 74
5 10 71
5 8 19
13 4 85
11 9 27
9 8 79
3 4 79
3 4 62
3 13 34
13 12 97
6 3 74
4 11 63
11 8 48
1 6 15
9 7 16
11 1 28
14 3 55
14 4 14
1 14 91
9 2 67
11 2 25
1 3 93
13 1 33
14 6 70
9 5 13
10 6 37
3 13 72
8 4 71
6 6 71
5 5 97
3 9 17
10 13 41
9 3 28
7 4 39
9 5 52
10 12 14
1 12 49
3 4 17
11 4 72
14 3 67
8 9 69
2 3 75
1 3 62
4 7 9
1 3 79
14 4 59
6 5 14
6 5 64
13 11 6
11 4 28
4 6 17
13 7 27
12 2 100
11 11 75
3 7 85
1 8 47
4 3 33
9 9 90
7 4 97
6 3 68
12 11 85
10 1 44
3 2 60
5 9 12
8 12 36
8 7 72
7 2 36
9 13 11
8 14 20
7 8 69
8 12 71
2 13 1
8 8 16
6 13 48
4 13 29
1 5 46
6 6 34
13 13 9
2 12 30
12 7 52
11 11 81
5 14 27
4 12 25
8 9 86
4 8 81
5 3 48
9 12 64
4 11 22
6 10 80
8 4 60
9 2 45
1 13 60
3 5 87
9 5 83
6 13 50
1 8 2
6 9 1
6 14 74
6 5 97
6 7 90
1 13 50
7 7 58
13 7 65
9 11 8
4 9 26
13 8 37
7 6 95
4 9 46
10 9 97
10 1 17
6 6 31
3 8 48
8 11 35
1 6 66
11 13 94
2 9 87
4 7 89
6 10 99
10 8 78
9 4 78
5 1 76
5 13 45
9 9 20
6 14 73
12 3 96
11 8 49
10 13 100
2 11 36
7 8 82
7 14 96
13 2 18
13 5 73
12 9 20
13 1 81
10 5 32
1 5 64
11 13 50
10 14 62
8 7 93
4 14 41
7 12 75
6 2 52
12 10 24
3 4 93
5 12 78
13 9 42
13 6 66
6 11 82
9 3 20
5 10 82
3 13 23
11 8 30
2 11 49
12 6 35
2 13 38
10 11 94
4 10 61
2 9 96
14 12 57
9 3 19
2 7 84
11 12 33
1 10 53
5 8 92
9 1 91
7 6 2
5 2 37
4 9 75
8 9 39
14 8 36
6 12 72
14 10 19
6 8 3
5 3 1
14 5 55
13 1 7
6 14 65
8 10 100
13 9 50
5 2 31
6 11 48
8 9 23
8 10 87
6 6 31
3 6 27
4 12 16
9 9 28
3 14 63
10 11 54
12 4 98
14 11 14
9 6 40
1 14 69
14 10 29
13 9 14
2 1 84
6 14 99
8 14 59
12 2 38
11 10 82
10 6 47
3 14 68
9 13 93
2 8 27
14 9 45
5 14 77
6 1 5
1 5 100
2 11 9
1 7 27
6 14 19
5 14 0
2 4 22
2 4 19
12 2 44
2 13 61
14 12 39
8 1 72
3 8 34
9 13 82
4 13 75
10 9 51
10 11 99
4 12 72
12 2 48
3 9 70
1 12 84
12 10 97
8 4 56
7 3 58
8 3 78
5 14 61
1 11 30
9 4 62
7 1 33
4 12 69
6 7 88
4 11 8
13 10 0
6 2 56
1 7 72
2 9 60
3 5 7
9 9 66
8 10 70
13 6 37
5 2 59
10 4 36
3 2 16
14 13 77
13 3 15
9 5 9
1 12 52
9 10 70
13 12 79
8 10 68
6 12 83
3 7 86
3 9 0
2 9 83
14 9 53
5 11 76
7 11 90
5 3 15
2 9 44
11 13 17
1 6 83
6 5 7
1 11 46
9 8 46
14 3 1
11 3 47
12 2 67
2 12 77
6 13 15
13 2 10
2 1 93
10 13 13
3 3 85
5 3 3
7 6 92
11 14 3
7 12 44
5 8 61
13 12 36
12 14 92
10 3 61
7 14 65
11 11 88
6 3 57
3 9 75
1 10 4
13 10 55
14 6 59
2 13 99
8 5 88
14 3 49
3 12 30
5 1 46
6 6 63
14 13 62
2 14 62
7 7 10
12 2 28
6 6 59
13 8 3
7 3 7
14 13 24
6 5 70
2 14 55
10 7 63
12 6 45
13 3 100
4 13 21
6 8 5
12 7 11
10 10 9
14 9 71
12 2 91
12 5 85
1 4 29
9 7 3
7 9 76
12 1 32
13 4 5
4 14 25
7 2 14
2 7 48
4 9 3
8 4 90
12 10 41
13 11 12
3 8 2
10 4 46
13 9 67
4 5 35
8 11 64
14 5 9
14 1 11
14 2 6
7 5 57
9 11 40
1 7 26
6 1 73
5 2 76
12 1 92
14 7 0
8 5 91
3 9 77
1 8 86
5 14 54
9 4 30
7 3 24
6 12 95
8 14 40
11 9 42
14 13 23
10 9 63
14 10 39
12 4 2
8 7 70
8 12 82
1 14 100
1 13 92
9 12 64
11 5 11
1 11 51
8 13 87
7 3 51
4 5 11
12 8 19
14 2 63
10 14 88
6 9 15
9 7 95
9 7 35
3 2 57
1 13 73
4 4 44
1 14 91
13 2 72
4 4 30
2 3 73
8 14 87
7 5 43
12 13 44
2 4 65
7 7 21
8 3 3
11 7 29
11 5 63
10 6 89
10 8 10
12 8 88
2 6 69
11 8 95
1 5 66
14 10 88
9 2 81
5 10 87
5 10 40
7 12 70
3 4 87
8 3 8
1 14 71
7 2 0
8 4 77
11 5 9
9 2 83
6 7 18
14 9 64
3 13 57
5 7 53
3 10 23
4 4 12
7 8 23
10 3 4
8 14 9
4 5 15
10 10 61
4 9 20
10 13 52
4 5 64
5 12 77
5 8 91
6 13 83
14 4 8
12 3 73
3 4 58
6 8 29
5 14 15
1 5 19
9 9 2
10 13 91
8 14 36
3 9 64
10 2 92
13 14 84
4 4 73
3 8 8
4 6 94
10 3 78
10 1 2
13 12 95
13 1 7
12 11 2
9 10 75
2 11 91
11 11 83
11 6 96
5 6 18
8 5 62
7 10 20
7 6 31
9 10 10
11 13 70
13 10 77
3 10 39
5 10 95
7 10 34
10 1 11
4 10 6
14 10 49
4 4 52
11 4 60
12 8 25
8 11 49
13 12 61
3 2 12
5 12 22
14 5 70
14 4 77
7 7 31
7 10 96
12 10 16
7 4 68
13 14 46
6 11 24
4 4 100
3 1 24
8 13 99
5 4 51
13 1 64
1 7 35
10 11 30
2 7 35
6 12 61
8 3 4
3 5 36
3 2 24
9 10 14
11 6 46
12 10 30
5 9 14
4 10 19
5 10 36
7 8 89
3 9 72
3 3 76
9 2 35
9 9 72
4 10 48
2 1 44
9 12 93
6 14 39
9 3 9
6 12 78
3 2 98
7 9 10
7 11 67
4 9 68
4 13 40
14 3 30
9 11 71
11 3 9
11 4 95
11 4 52
4 14 2
9 12 60
7 6 51
13 13 39
6 11 99
2 13 72
8 5 34
3 8 40
9 7 64
1 8 100
8 7 5
8 1 13
9 12 72
11 1 28
10 12 33
5 3 85
3 9 58
13 7 61
14 2 67
8 11 64
14 5 56
5 4 69
13 12 61
10 14 64
14 6 29
9 8 99
14 4 38
3 12 2
9 11 95
2 1 73
3 12 66
2 8 64
7 11 44
14 5 44
2 11 9
3 2 55
3 9 20
11 1 82
4 13 80
12 9 95
5 13 90
1 12 5
5 6 76
12 3 12
11 13 11
9 7 84
6 5 8
2 6 44
5 12 22
13 5 77
7 13 41
4 13 50
9 13 64
4 13 91
1 4 97
7 5 100
2 1 29
5 1 51
12 14 1
7 10 95
12 2 6
6 1 38
2 4 82
7 12 22
3 13 39
7 9 36
3 7 15
13 14 58
9 2 43
5 7 77
14 14 24
1 3 76
4 5 46
1 4 88
13 14 46
8 14 15
8 5 26
10 12 81
8 2 20
3 12 17
9 11 82
4 13 34
13 8 93
7 10 47
7 4 60
8 4 55
1 14 97
10 8 37
7 9 6
7 1 21
6 10 97
4 7 37
6 8 38
2 3 53
10 11 81
14 6 57
8 7 37
13 6 52
14 3 37
8 8 21
2 13 14
6 8 1
10 2 65
11 1 90
4 11 5
1 8 40
7 4 100
12 2 1
11 8 92
13 1 26
14 7 40
1 13 50
1 11 46
9 14 68
8 7 30
10 9 4
10 3 63
4 11 89
12 13 13
1 12 20
14 10 19
4 8 47
1 10 70
14 8 9
14 11 66
4 10 30
13 7 11
2 7 77
10 13 60
4 2 92
5 12 73
5 3 21
2 5 77
3 5 14
12 5 58
14 7 71
10 13 63
10 8 93
4 7 99
1 1 3
8 13 33
9 2 88
10 13 43
10 14 64
4 8 97
1 1 98
2 7 95
4 4 75
7 11 91
7 10 33
14 8 58
2 13 22
11 8 48
9 11 3
3 4 54
7 12 47
13 3 9
14 13 43
6 9 28
11 3 67
5 9 98
5 11 49
6 8 57
14 5 34
1 11 69
12 10 89
12 1 17
6 1 78
4 1 34
13 3 15
5 3 93
11 13 6
12 8 18
5 7 98
14 13 13
8 7 56
12 13 85
5 1 35
12 8 62
13 9 9
2 7 54
12 3 43
14 13 98
7 1 41
7 1 92
11 11 4
3 4 63
6 3 33
1 3 37
10 12 34
9 5 97
4 8 90
5 3 12
3 11 2
12 10 56
12 12 39
6 4 26
2 6 11
9 4 15
13 1 99
12 1 52
9 6 18
12 2 11
8 8 45
13 10 61
13 14 54
4 12 43
3 11 1
1 11 30
9 8 82
3 14 39
3 11 65
14 3 60
12 1 88
13 8 57
8 11 2
13 10 70
12 14 4
6 4 93
12 14 4
12 4 58
4 10 5
6 13 87
4 10 81
1 6 34
9 4 23
11 13 68
2 9 16
14 2 78
9 2 84
11 9 80
13 14 47
10 9 74
10 5 48
11 7 69
4 8 5
11 4 22
7 10 16
5 3 34
13 1 52
2 2 25
9 11 25
7 5 65
3 13 95
6 3 9
9 2 51
7 7 20
7 3 57
5 8 25
14 10 97
1 11 23
12 7 49
3 6 31
7 12 25
12 8 77
12 10 57
14 1 65
12 1 69
10 3 24
6 10 49
6 2 46
11 2 20
12 2 99
14 14 62
8 14 74
14 3 94
3 5 60
11 2 27
1 2 4
5 14 11
14 7 94
2 8 35
2 3 32
8 5 45
2 7 14
10 8 59
14 3 100
3 13 28
3 4 28
9 12 83
4 9 16
4 5 11
5 14 16
10 5 5
12 11 58
10 3 26
2 7 55
8 5 7
3 4 78
8 4 89
10 11 89
2 8 18
8 4 54
9 11 51
11 5 17
8 7 10
4 13 49
7 1 81
13 7 64
2 4 100
11 1 60
2 10 26
4 3 36
12 8 55
12 5 83
2 10 8
2 6 92
3 6 15
4 4 24
5 11 33
4 14 80
14 10 86
9 3 25
14 6 21
7 13 18
11 5 64
12 5 87
6 14 3
10 14 15
2 9 1
11 2 14
14 12 18
4 1 60
3 10 11
3 2 15
1 14 19
6 4 38
12 8 85
2 13 14
1 4 75
13 9 43
9 8 66
10 11 83
11 12 15
7 13 86
3 2 93
14 1 81
9 9 71
13 8 35
9 6 25
14 11 72
8 1 89
9 3 32
8 3 97
7 5 54
4 9 35
8 3 57
8 9 69
14 13 10
5 8 17
3 5 60
12 6 82
8 13 88
12 3 85
4 12 67
4 12 13
5 9 40
10 11 83
5 9 22
13 7 5
12 4 7
10 4 80
1 1 41
7 7 17
2 12 13
6 12 96
2 1 75
1 5 5
14 13 98
12 9 79
6 8 18
10 9 51
11 9 23
2 11 36
11 1 100
2 4 73
6 12 22
5 8 1
9 5 42
11 2 13
8 5 67
9 13 93
6 12 100
6 8 70
2 2 81
8 5 1
1 1 73
9 13 12
14 14 35
1 11 11
8 7 88
14 3 18
3 9 85
5 7 40
1 12 85
5 14 100
12 9 38
6 7 47
13 4 42
6 4 28
4 11 77
1 11 66
14 3 43
12 6 56
8 1 58
2 10 28
2 2 54
6 3 100
4 14 74
7 13 9
11 10 69
3 8 42
8 3 39
7 1 17
6 11 52
11 11 64
1 5 46
11 12 75
8 14 74
2 2 100
5 13 0
4 8 93
2 6 10
12 14 96
8 7 23
1 7 37
11 1 85
10 13 9
6 7 88
8 11 17
9 2 33
11 13 71
12 6 31
14 8 56
6 9 48
14 3 6
3 9 51
6 10 32
8 8 26
3 11 87
3 13 71
12 9 86
13 3 13
11 4 54
6 1 58
7 8 44
6 8 44
6 11 36
9 4 8
13 12 96
14 3 98
6 12 66
6 7 34
4 8 24
9 9 26
6 10 37
7 13 20
10 12 94
12 3 34
5 10 95
11 10 40
11 2 13
7 3 5
14 3 20
12 13 47
1 6 63
14 6 2
11 10 70
9 6 71
7 3 29
12 1 3
12 5 74
11 2 95
10 8 97
1 10 34
9 6 97
2 4 96
7 3 88
13 6 8
2 4 38
14 11 62
10 1 47
1 7 4
8 9 2
10 2 27
12 13 21
5 11 24
6 7 69
12 8 94
6 4 69
13 11 8
4 7 54
7 5 16
3 4 9
10 1 19
5 1 41
1 7 76
1 13 87
5 1 9
5 12 14
14 11 81
10 9 17
6 10 33
12 7 22
11 13 50
5 9 47
14 10 74
13 9 70
6 3 74
9 1 30
7 11 87
2 13 97
1 12 70
7 13 100
14 13 91
6 3 5
5 11 67
6 10 10
4 14 57
5 1 43
14 12 83
3 8 65
10 13 67
6 4 38
12 7 83
6 4 44
12 5 46
6 4 73
1 6 43
4 7 18
10 9 2
11 11 9
4 8 42
3 2 3
5 4 17
8 7 25
5 4 59
1 1 82
9 8 57
2 7 26
7 1 55
3 10 16
1 14 28
13 3 15
11 9 67
3 3 15
6 10 82
7 7 70
13 8 36
3 10 35
2 14 30
13 7 38
5 11 44
1 8 18
9 9 49
2 7 51
8 13 53
3 7 17
8 10 63
5 11 32
5 3 43
9 1 39
10 4 53
6 11 27
12 12 9
12 11 13
7 13 18
1 12 100
14 10 65
2 12 84
11 6 92
10 3 69
2 13 51
13 12 53
9 7 90
8 11 74
10 7 59
2 6 42
7 9 37
13 11 94
11 3 11
4 10 49
5 14 10
4 7 60
14 13 58
1 3 8
5 9 81
8 8 47
13 8 85
6 8 96
11 11 58
6 3 13
3 7 42
7 3 16
6 7 59
8 5 41
14 5 33
5 6 84
4 4 54
8 9 88
8 7 32
14 4 76
2 1 68
3 8 53
9 11 16
10 9 14
6 8 37
6 14 30
4 10 20
4 10 19
9 6 50
6 5 76
9 9 66
5 1 23
14 10 19
13 1 41
14 8 22
5 7 52
3 6 68
4 5 30
12 14 82
7 9 8
8 2 23
8 5 87
10 13 74
11 13 8
4 14 57
1 4 26
13 14 58
1 10 67
14 10 3
13 7 61
2 5 45
11 9 18
6 2 60
9 2 85
1 7 52
8 8 36
14 11 43
4 6 15
11 13 97
13 8 74
14 4 46
5 12 17
1 5 69
14 5 41
14 5 39
13 8 40
14 9 57
13 7 4
11 3 0
13 9 59
13 12 91
13 14 49
3 8 62
14 13 98
14 7 45
12 13 64
5 12 11
4 7 58
4 1 27
2 2 28
8 13 0
2 3 15
4 12 8
14 5 13
4 1 24
10 5 22
13 13 5
1 4 19
13 7 88
4 6 41
5 12 3
14 3 22
12 7 82
10 14 19
12 2 85
9 8 1
11 10 8
4 2 42
12 10 1
13 5 61
5 1 52
2 10 42
1 7 6
8 6 75
5 11 82
4 6 69
9 2 31
9 6 16
1 4 23
5 1 16
6 6 75
8 1 49
9 1 37
12 5 76
10 2 46
14 10 100
5 13 98
10 2 75
4 8 66
12 1 29
1 2 60
13 5 94
14 5 27
14 8 70
4 12 50
4 11 88
11 2 70
2 10 15
9 1 23
1 14 58
12 13 16
8 6 56
3 11 76
13 11 40
14 6 69
5 12 9
8 6 1
5 7 1
5 1 80
9 5 93
3 12 25
1 5 79
1 1 34
1 10 23
7 1 66
10 10 92
8 13 4
1 6 57
2 9 4
9 2 4
12 2 72
13 3 94
9 4 55
2 6 34
5 6 25
11 12 12
8 3 73
5 7 25
11 14 81
7 10 9
6 2 38
1 2 27
6 3 81
12 13 63
10 12 12
4 8 64
13 11 60
11 9 37
13 3 46
9 9 71
7 8 5
10 14 6
4 5 81
11 13 28
12 9 31
1 13 58
2 2 93
5 9 40
4 9 48
10 1 0
2 13 47
14 12 23
12 13 3
7 7 6
10 4 79
5 14 4
2 2 23
13 1 33
7 10 7
11 5 40
10 8 67
4 2 24
13 3 66
1 11 14
7 13 97
13 4 94
2 9 82
5 9 79
10 10 12
6 6 8
6 12 47
14 5 30
7 2 97
6 5 61
13 12 90
7 7 45
7 1 89
11 9 76
6 2 86
3 13 23
10 4 62
3 4 90
13 4 15
4 4 97
3 5 91
14 1 24
13 10 40
2 3 20
10 11 18
4 10 4
5 13 44
3 14 41
11 6 73
12 7 14
4 3 76
9 11 10
4 4 84
2 14 100
8 2 87
7 2 99
10 4 99
2 4 38
6 3 47
6 1 8
4 5 9
10 1 49
6 10 81
12 14 16
13 8 24
4 7 13
9 4 67
7 12 71
13 8 54
2 12 19
11 12 77
14 4 39
4 9 4
4 5 69
12 14 62
10 4 73
6 11 78
6 13 89
12 6 3
13 5 37
14 2 38
4 2 46
10 6 97
5 3 34
3 14 83
7 9 71
3 5 15
2 14 90
11 6 40
1 8 2
6 1 93
8 3 12
11 12 73
2 3 52
7 7 19
3 8 25
13 12 50
4 13 20
1 8 19
7 14 41
5 12 49
12 9 24
3 9 87
1 5 18
1 12 63
5 14 24
5 12 69
8 4 32
3 9 40
6 5 36
3 5 42
11 4 41
9 13 99
9 2 4
11 9 13
8 12 29
4 7 58
4 10 37
3 11 37
13 12 72
9 12 3
9 12 46
3 1 42
6 1 23
12 9 84
9 6 39
3 2 1
7 9 61
9 2 76
6 3 62
7 3 83
5 8 14
12 2 95
12 7 79
6 6 80
5 11 54
2 1 29
6 2 40
9 9 99
8 4 44
2 2 13
9 3 88
1 12 47
4 14 65
12 4 86
6 8 84
2 4 69
8 10 68
9 10 88
10 1 67
7 12 3
8 13 13
3 5 98
7 3 73
10 2 59
3 13 0
14 9 10
10 2 72
5 10 55
4 9 12
1 10 3
12 8 17
7 2 54
13 2 2
5 13 58
9 7 97
11 9 75
13 5 16
9 1 12
1 3 30
13 14 92
13 4 30
12 14 75
4 6 73
6 6 38
7 13 24
3 4 25
2 1 97
11 3 66
8 7 48
10 7 77
14 7 69
2 9 49
13 5 36
4 6 81
8 13 54
1 1 14
10 1 81
9 14 91
8 3 98
11 9 44
12 6 69
5 9 32
10 13 77
3 11 89
3 11 39
6 8 25
8 10 27
6 9 74
13 11 27
5 10 67
3 12 71
9 7 1
6 4 91
13 4 74
11 5 7
11 13 70
5 10 35
14 14 39
14 6 65
9 11 63
10 2 93
6 1 47
5 11 88
2 3 94
1 12 13
2 9 53
2 8 23
9 9 90
1 10 75
14 1 35
9 14 53
2 8 62
13 12 22
11 1 57
13 1 49
11 13 99
14 14 89
11 12 5
4 4 65
9 6 60
11 5 61
8 9 91
12 3 3
8 10 85
1 4 0
11 2 30
4 1 1
4 5 27
4 2 15
11 5 44
13 13 29
3 14 77
12 1 53
12 5 40
2 13 10
5 1 36
1 11 69
9 4 61
8 3 81
13 11 71
10 13 72
2 4 21
1 8 68
4 7 37
3 3 68
8 10 67
13 8 54
