40
5609
18 17 67
37 27 35
24 20 18
15 37 92
24 28 47
17 25 31
16 37 48
26 7 29
15 12 75
22 22 60
3 32 44
24 24 96
31 11 80
8 17 56
3 10 57
18 37 66
33 33 52
25 21 30
25 10 100
5 23 5
24 15 23
6 6 85
15 26 69
36 13 3
27 38 38
9 15 92
37 14 96
18 11 93
1 31 25
28 17 59
11 1 22
13 24 32
28 22 62
18 24 58
27 29 46
22 31 82
29 2 94
4 12 77
9 8 60
18 35 8
37 27 45
40 13 17
30 20 90
36 18 7
40 11 45
1 18 73
4 32 13
35 6 12
25 9 44
40 8 32
20 40 93
29 31 35
23 33 90
14 5 4
14 23 75
23 25 67
11 13 17
25 40 61
17 6 33
5 17 22
3 5 34
35 37 41
30 10 49
11 3 9
10 1 30
5 2 70
8 19 68
19 33 56
20 24 31
14 17 67
5 2 78
5 36 29
16 38 87
22 18 67
37 19 80
29 30 31
14 23 50
8 23 77
29 27 62
12 5 48
16 40 94
34 11 26
30 33 3
32 25 92
26 14 81
29 35 95
23 37 48
28 1 65
32 7 57
29 11 32
31 32 38
4 30 28
32 7 72
39 21 87
17 33 6
29 33 58
6 17 8
40 26 22
16 28 38
2 2 27
4 19 99
3 5 84
34 14 87
3 36 36
26 20 60
16 23 38
30 14 82
27 4 84
12 40 58
6 17 10
28 27 59
25 5 55
35 1 100
7 19 82
21 24 27
13 20 65
33 2 2
32 30 22
35 3 26
16 26 83
2 21 5
40 5 80
12 3 48
13 18 29
30 38 100
11 14 45
16 12 30
24 36 23
13 17 4
22 28 55
36 27 45
31 27 7
33 9 24
37 16 24
33 17 31
24 1 0
35 14 47
32 15 100
9 20 49
20 33 35
1 8 81
21 1 80
38 24 69
8 20 94
26 12 28
22 2 58
18 19 95
35 38 41
7 17 60
36 34 63
32 37 8
27 5 27
3 37 29
36 22 16
10 19 80
33 17 96
5 13 27
13 31 27
38 8 65
6 14 27
21 34 98
34 40 97
29 36 9
32 4 12
2 31 35
14 2 99
9 8 11
37 34 19
22 9 51
37 27 59
17 2 17
3 37 7
8 32 74
11 26 55
25 10 63
30 19 98
5 40 19
1 36 4
22 34 66
28 29 12
33 13 52
2 6 11
24 32 48
15 20 36
14 26 15
37 26 94
34 10 35
32 12 50
25 4 9
37 20 13
22 6 60
2 4 69
12 28 36
18 39 66
19 6 85
38 37 58
7 18 53
22 27 31
36 1 87
3 14 17
22 15 93
3 12 62
9 36 3
17 6 73
4 10 39
24 39 70
3 19 20
15 9 80
21 15 82
5 19 58
15 14 37
25 31 71
2 1 73
4 17 73
9 26 60
13 9 71
23 24 72
23 22 4
13 19 99
25 16 67
23 38 43
8 25 42
37 29 76
16 5 23
2 3 38
17 25 71
3 20 56
25 39 62
30 37 95
19 29 62
15 33 74
2 2 46
1 33 16
19 10 96
24 31 8
27 35 55
22 38 24
40 39 24
33 6 31
24 38 29
37 35 94
38 32 46
34 38 36
7 12 9
4 7 10
27 12 69
14 34 13
6 13 20
35 11 26
16 20 77
32 38 37
29 31 70
35 16 74
19 21 21
39 21 77
23 11 44
1 9 95
14 20 5
40 10 44
37 10 43
15 14 73
35 20 41
38 1 48
28 34 81
19 6 85
17 21 84
16 4 15
6 11 32
40 6 21
6 37 80
25 3 89
13 28 11
8 4 5
4 19 84
16 34 22
20 24 23
17 33 51
5 9 34
13 15 38
17 6 1
26 36 26
36 32 82
13 9 1
31 5 36
38 38 93
15 37 18
30 7 38
19 16 58
10 21 63
14 30 57
5 39 99
23 39 23
28 7 94
9 4 38
23 23 41
32 6 28
29 24 82
9 8 92
17 2 92
12 6 29
18 39 67
4 19 62
18 8 97
32 23 68
3 29 36
27 28 76
36 19 90
15 12 9
17 16 75
22 18 16
9 26 19
23 24 56
25 9 41
26 35 26
40 28 23
21 35 95
35 37 33
32 33 69
24 13 42
13 10 71
25 22 75
1 4 99
32 21 6
37 22 24
19 12 60
33 18 32
37 36 44
39 31 16
36 1 9
7 20 20
18 25 86
28 2 28
19 20 45
5 23 64
17 16 67
30 24 17
4 26 76
13 9 17
27 22 64
11 6 66
26 30 56
36 4 80
33 26 3
39 38 53
35 30 60
9 7 59
31 17 19
34 7 25
11 23 77
35 26 69
1 25 79
29 24 64
35 38 30
21 34 95
33 40 85
38 25 71
22 40 71
26 13 17
13 1 5
29 40 4
21 40 94
24 26 12
7 22 29
2 8 58
10 25 83
28 19 37
37 22 16
8 27 54
26 33 86
7 15 91
19 4 4
9 5 94
30 2 67
31 3 0
23 33 90
33 39 88
31 22 92
8 10 65
25 11 87
32 35 59
13 40 49
40 2 81
28 30 46
28 6 97
20 21 100
19 35 98
17 31 83
13 1 89
33 37 19
22 13 5
36 15 30
22 25 75
15 26 78
34 1 49
13 15 37
10 21 0
20 9 53
27 34 2
20 25 74
26 31 50
36 17 96
36 5 68
22 15 2
38 16 93
16 37 72
26 7 69
26 9 40
10 37 81
3 14 66
7 29 72
18 37 6
23 20 79
33 10 20
36 3 30
24 14 49
27 20 3
35 11 22
3 26 48
14 21 84
13 30 3
11 5 94
1 35 16
17 40 83
28 31 38
24 32 26
12 40 50
20 12 6
12 29 92
22 38 77
3 24 43
37 22 73
37 31 54
37 28 7
26 37 9
22 36 84
31 15 66
16 16 33
27 38 92
37 12 72
11 18 83
32 22 33
30 12 42
3 31 43
20 12 20
5 8 8
20 3 6
31 7 1
16 11 95
9 11 11
40 9 78
28 4 4
35 3 46
39 1 78
18 8 90
14 16 85
16 6 31
27 35 25
11 3 76
12 16 19
12 3 15
12 17 16
11 40 4
7 12 56
11 18 90
22 2 91
6 34 66
26 18 3
30 25 19
22 33 7
34 33 87
40 4 61
31 26 67
14 5 62
24 31 81
15 38 44
1 9 70
6 27 74
1 30 65
23 37 24
4 1 59
21 30 48
18 6 5
5 29 94
20 16 46
2 21 51
36 16 75
34 24 14
30 33 17
14 39 79
9 34 22
9 20 38
23 27 8
8 6 82
33 26 98
15 33 73
12 25 59
20 4 89
22 23 77
16 4 53
18 37 58
33 40 46
35 1 88
5 7 39
22 6 36
17 31 43
13 39 30
2 17 38
31 36 64
17 14 24
37 3 21
21 13 47
14 10 61
27 4 83
5 27 40
28 33 32
18 15 35
30 31 89
9 15 38
34 6 10
29 14 86
31 33 12
20 38 29
32 5 7
22 11 60
14 21 27
24 19 98
38 6 82
3 40 38
9 19 13
25 13 70
34 6 56
7 10 90
9 4 97
10 26 42
13 23 99
12 38 18
2 31 89
24 35 72
33 35 38
18 29 92
2 33 12
38 17 59
13 6 6
3 17 42
13 34 39
10 23 81
36 3 34
22 34 47
13 17 61
1 34 58
36 5 68
8 30 54
16 32 73
22 5 71
18 24 58
31 12 9
13 32 53
29 29 44
19 9 49
39 11 84
5 3 46
24 36 63
20 7 67
34 34 24
33 27 2
8 24 10
11 35 88
23 22 68
24 2 28
5 19 27
16 31 39
39 28 96
27 22 34
5 18 24
38 5 46
27 37 19
39 25 8
24 6 12
28 19 48
11 35 15
8 19 31
30 15 27
12 5 38
39 20 65
40 35 26
32 6 64
22 3 0
39 36 49
15 5 4
24 39 40
27 6 46
32 3 26
14 34 40
9 28 62
12 3 75
40 3 72
32 26 0
32 22 69
15 7 13
33 35 66
30 8 13
23 35 56
15 14 19
15 26 67
23 35 35
28 5 27
19 2 19
35 6 87
39 10 54
16 15 12
22 9 52
30 27 79
33 14 62
20 15 55
2 8 33
27 19 87
27 30 60
29 37 62
20 15 30
39 40 22
11 24 73
35 6 52
23 35 57
30 40 72
36 36 17
30 27 63
25 38 0
34 21 45
16 17 24
31 4 5
28 2 41
17 12 21
21 18 17
27 9 57
12 24 39
33 39 50
21 3 1
10 33 40
11 29 86
33 16 16
20 27 8
17 29 45
12 35 61
30 29 75
28 31 8
8 2 62
35 40 20
34 3 17
35 27 79
31 17 60
22 5 23
31 4 23
15 6 94
19 20 11
15 21 69
16 24 5
24 21 72
39 15 50
14 6 100
9 1 57
37 27 2
29 25 25
2 26 93
25 29 67
11 25 30
5 33 68
30 12 42
24 35 40
39 11 68
22 6 4
35 38 14
2 37 54
21 38 75
40 12 64
11 6 18
27 26 43
18 39 21
22 17 84
5 26 27
37 4 79
13 23 10
17 26 89
39 30 40
20 20 100
25 25 47
23 22 13
17 6 81
30 14 87
5 5 66
7 38 98
31 14 59
23 23 25
32 22 59
37 13 45
38 23 48
22 16 66
27 10 66
27 38 67
8 39 55
7 9 86
35 21 13
27 5 19
40 23 81
18 40 23
35 13 28
37 30 13
12 5 4
24 13 24
31 20 48
39 17 69
37 30 37
11 33 21
6 2 3
7 30 20
39 15 23
16 6 47
22 29 61
26 8 18
14 33 95
7 29 55
37 8 35
9 2 67
26 19 97
2 16 65
19 23 13
20 9 97
23 1 45
9 3 3
29 18 55
4 2 69
1 36 88
6 23 84
33 29 61
39 1 53
24 16 69
15 29 26
7 6 11
20 12 25
22 2 30
6 33 61
17 13 29
29 28 82
4 21 93
4 40 18
29 11 25
22 37 66
29 38 100
37 30 17
10 3 7
17 29 48
36 25 25
15 4 22
13 20 83
16 40 10
7 28 67
16 34 96
22 25 79
10 9 25
35 25 80
23 40 96
31 1 52
6 24 30
27 6 31
9 9 85
37 29 82
1 19 36
34 13 70
20 12 40
38 37 38
23 32 21
30 20 39
29 16 100
11 31 3
30 32 0
5 24 93
20 31 75
34 6 64
3 18 76
13 7 77
25 26 10
16 9 2
34 24 92
5 29 93
21 34 79
19 31 83
22 25 69
2 18 55
40 25 36
24 40 66
34 1 91
17 22 6
15 31 83
18 15 30
26 6 45
19 22 62
11 6 92
36 8 89
29 19 62
3 8 83
37 31 16
18 12 95
20 26 10
1 13 7
10 20 84
8 25 1
33 4 16
10 7 95
19 32 18
22 5 27
12 26 38
35 20 47
6 38 79
10 21 9
8 30 99
8 8 25
7 11 92
14 2 81
3 15 73
14 19 79
37 19 10
15 16 79
25 4 68
22 22 35
14 21 31
30 24 84
14 14 45
29 28 36
13 40 56
2 30 44
8 12 90
33 37 15
5 8 87
33 3 35
6 31 93
39 24 46
13 33 62
9 38 52
18 31 36
14 39 14
38 6 4
11 13 44
31 39 80
13 5 83
14 17 26
25 12 36
39 15 87
21 10 58
10 26 5
29 16 92
32 11 40
27 28 90
33 18 40
26 36 19
30 33 43
11 32 36
3 33 35
40 14 24
3 36 5
25 37 95
21 8 85
10 35 52
33 23 42
34 16 82
39 21 58
2 7 84
37 31 56
26 28 98
9 10 84
18 13 79
36 33 78
3 8 25
27 15 15
28 23 64
3 38 70
28 3 42
9 23 9
39 28 36
39 40 34
29 39 36
1 7 39
9 3 100
7 35 79
2 16 72
2 31 51
13 39 84
4 15 19
12 2 36
2 28 14
34 40 88
28 25 35
17 14 62
7 32 34
37 37 65
12 10 5
6 22 5
29 30 11
37 25 37
28 31 79
22 10 36
33 33 100
40 25 99
8 4 77
30 24 58
12 18 60
36 9 56
33 5 12
37 3 65
34 23 35
10 33 6
10 20 86
24 25 10
11 40 89
12 18 62
3 15 87
37 4 41
21 35 69
12 18 60
16 31 12
4 20 20
24 24 17
10 22 27
2 16 87
10 36 42
27 25 10
6 8 76
22 24 30
33 13 16
3 29 9
1 27 61
37 18 27
25 5 70
27 33 61
5 7 26
8 12 80
16 17 1
18 34 74
12 15 10
24 8 54
35 27 73
19 12 62
1 25 92
4 2 48
7 13 40
2 12 28
10 4 3
37 21 50
11 22 47
35 16 21
25 24 38
3 34 52
29 39 31
2 17 17
21 23 19
40 7 49
9 8 26
26 6 76
19 33 29
29 8 32
12 25 54
1 12 88
33 26 92
19 5 57
11 19 41
38 31 21
6 27 71
18 35 51
29 18 1
22 18 18
22 29 36
1 36 78
14 5 72
22 16 1
18 38 81
4 7 94
26 13 94
35 4 6
7 25 20
26 26 42
17 31 74
13 6 39
16 2 97
13 10 83
3 28 70
19 24 12
11 15 59
17 39 50
16 27 85
31 23 39
6 35 10
14 1 90
4 19 64
40 12 58
23 1 35
34 25 13
15 30 23
17 13 38
18 7 36
11 8 65
7 37 64
38 25 82
30 23 64
31 2 7
7 20 51
22 5 14
10 22 8
4 29 58
18 34 45
24 18 51
40 35 81
30 25 29
10 4 34
31 7 52
32 33 14
5 19 62
26 19 93
39 37 31
19 35 60
9 36 58
31 20 73
36 33 64
35 12 52
5 13 46
1 33 0
35 19 10
16 19 68
40 17 29
9 25 21
23 14 66
20 7 21
33 15 11
35 27 50
35 6 79
10 36 44
18 22 5
3 24 80
6 19 14
29 3 55
8 35 42
8 5 78
20 13 63
21 32 20
7 39 64
2 4 77
30 29 95
4 14 64
9 34 62
27 26 18
18 28 26
16 23 60
12 7 80
14 25 28
3 18 65
1 35 30
1 27 7
1 28 24
33 21 12
8 30 37
16 21 27
24 3 76
20 40 65
34 22 22
37 18 97
28 1 80
18 12 51
29 14 49
30 14 73
30 1 12
9 8 68
30 40 43
33 5 8
29 17 83
10 27 23
12 19 47
16 29 88
21 25 84
16 10 100
25 18 11
4 21 70
5 39 18
30 25 78
26 27 13
24 1 62
40 31 71
15 32 8
21 15 69
13 40 46
12 3 6
19 4 4
30 29 62
2 22 19
28 11 60
37 20 95
4 21 29
10 8 37
6 32 31
28 31 67
9 7 68
15 23 49
33 5 87
27 26 90
32 32 46
22 13 87
3 40 58
36 14 88
30 5 37
17 21 33
36 29 67
21 14 2
31 12 20
2 18 86
24 34 27
22 36 92
8 1 98
2 33 88
25 18 2
4 36 10
34 15 35
22 22 96
9 1 23
33 33 7
26 20 27
18 26 7
9 29 77
8 17 15
40 30 27
7 10 66
19 14 40
22 30 20
5 10 13
40 11 15
37 40 21
25 40 49
36 30 77
12 24 67
18 6 10
36 9 87
6 6 40
31 23 20
32 33 74
24 38 42
3 21 49
4 19 23
19 5 31
19 8 0
12 3 9
25 40 83
1 34 11
27 16 42
4 16 43
20 36 56
15 22 61
11 10 16
12 9 93
25 24 81
11 8 65
16 16 92
12 12 97
36 4 29
26 20 100
31 34 33
2 6 17
14 29 89
22 22 17
12 1 66
26 2 99
11 18 7
11 8 54
2 3 32
23 1 73
21 28 59
14 21 83
27 1 56
3 3 51
2 7 12
33 5 81
40 23 64
22 37 65
12 1 9
40 1 64
25 31 21
36 34 52
8 37 91
22 30 12
22 37 2
37 10 87
5 28 18
17 28 95
6 15 89
36 22 14
13 1 89
11 27 61
3 5 53
2 1 31
7 8 28
11 15 62
4 9 11
11 31 16
36 28 28
10 17 9
25 26 7
36 17 24
6 10 48
4 30 6
20 35 86
17 13 75
19 3 95
13 31 79
22 24 68
35 14 2
2 20 70
11 29 13
28 5 22
20 39 64
40 36 27
29 27 78
36 12 17
25 2 8
1 36 89
30 21 70
29 18 71
27 14 53
6 6 17
31 30 34
40 4 54
19 27 28
8 2 29
20 38 21
20 35 7
21 38 82
35 19 12
7 7 8
8 26 76
36 5 54
31 8 74
3 25 90
17 39 73
35 3 65
28 16 26
20 18 90
14 11 24
21 30 79
35 3 4
21 21 93
29 10 68
28 39 28
19 13 56
4 18 66
32 32 84
11 10 24
34 27 49
28 7 27
3 37 7
27 36 77
35 17 4
6 5 85
3 31 37
39 25 0
8 30 28
26 16 47
8 34 30
30 15 92
7 11 8
3 32 89
31 29 77
4 3 90
38 1 13
28 25 10
18 38 61
8 17 61
32 12 79
20 4 34
24 1 75
3 4 72
33 19 96
16 29 19
26 28 33
35 35 41
19 6 33
4 6 95
11 33 5
24 23 77
30 4 45
8 20 35
32 13 68
1 32 50
28 26 52
7 29 39
25 23 29
21 37 62
38 32 100
4 28 72
40 33 4
35 35 89
40 35 30
10 28 94
32 20 23
36 14 31
31 36 34
36 16 78
10 27 95
12 38 98
28 29 36
6 5 91
14 31 82
18 5 82
37 21 60
19 15 95
25 29 45
2 28 41
5 22 78
11 36 87
25 28 61
6 38 73
11 32 12
26 24 96
4 15 22
34 1 29
26 17 79
12 40 78
36 14 85
19 13 45
10 32 56
7 21 13
32 3 8
16 2 60
36 17 54
4 8 78
40 20 9
21 6 50
35 19 89
2 38 36
5 9 22
5 24 4
39 17 98
1 19 95
22 35 40
35 4 24
9 5 58
13 14 99
36 8 83
28 9 14
33 3 74
18 35 76
23 28 3
13 15 95
22 40 76
37 30 43
34 38 43
16 40 68
18 8 13
29 36 43
3 18 84
19 9 4
37 18 53
5 15 70
30 27 72
17 19 39
25 14 19
13 30 2
24 11 2
1 34 84
15 40 23
39 20 62
38 34 91
30 27 7
1 1 76
17 26 41
1 7 67
36 1 40
32 9 86
16 9 100
35 32 76
39 9 91
7 23 69
26 7 0
11 2 68
13 2 91
10 21 48
12 25 45
21 9 5
2 18 12
26 8 1
12 37 31
5 28 34
20 26 13
31 20 81
6 19 22
40 13 74
24 22 3
8 19 31
30 29 36
5 10 48
11 37 43
36 13 69
38 20 63
14 3 50
10 36 27
2 38 99
11 24 83
20 36 8
19 18 89
30 36 80
7 16 43
5 34 4
23 13 45
5 12 74
2 1 8
9 39 59
8 11 82
20 30 32
20 3 2
11 21 85
7 22 7
22 22 2
23 40 0
1 12 69
35 9 67
26 31 71
20 33 38
38 20 48
7 25 76
37 35 58
18 23 55
23 34 67
38 1 10
25 35 48
27 31 82
20 21 52
33 15 80
38 17 5
12 32 29
25 31 36
30 24 48
5 10 16
2 39 63
11 17 3
32 1 0
34 29 66
3 23 57
14 24 64
32 21 59
39 25 19
31 10 48
35 14 58
11 35 92
8 6 89
35 28 62
23 39 49
8 12 80
17 9 93
9 9 62
5 13 78
38 36 26
14 1 34
28 29 45
11 19 58
25 36 35
9 27 73
14 11 93
10 4 50
31 24 76
16 23 53
33 12 47
35 39 49
13 16 18
4 20 10
15 36 72
7 8 57
18 30 22
32 29 84
14 1 7
36 1 44
34 15 84
34 27 91
30 22 48
30 17 3
36 13 100
17 31 48
6 39 90
19 33 60
18 31 86
38 32 56
18 7 26
5 27 98
14 19 69
13 26 55
38 26 97
38 18 95
25 21 40
35 10 42
25 14 2
5 36 98
18 19 23
35 11 8
38 24 63
26 5 71
3 13 21
31 36 14
19 33 67
32 27 0
1 31 21
27 20 32
28 25 32
24 12 36
33 24 88
32 1 14
22 25 0
39 29 1
27 11 59
33 39 82
3 16 11
13 21 16
37 11 41
5 24 8
8 40 44
30 2 97
12 15 62
37 36 81
34 33 10
31 40 30
5 36 15
12 31 46
22 22 52
9 8 51
11 10 23
24 12 57
20 31 60
11 13 56
7 22 96
11 34 22
24 6 27
11 40 23
20 13 57
18 21 78
5 24 9
20 17 55
4 1 72
3 15 52
29 18 37
10 15 34
15 17 96
29 8 3
1 1 15
24 3 57
11 1 21
35 31 38
18 30 9
37 29 11
16 17 11
22 6 38
13 29 96
9 17 91
7 10 23
29 39 62
28 26 13
13 20 69
30 26 73
23 9 95
36 13 79
36 3 80
7 35 2
33 31 65
38 5 15
31 40 63
19 18 29
15 27 53
34 6 27
4 15 93
34 29 8
16 40 48
11 9 22
36 27 87
30 36 28
11 25 43
5 16 46
27 40 50
15 34 22
4 22 71
7 11 3
29 26 33
31 18 66
31 7 16
16 35 67
10 34 81
25 37 96
34 7 58
1 31 94
35 18 10
18 27 65
21 16 32
14 15 18
24 15 48
38 28 23
22 7 13
29 28 77
31 10 11
4 5 87
39 3 55
13 24 80
8 2 16
4 33 40
1 29 42
29 16 54
37 10 41
28 8 74
15 14 45
6 24 6
33 10 87
23 13 60
29 8 73
10 7 87
14 20 2
4 4 22
21 3 66
15 31 47
5 18 83
4 15 36
39 11 91
40 11 31
35 40 35
3 32 88
40 4 97
31 20 36
14 26 93
27 6 59
26 27 79
1 24 40
29 40 10
6 9 23
40 11 43
7 9 69
4 12 69
26 25 80
27 40 59
38 28 61
38 31 86
6 9 42
26 10 66
24 10 57
9 10 88
18 21 71
29 6 47
21 31 4
6 25 14
27 37 20
37 9 6
30 40 69
22 11 52
5 9 17
33 28 4
21 31 96
3 9 6
14 35 24
11 14 26
30 31 47
40 33 70
35 37 31
15 36 7
37 12 15
13 9 54
38 19 76
20 2 41
8 11 5
17 39 73
8 24 9
26 32 13
13 7 7
9 10 8
7 10 38
21 2 77
26 17 17
36 35 98
37 11 12
2 34 38
31 10 83
25 4 11
15 15 45
18 15 19
8 3 72
25 17 24
1 11 82
28 20 35
38 5 94
31 18 88
4 5 53
16 2 75
23 34 21
11 8 66
16 15 83
36 26 91
19 4 96
16 24 89
16 22 29
31 22 37
20 4 6
8 32 25
9 11 84
30 30 10
28 2 88
27 32 100
34 39 65
7 11 64
9 32 62
32 17 92
10 1 62
27 33 27
32 19 31
15 27 92
25 32 29
29 24 48
24 22 0
32 34 8
39 15 43
17 13 5
3 19 61
38 5 45
9 7 48
7 36 9
10 35 92
33 24 92
17 20 76
20 30 53
25 1 59
35 18 11
38 39 10
16 12 85
10 40 100
34 21 100
2 17 25
10 39 42
14 34 30
34 31 49
15 18 17
23 14 26
36 19 25
30 28 67
2 32 15
25 28 38
11 5 45
8 33 2
19 16 50
30 12 2
2 3 12
38 21 94
37 25 86
12 15 28
6 11 67
10 1 44
28 2 78
8 17 12
20 18 44
8 11 84
18 38 92
16 3 61
12 33 64
34 36 70
28 6 96
9 3 100
37 14 17
7 33 45
32 35 29
40 10 92
40 17 98
36 31 51
1 6 88
17 17 78
1 4 0
19 36 51
9 14 92
37 8 30
35 24 99
39 29 44
20 13 27
29 6 56
34 7 69
14 14 43
28 6 64
5 16 5
36 8 15
35 1 56
23 5 7
34 1 79
28 32 25
31 36 6
12 1 35
36 25 21
17 5 52
22 28 65
11 16 4
13 1 62
7 19 1
15 14 92
19 27 59
14 34 29
34 31 83
28 21 99
5 36 63
8 22 46
22 36 36
23 29 95
1 40 29
22 2 4
8 5 50
31 11 66
36 23 29
6 10 47
19 21 40
24 6 96
38 12 0
11 31 28
19 7 41
31 10 49
40 8 97
7 35 18
39 23 40
35 27 50
6 24 28
11 19 77
33 8 49
14 14 49
35 38 100
3 24 16
34 31 1
2 25 40
35 36 49
5 28 15
21 10 12
28 1 89
5 38 26
7 23 73
10 21 40
22 12 78
40 30 86
24 6 98
34 25 41
31 40 71
16 1 68
30 39 77
27 28 4
32 31 70
5 22 92
25 17 76
20 17 12
19 1 95
7 19 0
4 39 56
6 38 47
28 6 33
19 11 15
34 30 12
12 6 62
30 40 24
13 35 94
5 24 71
40 25 75
8 9 72
25 36 4
29 10 100
5 19 47
39 17 18
21 38 55
13 8 14
21 8 79
33 8 6
3 9 40
4 16 89
12 33 96
14 10 14
14 20 1
22 40 9
12 16 49
12 38 58
21 20 2
21 36 16
2 17 30
6 35 68
15 21 69
11 9 28
30 28 68
13 18 99
3 9 59
36 27 48
23 34 82
17 21 46
39 7 40
15 6 100
35 17 86
6 26 44
8 3 0
40 24 21
9 11 80
13 4 87
35 35 21
18 38 39
18 26 74
26 20 11
19 29 93
6 32 96
2 10 21
36 39 1
26 27 34
34 16 77
20 11 67
40 17 31
12 35 67
35 9 9
25 36 29
25 20 41
40 13 48
4 11 87
39 40 79
29 3 17
5 13 45
32 23 48
14 36 82
5 23 21
31 28 42
38 27 38
37 25 6
28 12 89
34 40 83
15 13 6
31 32 33
5 25 96
34 8 95
3 6 33
36 4 5
8 26 52
30 5 60
33 19 72
20 5 6
4 34 90
32 4 12
7 20 71
22 40 59
2 34 35
14 24 93
3 5 1
10 36 75
14 33 94
19 8 79
29 25 100
30 24 15
31 38 86
3 1 77
36 31 11
13 28 18
34 15 8
11 10 43
13 39 87
34 25 19
40 24 16
30 14 67
30 26 73
11 16 68
16 31 45
7 27 39
22 38 94
15 12 15
22 24 12
32 1 84
10 23 15
3 19 25
27 12 87
35 11 31
14 40 50
40 10 35
2 33 93
21 26 54
3 33 28
13 26 68
17 1 1
14 37 98
5 25 44
28 32 69
10 22 27
30 20 79
21 31 77
1 15 30
24 38 16
22 18 36
7 7 11
19 36 11
23 36 14
32 40 39
23 15 26
24 31 75
33 22 40
27 20 12
36 16 31
5 20 98
26 31 6
34 23 23
22 13 59
2 4 33
21 16 54
20 20 30
19 37 36
21 29 13
1 39 4
15 10 99
12 5 14
28 29 40
24 16 45
8 25 36
40 17 16
7 13 91
32 29 93
10 18 98
4 4 25
3 36 39
26 40 5
12 35 58
19 26 40
35 36 79
15 20 43
31 37 56
32 35 60
5 34 76
28 5 87
10 12 70
40 11 75
2 21 7
14 40 72
16 25 60
33 2 76
30 21 67
28 39 3
36 3 92
34 25 15
4 8 19
14 32 46
14 26 41
29 20 76
31 36 57
10 19 5
28 33 21
33 1 24
7 21 89
37 33 58
2 13 99
40 13 73
39 36 50
13 37 91
31 38 90
17 8 66
13 4 26
29 25 45
12 11 44
34 2 58
26 31 28
39 36 91
34 40 60
18 11 62
32 27 58
15 24 73
14 27 93
11 7 78
17 3 48
14 20 99
36 4 47
4 31 37
32 16 84
30 30 71
29 14 71
31 34 14
12 11 15
17 2 64
25 19 75
33 10 90
19 6 29
4 24 26
36 6 66
26 7 77
7 35 50
5 33 34
34 1 59
22 36 47
13 2 66
14 20 34
31 12 0
30 18 95
18 1 23
11 17 61
22 40 29
24 35 48
29 29 17
15 14 0
35 32 43
3 7 17
9 34 81
32 7 55
35 24 72
5 15 16
39 2 49
18 13 6
24 36 43
20 32 23
21 8 47
30 40 6
33 34 15
40 30 48
20 22 37
26 12 27
39 25 6
18 16 33
3 40 9
27 20 53
37 12 39
24 8 2
21 9 16
14 12 3
19 17 94
39 7 30
10 13 81
33 22 6
18 1 16
25 14 1
34 1 15
34 16 74
22 32 53
15 23 84
13 27 52
20 38 38
30 20 85
1 30 30
5 38 64
38 34 61
35 2 88
14 17 83
6 9 16
22 20 19
8 26 55
6 39 51
16 23 93
30 24 18
26 3 47
35 34 77
4 12 81
31 19 15
39 35 48
23 32 19
32 6 5
8 5 23
20 7 60
22 36 16
8 26 56
19 10 40
30 10 58
15 35 4
37 17 36
8 19 37
7 2 83
15 1 6
32 8 30
3 16 67
4 25 52
10 22 21
1 36 84
10 28 16
13 27 100
14 20 65
13 10 17
31 36 88
30 40 2
32 10 63
39 22 36
21 27 81
30 19 34
15 18 82
21 19 0
13 38 38
24 31 49
31 31 45
11 15 69
33 2 38
29 11 7
39 35 93
38 10 38
30 29 76
31 7 84
23 16 54
16 12 23
29 26 61
38 24 15
13 10 55
29 30 68
9 33 11
1 25 84
18 32 96
24 26 73
25 6 31
20 32 49
2 12 28
25 16 82
40 31 1
21 14 62
10 28 62
34 14 66
38 4 25
13 17 35
18 9 60
26 2 88
16 33 94
39 36 49
32 23 95
8 19 49
20 3 71
37 21 14
13 37 90
23 26 47
33 15 26
33 31 21
25 30 59
17 20 80
26 21 44
17 4 52
18 1 37
3 21 0
34 12 93
9 5 38
22 31 22
38 3 3
33 19 41
33 21 74
20 27 21
6 4 70
18 33 52
28 24 30
22 12 40
8 15 35
38 36 88
34 7 36
21 8 66
28 13 42
7 30 2
31 40 4
16 35 44
3 1 98
34 8 19
26 37 30
5 18 23
23 26 35
19 33 8
15 13 92
30 20 46
34 17 62
40 4 10
15 36 16
40 8 98
33 16 46
39 20 83
38 24 16
31 6 38
19 39 56
39 34 58
21 8 83
11 4 82
15 39 78
40 3 30
19 40 2
22 33 4
2 22 58
10 24 30
1 24 45
7 22 89
35 13 50
1 2 40
14 31 13
28 30 35
23 24 73
40 13 61
12 22 74
18 19 1
39 10 91
5 34 40
38 22 11
35 6 53
9 40 90
31 35 10
40 38 50
9 31 24
36 3 5
29 34 7
2 17 64
24 35 40
27 9 17
22 17 71
26 8 55
17 24 36
11 39 32
6 25 30
8 8 69
34 35 76
40 9 4
22 6 41
38 11 91
35 22 59
11 34 78
16 29 30
23 31 19
3 25 73
25 33 41
14 14 47
4 28 34
36 23 21
8 31 31
36 20 42
5 23 93
31 38 32
33 25 35
34 31 21
32 34 16
16 29 41
6 38 61
18 20 43
40 33 74
30 10 91
13 27 83
19 12 46
4 6 40
22 31 1
10 11 94
2 36 47
8 9 13
32 37 89
18 16 4
17 38 38
2 13 21
8 19 46
1 20 76
37 21 51
37 19 14
3 6 27
13 12 77
31 3 5
5 29 71
24 34 68
5 34 9
19 40 33
23 34 42
36 2 50
24 11 33
38 7 48
24 34 100
33 7 10
15 11 80
23 10 15
29 39 84
8 37 17
15 8 56
1 23 23
25 30 58
31 32 82
8 15 56
20 17 78
40 22 17
22 10 92
18 19 44
10 34 62
2 23 4
27 28 59
6 24 75
14 34 30
18 8 31
26 16 32
39 28 62
19 13 41
9 8 14
5 2 14
4 10 9
10 29 37
2 11 64
23 13 89
9 15 72
29 36 20
22 33 2
33 12 37
15 1 11
26 27 5
35 37 76
10 33 9
38 29 48
36 8 23
29 34 98
30 18 71
16 40 45
37 39 20
4 40 54
39 37 48
31 17 67
18 8 82
40 20 30
35 30 45
26 10 93
25 35 47
30 7 53
37 30 84
2 27 87
4 33 37
5 31 63
26 19 25
38 6 48
7 13 78
16 4 56
31 23 42
3 36 0
28 10 96
4 13 50
29 15 63
34 37 87
18 39 42
24 23 79
18 10 21
17 6 77
5 8 39
31 18 20
23 3 52
26 4 19
15 22 75
5 30 96
29 35 35
35 30 76
7 29 93
13 7 6
16 6 90
20 14 27
29 17 34
1 22 3
12 36 46
12 34 49
26 10 51
15 11 90
32 40 53
36 35 78
37 25 81
20 1 11
12 16 18
8 14 25
13 39 58
3 18 85
35 28 69
19 18 21
31 4 9
24 31 66
22 33 73
15 15 71
7 18 43
40 27 57
37 24 97
7 39 71
23 12 43
31 17 8
11 35 42
38 17 29
24 26 17
29 13 64
34 20 19
22 20 59
36 1 75
3 14 54
19 34 42
24 39 54
21 11 17
13 26 33
30 3 39
25 4 80
30 26 73
14 3 17
29 8 43
16 29 10
35 11 16
26 3 74
24 29 74
36 37 12
28 28 40
10 9 57
25 20 47
23 15 63
37 34 84
18 33 8
40 19 66
26 5 24
35 25 26
33 2 52
31 20 77
34 38 46
28 27 3
11 14 52
32 21 100
28 6 52
17 37 2
9 18 22
16 40 64
4 28 15
21 19 47
7 40 6
8 30 14
14 29 71
25 26 84
1 28 61
15 10 51
6 21 76
24 31 8
9 24 100
12 38 37
27 14 41
12 5 20
16 21 14
40 20 90
37 4 96
24 8 86
37 12 45
18 33 10
8 14 36
11 4 31
5 40 85
8 8 56
7 15 2
16 36 26
13 10 40
37 1 31
29 16 53
31 3 3
18 27 68
10 39 65
5 30 55
34 16 30
37 22 91
12 26 98
25 36 99
2 1 43
26 30 18
14 23 94
24 32 2
22 24 98
25 5 70
14 36 59
15 22 70
36 16 87
21 7 48
12 17 11
27 22 20
32 12 49
6 26 10
20 11 70
18 28 99
16 21 63
24 1 59
10 6 13
9 10 30
19 37 89
23 27 19
35 33 60
17 10 92
23 6 16
10 28 0
22 33 62
6 36 0
2 22 29
19 29 36
33 38 99
22 4 47
11 18 84
19 16 66
19 6 37
27 4 26
30 11 74
39 15 8
7 10 74
18 3 44
37 12 28
29 23 13
15 10 89
6 27 94
24 34 53
26 23 14
35 3 72
15 20 32
21 35 29
11 13 19
18 19 97
38 24 21
24 30 16
4 37 0
11 35 66
19 15 82
22 19 30
28 5 71
40 36 38
37 34 90
5 16 86
19 39 66
38 17 15
24 40 27
5 30 37
30 13 74
15 27 60
38 20 43
2 34 53
29 28 62
7 30 60
15 10 95
37 11 84
23 39 9
13 7 60
37 20 81
14 23 51
30 38 40
32 1 33
21 13 95
22 14 39
10 18 11
1 2 67
2 1 24
15 36 67
9 38 15
33 9 71
23 9 16
24 4 86
19 15 76
26 33 39
15 16 67
15 15 17
17 1 72
19 17 33
32 23 90
3 39 41
35 20 5
19 28 56
28 22 6
10 30 78
25 6 97
32 7 32
21 7 30
25 19 46
12 22 82
23 33 27
33 2 57
37 3 74
24 28 40
2 21 61
33 2 73
2 14 4
25 14 72
1 24 100
38 23 46
9 10 19
26 13 13
9 37 33
13 2 75
30 32 75
33 35 61
30 25 75
26 12 84
25 32 18
26 26 18
24 34 29
21 3 12
10 14 29
13 12 23
36 25 32
38 15 25
38 36 19
32 13 99
20 16 45
10 30 48
34 31 58
28 14 22
30 3 59
31 14 3
18 39 30
9 40 36
35 21 51
27 31 90
8 19 36
29 15 33
8 27 84
28 36 51
21 11 83
16 10 68
7 7 54
13 34 17
6 2 42
23 33 11
33 24 19
2 15 2
38 40 60
14 31 36
6 11 69
26 39 7
18 15 42
24 22 83
23 27 10
15 23 69
30 27 73
28 22 76
30 17 93
34 22 24
24 29 14
5 13 65
31 7 86
40 19 7
22 31 3
19 3 24
2 23 88
36 36 98
35 20 48
33 10 24
5 27 23
4 4 63
21 29 92
33 24 71
17 8 70
3 15 89
5 40 84
5 15 64
29 18 11
6 16 90
36 10 89
20 20 30
15 28 5
22 2 23
1 26 18
13 17 35
7 36 25
15 11 64
3 36 61
2 30 54
40 11 6
24 1 18
40 24 62
21 13 93
35 28 3
34 19 68
7 40 53
38 14 65
35 31 44
34 2 86
20 19 57
12 3 70
4 32 36
28 33 60
14 39 5
24 34 33
27 14 59
2 6 14
5 20 46
18 24 95
19 4 54
27 9 21
16 31 28
37 1 74
5 34 82
38 14 35
3 3 99
8 19 25
6 6 27
3 5 95
10 33 33
38 19 81
31 3 58
26 11 74
14 15 99
16 3 30
19 21 71
39 17 90
28 4 18
7 14 94
8 35 83
11 6 73
9 23 80
28 17 89
9 3 53
26 7 81
1 30 14
29 7 89
28 2 36
29 19 3
30 7 28
6 15 30
17 35 11
22 28 82
30 31 81
10 30 10
27 37 30
5 7 57
10 28 27
38 26 98
29 6 80
10 11 1
20 8 65
33 38 25
24 39 59
9 11 16
40 29 73
36 7 51
12 36 11
5 19 84
36 19 11
18 30 13
13 5 56
14 16 11
31 10 34
21 6 96
14 16 19
36 35 21
19 10 30
20 14 90
11 29 58
18 17 48
28 10 80
13 21 38
8 17 15
37 27 62
26 13 22
39 6 54
36 30 73
30 2 31
36 30 47
19 13 88
35 17 60
18 17 86
37 7 60
16 40 74
39 13 59
17 29 55
22 40 86
26 6 73
13 14 12
12 27 72
36 19 23
36 16 100
4 15 4
30 9 87
24 2 41
17 22 99
3 17 96
2 4 35
19 4 95
25 31 10
7 40 17
23 32 24
34 29 2
27 30 34
25 28 61
7 1 61
9 22 5
15 36 91
6 30 19
38 33 35
40 30 5
26 9 28
14 13 60
33 29 4
22 17 45
32 7 36
18 17 46
11 1 80
27 13 92
37 16 56
32 30 25
29 8 81
9 16 20
21 10 97
35 2 58
25 13 18
28 35 22
5 13 4
31 28 56
16 20 34
31 19 75
4 22 44
9 20 49
16 8 89
9 12 51
22 27 79
35 40 5
34 25 88
36 19 62
25 29 74
12 34 69
14 24 78
5 14 49
21 20 46
27 1 87
14 36 73
10 1 78
15 22 41
24 28 49
34 18 66
8 18 93
22 8 10
10 12 67
31 8 49
33 21 46
4 17 19
22 8 35
21 28 56
30 27 0
15 22 13
24 23 88
39 14 88
36 35 64
7 13 3
9 37 24
7 40 83
39 13 28
31 31 78
14 37 73
27 15 54
24 4 97
26 25 29
29 26 10
39 29 3
21 17 27
5 26 66
4 23 58
26 7 65
32 19 39
35 37 36
1 28 35
3 39 70
4 34 46
38 30 88
19 23 15
4 33 18
1 3 21
10 5 54
21 15 45
18 24 84
4 29 0
4 27 20
19 10 92
20 14 21
15 14 84
23 19 24
1 4 56
3 11 28
16 36 94
32 16 81
27 19 48
25 9 86
22 13 95
10 24 53
12 10 21
13 34 86
6 1 91
26 23 5
28 32 9
40 12 9
35 32 37
14 28 93
11 39 8
36 14 32
20 31 58
4 5 87
20 16 15
19 9 41
20 8 42
17 32 55
28 32 83
37 20 19
28 17 50
8 24 17
3 27 86
16 29 21
23 15 80
8 40 60
19 35 93
11 38 33
37 33 52
28 33 84
32 34 84
35 4 11
17 3 15
1 36 10
19 15 68
14 33 33
18 18 92
12 24 79
10 15 88
17 19 98
3 18 9
7 38 99
38 9 16
9 3 74
25 2 89
24 11 52
25 40 74
36 26 77
15 1 81
36 36 49
19 6 36
34 8 11
5 17 75
29 20 91
33 29 100
32 11 30
28 34 26
16 20 86
17 9 26
34 27 86
5 24 66
1 10 29
38 29 94
32 38 71
11 8 95
19 34 37
8 11 5
19 34 87
26 7 84
17 17 94
14 32 56
28 22 75
32 13 15
4 14 65
29 6 41
33 19 1
36 12 47
22 2 72
19 34 64
26 10 93
6 25 88
32 7 32
32 32 80
24 29 42
26 22 6
30 4 20
38 2 76
21 10 48
39 7 23
31 9 98
31 7 84
36 34 57
28 15 44
40 27 3
21 40 56
37 30 9
20 20 45
32 38 40
35 35 80
22 13 20
23 37 22
16 5 55
13 16 91
10 29 45
17 30 44
6 9 21
8 24 7
22 23 2
34 34 96
28 8 81
34 33 19
3 12 64
27 1 89
3 15 71
6 26 77
2 16 27
5 33 76
20 14 86
17 7 75
4 18 34
15 6 98
11 5 8
16 34 33
17 27 3
22 5 51
15 2 39
13 37 15
2 18 81
39 29 58
6 33 97
19 22 23
35 37 40
25 21 64
28 6 63
12 12 81
7 34 72
8 22 10
27 24 19
2 19 77
3 9 49
6 26 48
13 14 58
35 3 43
34 1 74
9 8 88
18 18 2
20 7 83
17 31 14
5 20 14
8 29 57
38 15 67
32 7 3
35 2 1
9 28 57
9 16 82
15 4 60
24 16 100
19 9 12
11 5 77
6 3 48
35 23 97
17 10 52
20 15 61
9 25 87
37 4 68
34 16 12
5 22 30
13 10 74
9 40 57
16 2 28
38 30 51
6 38 94
25 17 70
14 2 30
37 6 97
32 27 12
19 5 63
22 21 34
12 17 38
21 28 85
30 1 58
7 40 3
3 32 39
21 11 30
11 26 15
8 7 98
7 5 76
28 34 49
2 21 57
10 36 47
27 19 13
16 26 80
34 29 6
16 5 26
38 37 1
34 26 31
8 38 94
20 4 93
18 36 60
10 28 30
21 31 50
13 34 41
22 19 70
15 6 74
8 25 77
8 28 66
26 33 8
37 21 78
19 25 71
31 32 44
24 1 75
21 11 51
34 2 41
36 16 87
3 18 92
37 2 46
12 4 46
6 14 7
8 14 99
9 15 73
6 20 40
7 27 9
1 10 59
7 8 54
34 31 5
26 20 4
12 16 49
15 18 78
33 23 2
14 37 91
28 40 100
8 24 76
1 2 85
34 35 69
23 32 12
15 37 8
40 12 37
37 24 81
37 12 72
19 34 78
27 23 43
15 27 79
35 10 13
3 35 60
35 16 1
32 20 65
37 5 40
15 15 41
22 3 25
14 29 82
10 21 76
32 38 16
12 2 18
13 4 15
6 1 13
3 30 55
11 12 89
24 23 47
24 20 91
37 33 66
33 26 58
7 36 86
40 14 97
4 32 3
20 18 84
24 28 42
30 36 99
28 6 0
11 11 72
6 38 37
39 2 42
35 39 26
36 31 91
18 25 57
7 33 64
11 4 92
34 6 78
20 11 94
20 17 10
35 24 63
20 26 13
16 15 40
13 5 70
8 23 49
4 23 11
14 20 21
3 27 39
35 15 77
37 33 29
19 27 80
16 25 8
5 30 66
34 4 25
34 18 55
12 9 11
25 26 66
25 2 92
25 19 15
32 4 85
34 18 35
14 4 51
1 34 41
8 36 40
31 9 44
14 38 97
35 13 67
3 6 24
27 35 57
23 22 11
24 6 19
12 35 48
9 26 15
23 15 97
9 3 17
16 29 82
6 1 23
9 9 92
20 9 32
5 19 64
22 6 20
39 32 76
15 11 3
30 25 68
39 21 80
7 2 70
12 16 70
12 30 19
4 3 72
1 14 86
10 1 59
19 31 69
10 11 79
32 39 99
15 11 43
13 39 49
1 36 62
28 32 25
16 23 68
24 8 82
12 15 1
15 3 43
34 33 87
29 28 7
33 36 63
1 9 86
2 8 72
18 1 55
14 33 72
20 31 84
23 16 97
35 37 80
13 7 95
38 27 55
6 39 87
8 2 27
38 27 46
31 31 60
22 37 98
19 36 7
25 19 88
6 14 66
6 33 66
22 13 85
15 31 84
11 34 88
20 3 41
12 30 19
25 15 17
36 40 13
24 11 90
14 19 14
24 1 2
10 14 18
3 19 36
32 2 60
36 11 25
40 28 22
19 31 83
22 28 68
17 14 12
38 32 62
39 4 9
9 38 41
23 22 14
33 33 67
23 22 68
34 37 33
40 2 31
9 32 65
28 27 99
2 16 80
37 30 38
14 19 59
13 38 51
31 13 8
21 36 83
22 12 46
14 1 76
14 1 61
36 1 56
15 6 78
33 22 30
16 3 87
19 20 71
36 11 81
6 26 1
18 34 91
11 7 82
23 27 70
17 20 46
28 24 40
39 24 45
26 20 53
25 12 10
9 30 68
37 16 6
37 22 92
6 36 57
13 36 20
21 29 39
28 33 56
36 25 32
1 36 53
18 15 6
36 24 19
3 7 45
39 14 54
2 14 92
23 28 49
18 31 36
1 38 52
9 8 30
36 31 10
14 22 60
16 28 54
13 31 49
22 36 77
1 11 13
11 35 99
20 24 68
28 20 21
5 26 83
40 25 31
21 18 53
35 33 36
5 33 86
13 34 43
5 34 0
40 7 83
13 1 34
29 8 13
14 1 4
4 33 4
16 5 51
6 34 58
17 12 32
36 3 27
3 34 4
37 3 74
9 24 10
18 2 28
33 34 55
1 38 33
12 13 2
26 17 79
7 27 18
18 24 61
37 3 13
7 20 56
29 28 97
28 30 96
35 39 80
9 1 97
5 8 30
18 29 37
23 21 0
1 15 40
23 17 64
5 7 15
10 3 38
7 37 74
10 5 49
28 26 26
31 22 94
37 35 87
23 39 1
39 19 38
27 39 13
18 27 90
12 1 1
20 11 60
10 36 21
15 5 63
8 28 9
18 34 8
39 32 40
8 22 28
7 17 17
9 26 39
24 36 74
12 22 68
16 25 73
34 35 8
14 12 68
33 19 40
14 30 47
7 39 96
23 7 37
27 21 48
26 29 22
22 35 96
18 10 67
38 40 72
39 20 23
15 24 60
23 8 6
12 13 76
31 13 29
31 35 54
30 16 7
16 26 41
1 14 32
21 31 43
12 10 88
29 13 86
32 26 24
22 28 47
11 2 20
20 23 80
3 16 35
33 9 11
1 40 71
8 29 64
10 6 58
26 21 80
24 2 42
7 24 24
40 21 15
12 18 81
38 21 93
18 12 92
26 9 82
32 19 60
7 21 42
9 22 62
16 25 46
18 1 7
37 4 78
40 27 50
21 30 71
24 40 78
40 3 26
24 27 41
38 5 8
33 21 94
21 17 58
40 33 81
16 36 67
36 40 82
21 21 27
37 34 33
16 17 25
40 14 89
17 16 80
26 37 97
21 31 62
33 31 63
1 10 71
31 23 46
25 16 32
35 16 8
1 19 83
9 18 56
18 13 8
13 35 48
1 6 27
12 25 5
7 4 80
3 18 49
20 27 73
18 28 90
15 7 61
12 23 98
13 2 43
31 38 77
39 13 68
13 19 20
40 38 63
34 19 84
18 22 52
13 20 8
6 28 54
7 29 61
20 15 8
35 24 72
16 16 6
8 9 21
23 16 93
32 22 27
27 17 79
40 40 33
4 35 19
4 4 31
5 29 2
38 17 78
18 15 14
32 8 64
33 13 93
35 13 40
35 26 56
39 1 55
15 23 90
29 12 73
39 37 30
19 8 13
18 32 86
19 1 61
17 19 65
36 28 73
31 5 15
3 31 80
35 24 39
38 11 90
33 40 0
17 19 16
23 13 75
7 4 48
3 22 94
39 35 93
34 12 52
33 23 58
14 25 50
6 38 34
26 6 16
3 35 43
20 28 33
28 15 43
27 20 56
9 40 75
23 11 19
40 26 81
32 6 76
13 15 83
7 30 61
21 25 82
1 29 1
18 10 40
30 16 43
9 39 34
37 35 75
17 15 36
32 2 11
22 1 9
11 38 32
3 31 49
18 39 75
6 13 25
25 19 87
5 25 99
38 26 11
29 17 70
34 6 37
34 17 49
21 16 26
17 40 30
32 39 85
39 9 75
16 24 36
31 5 94
29 33 35
33 4 13
21 9 92
6 21 19
6 25 11
36 34 81
34 17 50
7 1 0
14 28 96
14 39 8
13 18 59
15 12 63
16 13 94
33 29 38
1 20 29
15 6 62
29 14 83
16 29 76
3 4 93
12 18 94
20 6 78
19 18 88
1 33 68
35 21 11
7 40 41
27 20 14
16 32 4
35 3 24
17 32 4
39 24 98
38 15 57
20 11 18
30 13 1
6 27 76
4 20 6
8 36 22
37 9 4
38 9 86
36 1 55
27 1 14
32 15 27
3 18 61
38 39 36
8 39 39
6 15 37
3 1 44
16 4 32
30 34 80
40 19 85
30 10 23
39 37 77
6 39 1
35 34 50
19 19 74
31 16 0
20 4 79
19 11 51
32 2 78
34 18 43
19 27 48
27 28 78
12 26 21
11 30 23
18 2 61
21 33 46
37 8 22
37 13 65
16 24 33
39 11 70
7 39 23
11 13 4
26 16 9
13 24 7
10 21 55
5 24 36
35 16 84
31 7 42
4 28 58
28 10 62
2 17 55
13 35 79
13 29 8
25 37 59
17 2 6
9 8 76
35 6 2
2 40 81
10 9 33
19 35 50
21 3 80
20 17 56
2 25 59
4 16 27
5 1 96
19 10 46
12 17 14
14 3 8
9 21 77
33 1 78
14 19 75
38 8 89
36 4 9
12 12 63
15 4 75
40 28 42
14 38 63
2 17 77
17 19 42
8 19 67
35 7 23
30 1 48
28 40 32
24 1 52
21 36 12
30 29 78
7 26 42
37 38 98
39 22 7
10 20 13
20 9 40
2 40 16
35 20 73
26 15 15
16 13 42
22 11 93
27 18 8
23 5 20
32 3 25
6 31 72
14 32 26
34 36 63
4 12 43
14 23 14
36 6 48
32 9 25
29 10 99
36 13 32
20 11 68
25 4 35
32 18 88
27 30 87
15 40 23
13 13 0
16 12 9
11 9 35
1 34 82
9 34 82
35 32 20
3 40 30
22 12 11
5 3 34
8 24 63
2 10 26
27 1 25
11 16 52
4 22 8
7 12 38
8 33 86
21 16 20
38 15 90
16 16 66
34 19 25
10 11 46
3 30 12
20 6 72
20 13 32
5 25 19
11 9 73
9 23 74
28 34 72
17 30 44
33 7 18
33 2 100
24 33 80
5 34 10
35 32 33
13 29 4
33 38 24
5 37 25
17 18 28
28 15 57
38 22 29
40 4 14
39 2 71
19 27 46
21 7 18
3 7 54
29 21 96
21 5 45
39 39 95
11 35 6
33 15 57
6 15 63
23 16 89
18 20 61
3 21 32
21 30 54
20 14 43
37 12 7
8 23 90
9 35 60
25 35 88
32 2 97
9 34 62
21 3 23
23 12 52
32 40 55
2 29 3
16 25 82
4 37 13
30 20 70
2 20 28
23 12 32
39 6 61
21 12 56
4 19 31
15 27 41
30 13 48
20 35 67
26 40 67
15 1 17
10 38 39
29 4 21
26 35 27
2 2 84
25 27 98
4 37 50
13 11 31
16 16 25
10 22 53
18 13 84
13 4 45
11 4 77
31 17 43
30 6 42
24 5 69
2 7 97
12 9 40
38 39 93
38 35 72
25 38 34
15 33 87
24 8 87
16 32 61
16 3 81
40 15 99
36 23 95
18 1 14
35 1 72
19 27 23
25 6 94
8 4 14
37 38 78
12 31 66
29 16 89
32 13 52
12 25 93
15 31 97
2 37 61
16 23 12
38 10 20
24 32 21
12 1 74
5 29 34
31 19 6
16 13 79
39 30 88
19 7 19
38 15 78
35 18 85
7 29 64
32 35 39
32 24 75
15 2 47
15 28 54
20 7 44
23 6 97
34 9 20
30 7 98
23 40 93
9 37 93
24 10 69
11 9 96
23 18 54
25 16 71
19 24 56
1 35 17
31 37 36
28 6 1
18 20 94
14 36 53
10 38 55
32 22 44
36 23 99
24 40 38
29 25 54
9 26 27
20 10 52
36 2 99
9 22 18
6 10 44
12 37 62
39 39 95
37 1 61
10 15 61
4 11 59
40 24 58
33 15 70
17 6 44
38 8 97
4 23 68
26 37 39
26 38 54
29 36 21
38 32 94
34 4 30
14 26 58
2 26 33
16 15 97
10 22 32
25 26 63
31 38 62
10 10 89
12 35 16
17 31 72
3 38 22
35 3 69
33 8 4
9 24 13
35 29 32
26 32 100
5 13 99
34 6 97
28 24 89
33 9 90
32 11 43
35 38 96
34 22 52
22 24 92
6 5 9
3 33 60
6 14 85
21 19 38
20 20 27
23 3 2
12 11 34
37 4 64
1 23 12
7 20 26
15 9 59
22 21 1
40 32 48
1 1 81
19 24 37
10 16 43
12 32 30
3 19 49
20 22 21
6 17 92
35 1 86
16 32 31
1 5 3
1 8 69
15 39 18
26 37 53
5 25 21
6 29 39
40 12 42
6 35 28
8 9 19
14 14 57
27 3 8
20 2 49
35 16 32
39 38 75
23 28 36
17 25 78
19 37 73
2 35 40
38 34 100
25 17 79
32 28 33
4 28 87
38 39 42
17 39 99
39 9 21
39 31 95
15 6 5
36 13 92
5 23 10
34 16 65
34 34 100
21 40 45
12 23 64
22 1 48
40 17 63
16 6 54
29 6 56
13 19 16
13 22 68
7 25 52
37 1 20
37 21 65
2 34 91
18 34 89
3 22 74
35 8 78
39 25 41
30 15 16
9 6 17
1 16 17
16 13 13
18 23 40
27 21 96
28 3 93
9 1 23
38 8 9
1 36 79
11 33 33
4 9 29
33 9 86
13 32 97
36 27 79
19 27 51
15 17 14
31 4 24
20 21 32
40 5 43
14 1 60
24 15 25
28 11 77
26 4 80
24 23 5
4 37 76
39 36 31
8 1 56
21 16 23
5 27 36
5 33 80
19 25 24
4 18 51
8 6 61
5 18 44
40 36 5
33 29 56
17 10 24
35 22 39
39 28 53
11 10 49
22 3 37
11 1 55
17 14 64
26 4 88
4 24 73
26 7 57
1 27 44
35 26 93
10 20 12
30 21 76
7 35 99
40 15 49
36 27 3
21 28 59
1 28 90
24 37 74
4 12 71
17 6 81
23 6 80
7 1 70
2 5 33
2 24 46
17 8 65
8 16 8
38 35 12
17 11 29
12 35 50
8 10 92
16 18 39
6 32 32
23 15 44
26 23 100
31 21 92
8 34 64
25 32 49
38 6 23
35 37 25
36 4 57
19 10 87
39 25 30
15 19 68
39 11 92
12 40 94
9 27 24
30 18 2
3 1 82
24 37 62
40 34 87
21 32 57
16 1 47
36 27 15
27 5 16
12 37 68
17 24 74
34 5 45
31 4 10
26 7 95
25 30 39
30 3 53
13 9 33
1 33 95
40 13 59
21 6 61
37 18 90
8 13 98
21 32 71
17 30 1
6 23 92
27 12 25
38 35 67
16 40 87
29 30 73
20 19 45
19 24 49
40 11 20
10 3 5
15 5 74
22 14 52
28 38 11
9 14 18
10 19 48
9 12 72
13 2 92
5 13 20
33 24 33
21 7 95
17 14 51
28 37 75
13 27 42
7 5 98
26 27 42
14 12 86
30 7 88
33 11 90
19 34 19
20 6 91
23 36 77
38 16 96
39 15 13
21 33 59
37 32 34
20 9 10
1 28 54
11 31 59
31 33 11
13 34 76
30 35 97
24 11 33
36 12 6
2 22 54
31 26 4
6 15 90
16 24 21
18 28 1
18 27 15
17 15 7
7 13 9
1 36 72
18 40 68
35 21 13
30 35 7
9 12 87
9 17 75
28 34 77
40 12 53
40 27 78
8 38 87
16 31 20
38 39 14
14 7 67
30 31 54
5 18 63
28 5 4
28 6 42
11 14 1
31 33 25
4 27 51
11 35 58
40 19 66
4 29 71
23 24 32
27 8 58
18 28 60
15 28 66
16 34 19
30 3 95
7 34 69
12 4 77
14 31 68
3 27 0
34 18 83
11 40 36
19 2 54
25 24 46
23 16 33
6 32 52
10 7 65
34 11 58
24 28 82
8 12 43
23 25 59
32 27 19
25 1 68
37 5 11
21 21 75
9 35 48
24 7 40
23 18 1
5 38 58
29 40 40
2 9 0
39 18 99
24 29 18
21 27 16
17 14 47
40 1 59
36 10 48
5 8 13
35 36 9
16 21 97
36 11 67
12 25 12
10 9 85
39 34 46
31 15 60
37 36 72
27 10 27
31 32 80
38 29 36
26 22 50
30 1 75
2 26 67
2 12 24
24 18 96
36 6 80
25 28 84
15 33 76
4 39 52
8 22 87
39 23 15
12 19 45
35 6 21
2 27 98
28 5 18
8 19 72
23 7 64
25 27 88
29 37 24
35 3 79
28 35 31
9 3 76
2 33 4
34 28 57
28 5 67
34 3 63
6 38 41
29 30 18
14 23 20
18 40 93
40 3 46
25 4 19
25 32 55
33 20 90
26 24 46
6 26 88
9 4 46
9 5 87
32 5 27
35 17 23
36 6 4
35 4 56
18 21 88
34 36 36
22 27 62
5 33 82
5 2 54
26 29 41
31 22 19
1 14 53
31 36 63
20 39 44
31 38 27
15 22 77
22 11 10
30 19 75
34 34 61
21 40 12
1 21 16
6 1 36
35 21 4
25 6 93
25 20 58
30 17 4
40 3 57
7 18 99
14 33 79
40 32 90
15 7 31
27 34 65
33 22 62
3 14 27
23 21 93
1 26 67
20 40 35
27 25 69
13 21 79
8 7 3
16 8 48
7 16 9
1 20 82
32 33 70
2 13 23
10 37 44
38 11 90
33 19 3
37 12 94
29 26 47
26 30 21
31 5 24
35 11 61
27 31 32
7 8 96
37 27 15
28 25 46
34 38 22
34 7 23
12 38 26
1 34 10
38 5 37
38 13 16
27 10 66
39 7 77
23 5 81
24 14 36
30 7 38
29 4 70
23 39 98
18 3 47
7 26 40
3 8 63
3 22 3
9 19 36
11 9 13
39 18 97
34 10 40
37 30 13
19 40 21
3 19 1
14 32 89
22 1 7
30 33 94
5 8 60
26 18 43
23 20 20
34 37 78
24 25 56
19 39 43
12 27 4
32 27 51
6 7 31
23 12 99
2 6 76
4 4 18
11 17 31
18 37 72
33 10 87
31 36 91
32 13 100
40 2 88
36 13 99
31 26 97
36 10 83
26 11 87
7 28 48
34 15 10
21 17 20
13 21 60
27 8 1
23 5 70
28 21 56
29 6 6
17 4 14
10 27 19
8 31 93
8 14 17
7 35 67
35 33 20
5 13 58
7 36 74
16 37 32
18 4 0
30 6 76
32 16 7
39 12 93
7 10 28
24 34 55
14 19 74
25 1 29
18 11 47
19 22 27
9 30 20
12 27 23
26 39 2
4 11 10
9 29 62
25 4 67
5 33 42
11 11 77
38 31 93
15 22 66
34 36 70
15 13 46
20 18 93
23 29 68
28 18 98
26 32 35
8 21 17
29 12 80
14 26 13
12 5 39
20 7 63
5 1 22
5 13 55
18 39 24
31 32 62
9 17 56
21 15 76
27 4 48
15 3 50
31 33 80
31 36 32
23 2 50
11 35 91
3 5 70
14 38 15
3 31 71
3 8 71
14 17 25
33 31 36
18 38 96
9 9 94
14 28 24
14 12 15
19 33 32
33 1 31
31 35 26
6 4 29
4 21 58
14 38 20
28 10 59
19 7 51
22 7 10
3 15 96
18 33 73
36 9 45
18 32 3
36 7 23
21 8 63
5 9 21
2 40 82
9 23 53
22 1 90
15 25 70
1 19 61
39 40 8
10 7 45
11 12 19
28 36 7
24 1 95
38 9 36
32 8 78
29 11 50
38 20 81
6 24 3
21 8 78
7 8 46
13 32 94
10 34 82
13 33 15
10 20 27
3 15 16
11 29 67
15 24 57
22 8 1
19 5 100
10 40 66
38 12 55
22 25 84
33 23 17
31 12 20
17 15 98
2 20 97
1 19 25
25 9 43
23 18 90
32 35 51
34 23 95
26 32 11
30 9 23
4 19 86
5 23 53
5 29 99
3 29 99
17 38 57
8 22 39
24 7 39
10 20 4
20 28 87
8 11 42
28 5 58
24 1 60
35 31 4
21 15 11
12 8 19
3 25 78
16 22 60
13 5 37
15 37 65
24 32 18
3 15 82
23 13 34
4 17 41
8 20 16
36 28 3
19 31 96
8 15 54
10 24 18
38 28 1
9 33 88
28 21 92
39 14 65
28 38 90
2 16 5
16 39 93
32 27 86
19 23 83
12 26 12
24 16 72
29 1 22
14 31 27
5 22 24
9 21 12
37 9 66
32 29 46
28 14 25
16 31 93
18 15 90
18 10 58
10 5 13
27 31 16
12 29 22
40 34 59
11 6 28
32 13 46
26 4 67
25 34 85
31 5 85
33 25 72
39 22 88
25 32 94
8 33 38
25 15 64
3 33 6
13 15 25
29 2 51
14 30 82
9 6 76
14 26 35
33 16 14
14 9 53
25 22 31
15 38 8
12 9 82
18 3 36
39 11 40
40 4 4
12 23 90
33 37 20
13 17 95
16 38 86
35 1 71
35 20 51
26 26 3
31 29 22
18 1 15
16 27 65
13 28 12
3 13 91
25 28 1
24 17 79
39 36 29
2 15 1
25 20 12
11 37 66
39 6 40
4 21 19
23 6 25
18 27 11
32 35 56
3 23 70
27 28 18
9 27 41
37 32 8
5 37 42
19 23 42
15 5 52
39 5 91
18 5 26
32 3 52
24 29 93
14 31 19
12 39 53
37 30 92
28 32 80
17 39 53
22 24 24
34 12 80
26 12 34
9 29 95
36 25 44
11 10 44
1 19 89
3 21 76
21 2 95
6 22 89
11 9 93
24 15 80
18 30 15
2 19 5
6 2 10
3 12 68
11 24 86
39 33 64
32 29 0
3 18 8
36 22 10
35 17 22
21 10 14
35 40 27
10 12 54
20 32 74
14 30 60
4 38 19
21 9 92
40 13 96
33 4 99
19 30 10
39 37 63
19 25 67
19 36 99
27 25 31
26 17 38
18 7 99
3 29 49
30 18 63
17 33 38
5 23 60
36 34 98
28 38 70
7 1 81
21 32 7
33 38 91
31 23 2
8 36 30
3 14 53
34 16 4
34 7 64
36 33 67
9 4 29
33 12 13
9 11 59
23 24 25
16 17 31
21 4 27
3 35 77
29 12 53
34 34 43
35 27 86
35 29 68
12 2 82
23 1 86
39 11 10
17 30 15
25 21 34
16 14 41
8 18 39
6 37 27
8 4 94
29 37 35
5 36 91
38 31 81
14 2 2
20 40 85
34 11 46
29 23 3
24 21 92
26 7 55
14 31 36
19 20 80
5 34 33
34 24 59
27 16 71
8 22 99
26 16 75
11 22 13
8 14 60
23 37 99
39 17 8
7 18 33
16 20 1
30 15 70
14 11 68
28 33 11
20 9 30
25 17 19
40 35 66
38 12 37
9 4 73
1 16 6
15 26 15
34 34 34
26 40 41
35 10 6
17 3 87
18 3 32
20 26 55
38 35 66
34 18 7
25 22 99
20 35 83
20 1 42
15 35 3
19 20 94
37 37 39
26 25 62
32 15 30
27 21 22
7 27 81
35 38 19
22 17 50
27 18 3
38 14 91
17 35 12
20 28 55
27 26 83
23 23 26
33 36 90
31 22 37
14 4 40
20 20 95
31 22 40
23 28 56
8 16 93
37 11 75
37 6 71
7 2 61
32 1 81
2 18 77
21 30 34
36 19 58
8 2 82
27 30 42
36 10 10
13 13 40
17 35 9
36 21 5
2 20 62
17 28 14
37 23 78
39 26 70
4 11 100
8 34 90
5 4 32
40 30 78
13 2 41
31 14 22
22 20 0
39 5 73
36 17 50
31 30 20
16 17 94
33 25 84
18 8 71
19 30 62
9 17 61
40 14 75
17 31 24
27 21 72
4 39 2
27 34 54
31 5 8
10 14 70
33 22 61
20 21 20
3 23 22
19 29 79
21 17 68
14 5 92
21 17 17
1 34 48
5 29 9
30 18 65
11 25 28
35 32 62
10 35 35
40 39 74
4 21 57
28 8 95
27 26 32
25 29 56
7 5 0
24 35 61
18 21 29
16 33 51
29 18 40
34 32 74
5 26 2
27 16 85
24 34 40
13 29 89
34 6 8
23 31 13
3 28 37
40 28 16
8 10 62
29 11 27
30 17 92
4 31 21
4 19 21
18 36 48
32 30 46
5 29 45
3 34 64
18 30 61
13 8 17
37 2 17
34 10 67
12 4 70
17 22 8
18 40 40
26 31 8
26 10 66
15 8 20
32 16 72
14 8 69
38 25 40
39 21 93
22 8 30
36 23 95
21 3 3
22 22 23
36 20 99
23 32 49
33 36 63
39 35 21
35 40 13
13 30 72
15 4 86
3 7 8
15 11 43
39 33 9
37 11 62
13 6 69
15 26 15
18 26 0
27 29 13
1 26 9
40 3 30
27 30 22
10 38 42
7 4 99
28 21 76
13 33 23
17 22 1
23 27 61
24 39 38
17 33 22
24 34 29
5 36 75
19 27 62
12 23 29
28 24 89
12 21 0
18 14 10
33 11 11
21 29 94
8 28 14
3 28 23
17 36 40
25 7 23
24 4 39
10 9 90
22 38 63
34 39 50
4 17 6
19 12 64
23 25 95
30 3 32
5 5 72
4 35 95
23 1 34
7 5 47
15 35 80
31 12 60
34 4 35
20 21 71
10 24 52
8 16 15
21 17 90
37 25 27
31 11 33
26 15 99
32 34 12
5 27 56
29 34 29
16 15 52
7 1 25
28 17 80
21 39 19
18 2 54
3 37 85
37 25 76
10 20 28
21 28 75
26 35 0
33 40 65
33 22 83
9 30 91
26 6 31
28 40 87
7 6 97
22 7 23
14 33 75
11 39 25
8 9 57
21 34 98
26 8 67
25 3 89
12 39 2
21 23 27
4 20 59
39 12 77
9 19 18
6 31 62
29 16 64
18 20 77
25 2 91
19 16 73
7 22 57
11 1 78
39 7 93
17 10 60
40 13 85
34 25 87
13 23 95
33 38 85
29 5 29
33 23 90
32 33 23
19 19 92
21 16 14
8 10 5
27 29 5
38 14 51
33 38 57
32 24 0
36 11 88
17 22 42
13 4 4
31 5 78
38 29 94
15 23 71
40 9 7
11 20 52
13 25 80
6 34 71
4 2 17
40 33 85
26 5 94
28 32 43
17 17 11
9 11 29
26 19 41
38 14 38
11 39 83
8 13 7
22 19 36
23 15 75
26 37 48
15 8 40
39 25 53
8 12 58
37 15 60
29 2 71
38 15 45
13 13 32
34 9 30
34 37 80
37 32 79
19 27 87
34 2 100
3 24 68
34 31 87
14 26 11
26 10 1
31 4 63
24 38 70
34 34 38
28 21 20
30 36 67
15 21 73
20 25 51
22 14 35
16 26 55
31 33 24
26 14 32
8 4 88
1 37 100
1 13 24
4 19 72
35 1 42
15 26 68
40 24 1
17 20 77
10 37 97
15 7 28
13 39 90
38 31 42
12 26 85
23 23 50
34 12 91
13 14 75
17 27 67
38 20 99
4 38 17
36 3 85
40 37 98
35 10 49
10 40 43
23 20 74
7 11 37
19 19 71
10 6 91
23 24 8
6 1 11
26 20 60
31 30 52
25 3 32
15 7 72
21 26 28
9 9 9
20 38 71
12 28 86
10 39 54
3 24 97
9 28 28
30 27 70
40 36 77
35 37 37
18 38 75
3 10 49
40 38 85
16 38 34
4 26 93
20 36 85
36 29 16
3 2 99
13 15 98
19 4 40
17 17 86
4 16 53
28 35 83
32 26 41
23 35 100
25 14 35
38 1 43
35 12 64
29 34 34
7 24 87
25 11 73
25 3 69
4 29 69
2 7 18
27 24 38
17 37 44
31 20 13
4 25 71
32 38 90
15 6 38
4 1 74
29 2 16
31 30 47
1 6 90
6 12 38
17 28 72
24 20 72
32 39 97
29 12 74
26 33 20
28 8 26
2 7 63
29 10 78
22 3 59
30 17 63
28 31 24
9 35 17
29 37 21
1 37 8
16 2 55
17 20 48
26 13 41
37 23 32
3 38 82
17 16 5
30 7 53
17 15 12
7 4 71
11 30 95
24 37 57
16 26 34
35 27 72
38 33 37
29 25 80
9 29 94
4 19 15
40 20 47
36 4 18
6 30 91
12 20 9
17 8 33
40 40 48
38 11 19
9 9 88
23 29 65
29 4 17
9 3 10
30 27 91
9 32 42
28 6 92
19 35 73
14 11 86
15 2 55
1 28 82
18 21 37
3 13 72
10 36 27
1 6 94
13 13 100
3 14 7
20 23 78
30 39 89
15 25 28
29 15 59
18 6 40
30 16 6
17 2 72
9 23 71
19 13 32
39 20 40
28 4 71
12 16 94
6 18 65
31 8 24
33 21 93
38 32 28
8 2 19
14 32 90
30 40 14
23 6 57
5 18 53
22 29 11
14 5 29
18 1 97
11 34 92
9 3 23
24 21 56
11 1 69
27 21 34
35 39 96
33 30 78
5 12 86
25 4 78
12 15 0
5 2 36
10 10 99
11 13 14
20 21 4
11 23 56
13 29 41
16 9 97
38 35 54
28 7 80
12 36 86
12 4 46
37 4 69
38 1 34
31 5 84
9 29 47
32 25 37
2 37 62
25 33 58
7 9 85
7 32 78
40 25 89
16 17 66
28 40 77
16 24 35
18 36 6
24 8 64
36 21 32
31 21 92
6 38 95
32 6 26
13 27 39
30 1 32
6 21 15
17 3 6
30 9 50
23 27 4
3 30 45
15 16 50
26 18 26
8 38 29
11 18 32
3 24 84
17 7 61
34 8 77
28 37 2
28 36 45
32 19 86
4 12 22
37 33 33
40 7 39
13 37 32
16 40 11
3 35 83
35 28 14
7 16 14
29 3 37
25 32 47
8 14 14
14 10 35
22 22 90
14 20 68
8 27 38
26 38 43
7 37 21
40 3 19
4 20 9
38 8 94
18 37 67
17 28 54
13 3 61
40 1 90
13 6 86
2 14 87
29 15 51
14 29 3
15 2 21
13 24 25
11 21 92
21 13 4
37 29 9
7 7 3
27 20 60
9 39 45
36 16 60
25 2 63
27 5 99
10 27 89
25 40 0
11 14 87
21 11 39
28 40 65
17 33 77
16 40 87
33 12 19
9 32 0
11 15 8
15 40 97
32 39 52
24 5 50
22 33 79
9 6 21
8 13 76
5 28 38
39 23 96
10 6 46
21 19 14
1 34 75
25 6 51
37 20 1
22 34 91
16 22 7
21 1 66
32 30 45
14 37 97
8 10 33
10 22 97
39 39 3
19 3 14
14 10 67
25 24 49
8 22 76
12 6 24
30 5 52
1 2 14
39 11 10
30 38 60
40 16 56
18 33 36
39 5 92
36 32 90
7 18 84
5 16 50
30 21 4
40 33 36
31 2 6
2 3 84
28 1 60
3 17 66
28 25 84
6 35 92
14 9 0
5 16 100
36 29 32
34 20 60
31 31 25
19 16 37
15 6 64
37 15 23
31 5 97
4 1 99
36 12 0
14 34 55
30 8 10
18 16 16
24 37 33
13 34 42
26 10 66
23 5 34
18 8 88
28 37 48
23 23 44
19 3 93
33 1 14
13 3 23
23 33 82
30 12 22
22 15 10
19 6 24
32 1 23
9 6 62
29 7 46
37 25 44
14 22 61
3 9 65
40 26 46
20 26 60
9 35 6
12 28 84
18 25 62
11 13 67
2 24 54
13 18 25
11 30 22
24 12 46
33 5 34
10 35 29
17 33 55
30 34 74
33 39 55
15 39 8
20 34 5
26 21 88
5 36 89
15 30 46
16 13 21
10 30 61
23 30 51
19 22 53
2 29 52
16 2 45
19 4 76
5 34 20
28 24 87
12 30 88
19 14 93
39 39 22
3 16 51
27 8 37
12 40 44
32 17 53
36 4 8
23 12 82
4 5 10
36 40 8
30 13 50
14 13 100
39 37 33
7 26 39
29 7 69
4 25 2
28 28 47
31 7 38
21 15 54
24 29 4
21 1 55
11 25 49
20 12 41
32 33 57
2 23 30
9 20 87
32 40 12
4 28 23
12 5 2
5 3 25
19 2 37
40 20 78
4 27 76
39 35 96
39 12 83
10 3 64
11 23 93
31 2 78
36 21 45
38 25 48
23 4 19
27 12 1
26 20 82
27 39 45
9 7 42
39 9 86
6 15 38
21 27 96
14 31 81
36 38 68
13 37 8
20 32 44
34 12 70
21 11 14
14 16 67
34 3 30
21 11 59
3 4 21
13 29 57
37 29 90
16 33 34
35 27 24
40 28 38
5 6 45
18 28 60
29 30 98
39 40 8
28 17 14
18 13 100
28 32 0
12 15 70
17 4 74
20 21 55
19 6 96
6 20 99
31 37 62
12 12 37
29 15 75
23 34 29
23 17 100
26 27 68
15 8 28
8 2 77
36 7 59
8 17 52
12 5 69
37 24 51
4 31 26
36 18 97
4 16 93
3 14 35
19 19 25
18 32 46
11 34 30
20 28 36
9 35 100
22 30 66
14 38 32
34 14 28
8 21 64
10 17 8
36 31 81
28 26 38
38 38 92
5 4 11
5 16 22
18 14 68
1 27 85
16 25 43
29 8 75
40 40 21
10 14 35
10 2 88
16 12 44
34 20 2
1 24 98
31 20 18
21 17 53
37 16 3
7 26 15
17 13 22
17 21 76
17 38 78
16 39 64
30 24 59
22 6 16
16 9 89
7 33 24
12 10 86
20 17 91
31 20 75
20 37 91
6 18 58
17 36 93
15 33 65
13 34 62
4 4 2
19 37 52
27 32 34
37 14 95
13 14 27
20 6 17
30 12 97
36 32 100
30 27 93
24 11 24
18 12 59
28 36 15
35 1 81
36 12 23
29 33 93
24 35 98
24 31 35
5 27 88
30 19 99
21 39 90
6 24 41
5 17 24
13 20 58
11 3 82
13 33 78
16 29 53
18 33 14
1 14 73
29 13 82
4 38 22
11 38 20
10 40 72
17 19 65
17 30 93
36 16 30
4 31 28
21 23 5
35 40 1
10 8 49
9 4 69
18 19 2
8 27 70
26 29 54
17 7 67
33 37 46
35 25 47
16 15 44
31 3 98
13 13 57
16 5 80
15 23 94
33 38 38
4 6 1
28 33 58
3 29 15
8 28 10
9 8 76
29 40 89
37 2 46
34 31 91
25 15 9
21 18 71
4 21 34
13 39 34
14 33 53
