54
757
40 3 18
49 32 27
6 32 1
54 39 22
41 25 92
27 21 91
33 30 83
45 14 64
9 12 4
16 45 96
35 44 56
42 53 25
39 32 95
9 24 18
36 42 21
25 34 55
30 39 15
52 48 76
43 8 99
40 30 90
25 2 19
48 1 67
3 6 65
45 48 18
8 39 88
46 5 74
44 32 63
44 50 64
38 4 7
28 8 46
13 43 31
6 12 3
46 53 43
50 38 88
5 45 80
14 41 73
40 30 68
2 30 20
54 34 9
17 40 30
11 38 34
28 3 86
8 46 68
4 46 71
40 25 13
28 21 18
47 40 65
31 22 5
3 7 24
21 28 93
46 18 5
19 17 67
22 23 33
33 50 42
39 53 19
13 6 92
13 25 1
12 18 82
5 33 75
48 10 96
51 14 97
36 52 94
43 45 22
14 9 38
46 39 16
42 7 70
28 1 99
39 11 49
22 41 79
21 3 95
2 48 94
28 4 61
26 38 62
33 21 27
50 3 51
41 3 63
7 17 33
2 35 21
32 51 56
11 30 86
12 51 72
12 36 81
33 44 48
25 46 61
48 40 83
10 46 43
48 34 39
18 53 42
26 47 62
52 31 37
18 16 31
34 50 53
45 9 48
7 12 66
40 27 77
17 6 17
32 46 93
17 37 0
18 52 14
11 48 91
15 48 4
36 14 86
51 49 73
25 3 67
12 25 73
49 10 4
49 9 29
12 6 80
19 22 71
36 33 43
10 12 60
41 33 76
40 39 86
51 15 48
6 48 37
33 27 50
18 22 32
3 20 87
5 38 30
28 49 80
9 20 51
17 31 33
44 7 36
19 22 76
50 50 91
21 47 47
48 53 52
12 23 49
3 18 20
7 3 19
9 51 39
26 7 61
12 24 46
2 28 6
1 54 69
18 10 13
14 7 96
1 6 69
12 51 35
12 28 73
36 12 13
48 16 86
22 33 76
13 16 59
21 19 86
43 12 16
4 18 37
12 54 35
30 26 68
32 11 31
43 36 79
13 54 72
5 15 98
41 22 28
1 33 1
42 44 80
37 43 19
23 23 8
26 38 37
30 39 39
15 29 45
32 37 81
18 42 42
7 37 53
25 29 23
37 17 7
22 13 85
24 35 13
50 38 5
45 10 34
11 7 11
51 38 71
8 19 18
38 12 42
28 25 33
19 32 19
52 8 93
41 5 22
51 26 72
35 34 47
35 34 96
13 5 71
21 40 55
10 3 31
39 46 73
3 27 42
33 14 47
54 18 59
18 10 3
39 54 14
14 23 54
31 42 0
22 12 7
46 49 53
49 44 52
38 41 84
27 50 79
43 13 80
16 26 7
13 21 34
12 6 22
26 39 78
20 26 5
49 3 82
39 27 12
31 30 94
12 21 96
19 34 42
22 45 16
34 22 16
47 10 24
3 3 42
4 10 41
23 49 42
15 48 13
5 32 28
2 9 96
13 33 61
26 34 0
30 3 82
54 36 80
16 13 13
21 6 59
8 32 43
34 28 43
44 46 18
33 48 54
32 2 98
11 54 74
30 48 52
40 18 6
18 54 96
36 10 13
20 20 42
24 44 73
5 49 87
8 31 95
30 53 10
36 13 60
12 40 16
38 26 67
50 25 62
37 43 33
32 22 3
30 7 53
35 30 17
42 47 88
49 45 80
32 13 29
32 42 32
39 12 96
16 4 93
30 50 56
36 22 48
27 1 38
43 19 80
13 53 82
7 27 74
49 19 91
6 33 67
40 44 91
10 54 94
44 9 34
25 43 65
19 31 88
9 8 33
20 49 79
44 30 44
54 30 32
10 45 53
23 8 56
28 27 29
51 32 47
52 20 39
52 10 96
12 16 39
13 4 96
19 2 11
8 11 99
36 36 57
31 51 82
36 24 71
32 33 77
28 21 15
42 41 11
47 20 45
35 35 12
36 27 26
32 29 50
13 35 30
51 4 65
23 3 90
34 1 29
49 18 12
28 8 24
27 43 65
1 49 3
44 19 22
16 32 96
43 13 92
37 33 64
26 52 69
31 29 45
27 35 73
13 1 57
43 6 39
50 39 68
46 42 88
29 13 59
1 23 76
34 9 46
31 39 83
37 5 6
16 17 53
33 22 96
47 52 49
11 10 94
27 27 23
22 43 36
30 34 98
7 27 70
19 48 10
30 26 35
35 22 88
39 52 14
54 43 54
44 10 98
25 38 69
48 34 60
29 34 42
30 39 1
8 9 39
24 1 99
1 44 96
34 3 21
54 8 37
46 1 89
14 25 70
30 17 62
13 18 9
10 29 48
10 49 0
23 42 15
53 18 30
14 19 4
30 25 20
25 9 9
24 41 69
14 16 22
31 44 91
39 27 95
48 29 13
20 31 59
22 39 55
17 25 18
38 7 14
9 32 88
38 16 4
32 51 52
28 53 0
46 8 6
42 52 93
37 6 86
20 27 78
17 12 15
49 24 61
29 34 13
29 10 17
4 15 33
52 2 50
26 21 49
3 50 94
15 27 94
19 37 17
35 47 73
19 28 24
9 14 18
43 14 79
2 27 85
36 33 26
8 19 87
40 46 42
2 5 7
42 13 92
48 46 27
10 21 15
26 25 89
27 9 46
26 28 13
17 48 89
40 46 72
52 39 36
16 37 33
15 34 36
24 34 43
21 17 71
11 44 63
38 23 80
39 25 82
15 5 8
16 44 75
14 16 16
5 47 58
46 52 57
12 15 41
4 4 95
21 1 70
17 54 42
48 17 39
35 23 98
24 2 97
21 21 49
50 39 46
3 42 64
15 7 26
49 52 54
21 45 84
7 1 59
1 21 80
41 47 86
25 53 74
6 36 71
4 8 24
12 42 3
14 22 79
2 14 99
43 10 77
25 38 61
44 25 63
29 51 58
3 1 19
53 24 7
52 4 94
15 27 16
24 11 76
5 16 41
40 39 62
47 27 42
38 30 36
34 12 12
25 44 2
53 54 9
53 23 26
45 46 45
26 53 30
8 17 31
40 25 36
35 6 22
32 22 30
29 29 66
32 38 81
8 7 66
15 46 73
23 44 53
18 43 57
49 36 81
17 19 26
17 45 70
47 36 99
16 35 66
39 4 3
2 43 89
45 1 52
6 2 11
35 47 65
50 41 14
16 19 45
5 13 15
50 14 42
19 21 4
32 32 91
11 17 14
27 2 88
51 19 13
8 17 65
34 41 94
29 41 39
10 42 5
13 11 54
54 18 21
19 45 66
23 39 32
31 21 40
9 10 43
21 36 34
30 31 79
15 29 3
39 35 100
33 25 2
36 33 5
2 53 25
50 8 82
14 33 46
18 15 55
46 24 39
38 44 20
50 24 60
45 53 85
7 43 68
5 31 75
9 52 94
5 17 71
53 53 30
4 6 81
12 4 20
52 10 71
36 20 9
43 42 54
33 50 44
42 54 40
3 40 30
33 24 77
31 42 84
31 8 66
1 51 65
14 43 100
34 31 3
47 16 26
31 46 78
29 34 42
49 29 82
47 12 25
46 3 86
44 5 80
36 11 21
6 19 28
18 31 73
26 52 37
29 20 44
25 51 21
6 29 6
11 27 41
9 33 43
36 49 66
43 21 35
23 8 93
21 52 73
39 28 6
24 15 66
40 31 61
4 21 87
6 27 78
45 38 48
40 25 15
12 16 72
31 14 90
39 19 17
40 9 47
7 21 44
39 21 18
45 2 77
19 14 43
27 17 84
54 32 9
4 44 13
45 19 7
52 9 29
28 26 71
51 50 76
43 47 64
12 36 79
54 12 27
7 4 76
24 37 64
54 30 43
39 46 54
47 11 71
31 37 87
19 33 61
8 39 11
32 40 47
13 40 25
7 15 76
47 14 47
42 53 23
18 34 65
20 45 14
39 15 41
9 7 20
44 50 21
19 30 41
26 19 13
35 6 83
16 49 86
17 20 71
20 54 7
37 14 51
12 42 91
54 47 42
14 41 32
45 16 7
35 7 5
45 39 20
21 12 22
41 24 53
38 15 16
1 44 62
47 51 39
2 32 84
54 36 48
4 44 46
25 25 39
24 27 75
27 44 35
43 44 95
13 51 69
26 42 5
51 20 58
9 11 91
6 16 72
27 18 52
31 11 88
4 8 1
28 41 8
30 49 57
37 33 9
43 12 53
32 3 28
46 18 48
31 6 28
26 50 1
29 45 51
32 39 57
36 28 67
18 17 22
19 11 39
14 11 72
42 45 1
51 2 91
41 3 64
2 27 2
16 40 14
3 14 36
7 41 6
26 13 78
4 18 56
49 20 94
51 38 52
1 28 75
42 19 25
45 35 76
33 12 47
35 26 51
54 29 33
23 50 48
15 14 42
3 51 46
50 6 0
54 13 85
27 35 48
51 3 63
51 6 0
48 53 18
4 51 57
12 29 48
6 54 57
38 33 30
21 13 26
35 20 21
20 22 47
43 29 39
3 5 9
32 33 41
12 14 76
20 28 83
50 51 97
26 41 94
50 38 27
9 27 96
11 17 95
47 48 47
36 21 0
36 41 39
45 43 45
10 35 11
52 50 76
46 12 29
8 31 91
30 32 79
32 47 0
30 39 67
14 3 4
29 21 61
40 25 61
32 49 76
5 48 67
15 17 35
49 44 85
3 9 88
40 11 43
33 29 52
1 25 7
52 12 40
24 5 98
20 22 93
34 15 72
38 5 84
45 37 56
18 43 65
24 21 69
4 44 94
42 8 83
2 48 69
6 29 18
1 32 46
10 30 60
21 24 86
13 46 59
7 2 9
31 27 68
27 50 67
20 2 1
37 43 44
12 46 2
22 21 16
41 42 40
41 37 26
20 4 87
35 50 7
33 18 61
28 50 31
24 45 67
29 43 71
11 51 65
6 38 44
33 8 89
54 6 38
32 30 97
16 16 82
7 53 94
10 6 46
20 39 73
52 8 50
50 7 92
51 40 19
12 3 15
21 26 58
42 50 99
14 50 86
27 11 52
21 3 77
54 51 30
10 45 5
8 27 45
10 30 7
4 52 7
30 5 10
11 36 46
20 22 94
9 24 11
40 26 87
23 9 99
20 14 97
15 37 86
28 41 41
14 13 26
15 9 23
