100
100
-722 1936 -15850 -9832 -14550 713 543 8263 -11407 -13722 7836 -12357 14880 -12086 5298 -59 4288 -1552 4616 5440 12951 -8930 -2770 -9193 15015 -337 9890 -9126 9535 -12286 -12167 2175 12079 -7288 6815 711 10403 -7438 12739 -10318 4504 -2688 -293 11167 -2580 -7058 5448 -1646 7965 -5248 -609 8455 -11880 -15434 8973 8441 -5197 5650 -13987 -519 -9150 9356 4511 -3728 1738 5920 13167 8189 -13474 -1288 12504 13553 2059 8635 -5411 -7951 2554 12030 7323 -9811 1049 -15919 -7403 6339 -16002 -14231 6035 14270 -5806 11251 -7504 -6348 -13715 8833 3576 7931 -15220 5399 14899 -14955 
1315 10199 -16309 11428 -4648 4690 8908 -8052 6805 5623 5653 -5841 7490 156 -15085 14798 9493 -14029 6316 11780 -6257 -2929 -6200 4581 -16115 4189 5615 -11459 8958 12839 -14696 6635 1471 2187 -5370 9572 13321 11394 4311 -4788 -6644 211 -2268 9015 -15837 3487 4167 -11385 -1750 -6640 13893 870 -11144 -14814 -2096 -13845 11116 13977 1008 593 -10576 9484 -9657 -10916 -10496 -496 1527 -2098 1452 -2170 -14039 7181 -15191 -9968 16178 13535 -15289 12438 7005 -14521 5256 251 -13751 10622 -10217 6375 -9226 11551 3801 -8267 15463 -11691 3626 1668 -7954 -15805 -9041 11105 12296 -4483 
-14389 7323 2541 -11348 10424 2600 -2130 -699 -4293 4925 9984 2155 10236 15858 -1884 1004 -11143 1818 1891 11103 2718 -10198 11713 7011 -3589 -11959 12345 15611 -11110 -2691 -11736 -14833 6515 -6403 15183 -13052 7813 409 13312 3459 2187 -16049 -8738 7247 15953 752 12097 -6071 -6742 -13063 5958 1670 -10232 -4491 -12183 -6248 9390 -7657 2004 13282 -10612 861 7999 11549 -11344 -15385 -4227 4849 -13218 11998 4504 10421 -12348 10376 -11103 6736 15443 -2062 9742 7729 -7754 -14146 -11575 -11663 -13727 -3309 9930 -3312 -15665 -2134 4458 10068 -11182 15869 5180 -15289 2446 -15723 -7519 592 
-3444 883 14303 -15366 -400 6309 2549 11209 -7984 1778 -8457 -8383 -10071 -1371 11032 -2822 -12552 14461 15698 11238 -7447 12991 -8024 10668 6583 -12196 -2037 7717 2073 5188 -1305 -13828 -5283 -3372 -10173 1642 -14308 -15518 -6521 3095 -15215 -9235 9702 -10475 5263 1258 15201 9727 -4842 4915 10860 12855 5513 5650 -3271 -8378 -13176 10099 -9321 16213 -10659 3119 -14211 -5423 11035 -3460 11822 -14044 -9644 15481 15618 2197 -9628 -6945 4297 9033 6515 11210 -14129 -4261 -14839 -9809 3717 -10208 -6852 1630 12490 -385 -4977 -3520 6603 7795 13669 8083 1420 14251 -16362 -1559 -242 5953 
-9052 -1623 -13803 159 -4332 -11835 -117 -11399 9571 -10878 -15731 11499 5404 -7060 5127 8634 -10612 -13727 -5369 -12366 -11365 8636 -10347 9243 8255 -6740 5699 -10905 -11626 662 6734 11744 -3945 -11604 13415 -6767 10605 5272 7191 -5824 12393 2635 -15929 3210 12187 3559 -4256 -15067 -6138 2772 -8804 11578 13685 -5913 992 10985 -13322 6069 2252 15071 9448 2047 -9893 -997 12730 319 3240 15047 2620 -7848 -9636 -10181 -4973 -2973 2473 3604 1236 12956 -8453 10872 4662 -11659 11827 886 8171 15546 -10343 -135 10132 4331 5460 12529 4953 1952 8094 8976 13722 8477 -12925 5535 
-5044 11774 -1981 1542 -14868 -8187 1889 869 7696 12552 11075 -5164 -14424 3583 -4997 -12097 -1335 -11213 -10838 -8090 -9175 -12663 7686 -11654 5172 245 -9592 -2599 3009 12290 -9309 7538 1130 12935 -583 -13763 -7553 15213 -11750 4186 7837 -5722 9894 -10926 -2840 3119 4639 9587 2010 10316 -13568 -435 -13122 -4148 12047 3154 14277 -2694 384 -1645 15804 3500 1461 2973 -7839 -5904 15530 -4485 8792 5849 11006 10957 -15417 16112 11664 -6897 130 -576 714 9197 -7446 -3070 -12664 -1078 5728 13806 -356 7512 10329 -5973 5620 -6822 -12520 -1068 1124 11133 -5122 3379 -12028 11869 
8070 9347 -708 6813 -6951 5478 9835 -13529 -13566 -2705 3112 137 454 13393 -16083 -4743 4123 1070 -4906 5735 10812 -8188 9041 8777 15710 7736 -1443 -9618 -6388 7501 8367 14207 11793 14503 -8705 -1629 -3297 -11390 421 -5707 12018 -6152 -6681 420 13368 10294 -12837 -9739 -13573 -8249 1003 -9636 7097 -7423 16130 -13442 30 -1387 -2996 1994 -4265 -9925 -9317 10621 -9207 -13949 3186 13245 -1563 -7744 14760 -11050 226 11286 12721 -103 9231 -12116 -5762 14811 4620 -4108 -2041 7698 -2788 -1250 2164 11794 2273 -1884 -5924 13550 -1108 -15624 -1103 5619 -3722 -4271 -3647 1734 
7800 10907 -11549 -11610 3931 -1402 -1229 -6971 -10986 -3922 -11518 -2105 -5542 -527 10069 -6043 -14158 13271 10513 -14043 -15564 -7645 14522 -2761 -9002 7807 -15138 124 -3993 -7091 8473 666 8227 6801 -9281 -9407 8939 -4605 14360 11649 9494 3385 4947 -4011 4848 -2821 6659 4657 -15674 6824 -11193 -12849 5282 -7475 11921 -4608 15777 -3634 -15089 -8522 5350 1203 -10329 2326 -10188 8220 -4951 6338 -484 841 -14323 -6098 -13344 -4790 -674 -3551 1244 -7603 571 -14764 10660 16141 -14463 7982 -9031 2143 -241 -10586 8922 1247 -11218 6202 -11007 -12607 -876 -12779 14835 11194 10252 -6329 
-8837 6421 -2882 13603 -9412 6619 11789 15813 -3288 -2780 15401 422 -8806 12930 -13781 -11681 -2812 -15723 -14113 -1917 -5299 -7760 5161 1703 -7997 -7504 8462 -10381 -11600 12262 14935 -11030 -2156 -4061 -3626 -14655 16119 -8725 3150 1505 -13598 -324 -12805 4871 -9999 2180 11696 11899 12558 -7382 5291 12021 -12347 -11204 -3861 -2664 8759 702 65 -755 -13899 8475 -9740 8647 -781 11054 -8958 -7841 15582 -14734 -14067 -4338 13075 -3504 -6182 6992 12278 -10611 -12929 11425 -8603 7642 -10975 -6312 -7410 -5506 8288 8871 15722 4903 -167 -5955 -8113 -2600 -14513 16379 6180 -12556 15853 -9380 
-2883 8814 -8396 4072 3275 -6884 -7179 3423 4342 13338 3841 -2069 -15213 2146 -6419 8454 4596 -2956 8820 15731 4200 6694 11649 5729 -3640 9877 -13100 -11356 -4685 -15826 1605 7443 -8097 732 5040 -3827 -3309 3677 -14730 11791 -15298 15015 -7772 -4745 9509 6781 4283 -4771 9028 1048 -16108 -6248 13117 16376 -15385 -11307 -3217 11729 16110 13017 7211 -12902 4532 8416 -11376 15031 -2707 3351 15096 -14513 15753 5181 11286 1457 16082 7263 15270 11752 822 -4168 14281 -4760 4138 13487 -2059 -12583 9652 -16140 -2931 2055 -1012 -6725 15385 7155 9702 -3296 -996 -8453 -8872 -12124 
-3194 2861 8539 10435 -15154 12978 10745 -14912 15780 -417 -9973 -8844 -13743 -14753 -4700 10838 -5476 13059 -8170 -12391 7792 13235 -4969 9826 -8182 14837 -3447 12846 -7728 -14684 -4516 6733 -6711 -2252 -3047 9855 9391 -7896 12420 -9035 -9557 10653 5861 -533 12196 -6407 365 -16342 -11970 -1355 10809 -15453 13411 12625 765 -7955 5256 5726 4422 3686 -6536 2733 5477 15024 5324 -13665 -7699 6733 -1017 12941 -5665 1628 15428 12127 11121 10875 5778 -5838 15728 -8251 11238 -10711 -6839 13034 5043 861 15272 13173 -8159 488 1484 -13786 -14881 1556 2399 -2966 15772 -6485 -16125 -7416 
5410 -13729 -2185 6607 1534 -3744 -4260 -12672 2021 10501 -8804 -6972 13473 6043 7280 1358 13227 11859 7430 -4582 -15521 12111 15813 14790 5585 -10795 -13513 -1003 -10425 -12653 4488 12683 -11189 -12775 1206 8235 -10908 13149 9551 -6316 -6550 -15247 -6181 7362 -8323 13128 1245 -2903 9624 14511 14210 4853 14542 13136 4318 -15450 -14821 -10006 9686 -1970 4821 10131 -601 2228 14286 -6858 -14582 -11124 -15870 6929 -1544 1109 -4372 7022 11288 -14499 -9598 16235 -581 3287 5317 10989 9608 -10717 13564 1191 -16189 -8161 8327 12367 11820 433 -9388 14568 -9842 15710 -10248 14643 -547 9229 
-8861 12345 1027 -14626 14390 -12292 -15295 5678 3518 -3006 4149 11189 -14721 3977 2949 7615 9844 -1009 -1761 6542 -14108 16130 -15581 8921 -10799 -5169 9062 -2458 -6380 -2675 -3427 11723 13076 -9071 -15332 -7604 13079 -14828 5184 11476 6973 11270 -4232 286 6673 -3329 6115 486 -2621 -11195 -12385 3152 15611 10750 3495 -10140 -7850 -13438 862 11431 12654 -14401 -1867 -15645 -14174 -5164 9454 7161 10841 9138 -13820 8426 -8437 -7434 -1873 3822 2247 -7220 784 -13132 1394 10756 -15377 -6463 -11109 -10176 164 4332 5871 1340 -13407 11005 7507 -8379 -4718 -6545 7574 3006 -1242 -13501 
-15670 -12075 -8842 -1524 -4300 14155 13063 10497 9709 -3478 3959 -1467 12815 -1015 16313 -5829 -15986 -3390 -9978 11533 -13909 -6084 -1958 3653 11023 -4709 14493 -12917 11135 -13300 1391 -9850 -1230 -2186 4227 12756 7108 -5820 -12371 -2764 7889 12630 2436 14516 -11736 11023 5804 -6628 4000 -7039 7609 -155 1682 -6724 12213 -15014 -2835 9788 -13497 -8363 -6679 7801 -5001 -15844 11360 914 -4329 13281 -4409 -9445 10697 -5278 15036 13580 -14429 -6113 13892 -1581 1651 -15936 9373 -9607 8106 -13169 5299 4344 -15904 4376 12089 16037 8439 13542 14941 -10557 -15640 4706 2336 8997 -12513 -8753 
11336 4364 -14708 -10904 -9475 5128 10816 6816 10484 3344 14009 -3455 -16301 -15450 -1596 -13530 -2791 7981 10500 1115 10303 -4524 16155 6493 4202 10915 1390 -5706 7741 -14804 -12154 -201 -11691 12627 -10977 -12512 -1315 -6457 7111 5204 -4415 -5245 14634 188 -886 -12028 4338 9158 -7472 -6249 2384 1024 -14259 -4414 13601 2517 -13925 12759 6838 -1679 -11644 7840 -8904 -9800 6392 1070 11950 -14744 12201 -14396 4261 -13481 -14791 -537 2420 1742 -13038 -2673 5154 -3826 -11549 -7311 12526 -14622 4524 -1172 7282 13674 -16004 -6629 -11412 1265 -6464 8320 10528 8427 -3521 -3113 -10650 -1253 
10414 -11398 1861 -6204 -6171 3833 3393 12562 -75 -6588 -960 16277 -2977 11767 6155 -10786 8362 -11826 6267 -713 -12904 9001 -5573 -7791 -2627 456 12845 -1424 2612 3210 -1677 -235 12088 10342 2067 -15431 1620 -13451 5182 15845 15423 6685 3126 3580 12368 1126 -7981 3022 11154 12643 -10583 -2982 15740 9920 976 -2387 -3000 14962 -16311 -545 -14619 -892 -4352 13874 9874 -6395 9595 -5297 -12783 -15850 -10217 -606 1150 -13800 -12046 -13091 10690 -14853 -10383 5519 689 -9302 3686 -8211 -9547 4250 11991 15777 12587 1148 -6817 13526 -14244 5120 14394 -10672 3080 12753 -1047 7333 
-6744 -7272 -905 -11610 13371 -3793 8542 -8494 15809 -3090 -3566 -3585 4178 5147 288 14092 -5939 -7563 -7172 -15926 -10955 -9248 -675 6898 -5978 -15044 77 -6328 -2329 11591 12745 -14378 -4699 696 3850 12618 324 -13217 7784 6266 858 12671 -12062 -3593 -10046 8245 -1470 8916 9552 10 1513 8323 -7376 -357 11821 7629 15310 9329 7268 -15624 6266 -28 -2168 3837 147 -11214 1918 8174 -1180 -9563 13050 -16272 -13417 -15383 15883 14420 -1461 -14476 -12487 -414 -14387 12054 -7859 2344 14312 -4950 -6210 7428 4067 -6179 2988 5434 15373 -11741 1937 -14793 13055 -4416 -14467 14060 
3175 -8965 5123 3918 8580 4710 11708 14835 11579 -11438 -8337 -10544 461 5974 11474 15637 2602 -6136 -7175 -5581 -4882 -6212 -2223 -9236 -14610 -12672 9807 -3168 4982 -13535 6835 8352 -2022 -10657 -16275 12211 -13776 9780 15903 15791 -15393 3916 5201 -5317 -292 -15737 2341 4008 -5439 -2896 9931 -14091 5371 7752 12926 -6422 14438 8566 8752 -12460 10882 -15345 14029 6503 -9143 3019 291 15930 -15197 10895 14177 -9115 10879 -14114 -7860 11454 -7032 7266 242 -6598 -15238 -10080 -480 -4377 1048 10176 14944 -10226 10691 -1661 -11360 -15505 -1360 5703 15223 -4196 12478 1085 -5870 -13953 
-13844 -4941 2991 240 -6293 -12412 -15413 15990 -11684 -3419 2276 14376 -9184 7122 485 933 -4017 -15777 13858 9014 -12720 1825 7433 -5108 140 -8060 12893 923 -14520 2223 -10969 -11746 -13035 -9253 -10446 -6100 6892 -2886 -15558 -2688 -7708 -2805 -88 3791 -12160 2116 5125 8394 -13906 -12704 -2318 3645 -3238 -818 -5415 5959 12962 9090 3883 -14399 -13391 9247 -5043 -13646 -1237 2371 -8167 8437 -175 3068 -3836 -9994 9899 13649 11754 1418 6756 10736 -8084 -11787 14910 -12801 -2054 12543 44 3845 13178 -15041 382 -15873 12171 -16280 -15419 9095 8047 6103 15162 10280 5773 3112 
-5916 -5433 -5992 8692 11838 10034 -14762 -13898 3226 -12588 -8954 5309 9743 -6792 -8601 -2727 -2542 -3006 -2214 10252 -10324 181 -9427 1006 3919 5605 10620 4139 11854 3526 5308 -9056 -14863 -5995 -12449 15255 41 8300 -6761 6829 -11282 1771 -13888 -10045 11050 -9463 -1692 5926 -4007 -6911 -16156 9164 6584 1632 -15431 15022 -6114 -13260 3933 -952 12147 12631 7890 5945 7876 -8476 -11065 -15619 7672 -10055 4697 -13875 -2261 9264 12419 -97 8604 5867 -15842 9282 9292 7101 9348 -12644 9773 -9283 1245 7940 -7683 -9872 8192 5835 -11338 11290 8955 4815 5546 10542 12858 1853 
824 -5675 15689 14960 -10467 15009 -6849 -8976 7025 9052 -9279 -886 -7880 -11019 -16217 -3947 -10855 -5241 9284 -691 -5450 4756 -2992 3152 -5599 14665 14690 -1985 -6417 9456 11045 2423 9586 -12419 -16108 -7690 11921 8249 1502 13904 -6987 11416 4983 -11815 4200 -12510 15798 982 -1402 635 4507 13284 -13800 3742 -4296 -1165 -1088 13857 9268 -15772 -5923 12710 3318 -826 -3018 -6293 -7581 -14410 4690 -4876 -1460 -15523 884 219 -8080 10251 13608 -13631 -12767 13433 -7806 -12459 9870 13093 8683 9865 15782 -2864 -13407 8669 -12386 15898 3010 12493 12054 -14778 -9971 -3746 -12316 1295 
-3795 -1330 -2955 11696 14265 4192 -7212 -11011 -4923 2637 11857 -8036 -12009 -7472 9929 -659 -4608 -2735 -10618 -1278 -10545 7610 -11831 2622 -9750 1504 -3342 -751 14211 3856 8771 -15011 5101 -6717 -4027 4328 -1134 -4764 -5935 137 -4470 -11707 9396 6233 2514 12200 16375 10007 1055 -10254 -1342 678 -11179 -4876 -5405 6058 -2144 5722 -15369 -5561 -4826 -15298 -9172 -14854 7518 3022 13224 -1376 777 -13278 -7021 9357 3012 -5855 438 7629 -14784 2714 2501 -10624 5141 -4760 13639 -3495 13632 -2875 1303 10556 9008 -13895 6031 2304 -11904 -2397 -5558 -10684 2637 3309 -12661 -5517 
15403 726 -2490 3300 12222 5984 8129 -6892 15082 10849 1503 -15358 10159 5807 -9470 8884 9372 15467 13458 -11312 13543 2423 -4824 1627 13854 -4612 9033 -10346 12677 -13540 6872 -11777 -12539 2493 -6379 -10389 -8251 10109 -7358 5193 5727 10170 8176 14842 8888 -2365 2781 -8618 1910 -4829 14208 -447 7952 -16109 -12755 -16014 -6515 -11259 -14376 15692 -15405 -5547 15485 5341 7585 -1261 10796 -3075 15139 -6667 15013 905 298 -671 11684 5317 -15618 -3424 11718 -7719 -808 -11738 -2546 -7829 -4616 -8699 -12790 -13470 10327 13432 670 3267 -13310 -12139 8549 2220 -15347 4883 -9031 9334 
-1241 8514 7767 15600 7638 2065 -4439 -15681 8266 12609 -2392 -9254 -8753 -10062 613 2090 -14358 -12340 2603 -6329 15113 -748 -6069 -8874 11998 9687 381 -2810 6226 12281 -14873 -846 -3302 10721 4291 -870 2289 1671 3241 -15293 11369 7077 -7568 -4875 15719 4098 6323 -12453 -4814 2018 10748 2620 -10192 -621 -2166 -10143 11060 -11238 -8529 5000 10879 -11773 -10528 -7538 4170 -11697 7765 12450 -9978 6526 6993 11180 13096 -9019 14344 10181 -5972 10579 7971 -6695 14364 -1595 -8470 -9377 13141 -6223 6406 14656 -9776 1879 1256 4047 -15201 7018 10962 3557 -9725 -4346 -8839 -1754 
7840 -15437 6221 7512 -9645 -7778 2141 4328 -6486 -2079 9698 -13184 7414 6895 -7072 13258 -1529 -12500 8043 -12975 11644 11659 2581 1908 -5442 -12179 1769 2195 -3696 -10621 -4452 10304 -7092 -5663 -5304 -12381 8629 -9939 11868 7928 -1940 -3865 -6371 -10708 10761 -7457 -54 7834 -11311 10684 -14489 -3092 -3321 -2382 -12767 2582 -9497 -10426 -9646 11892 4669 -7870 -984 -15859 11926 -11579 -6673 2792 -7398 13419 -12560 14994 6400 11169 -14594 10169 1956 -13554 148 -10005 -7617 -12510 14244 7792 -11974 -11063 -1288 6479 3368 14384 15925 11621 4439 -5696 14986 -856 -1013 10010 -15378 10626 
-11697 9816 -9979 15953 -656 -7859 -11343 14340 -2032 -12551 -16342 -11815 -16163 -1770 207 -12230 -14109 -1078 1158 10428 13195 7531 -2621 1346 -8663 -13193 -6097 -16337 -15051 -3683 10991 6096 -737 9197 1415 -2349 5321 -4828 -15005 -12311 -10341 -5093 8696 10879 1333 -15529 7571 7842 13517 -7758 10423 7673 14877 -11472 -4571 2021 512 -6171 -12925 9916 -863 7945 10913 -11220 -13481 -7128 -10397 8882 2072 -13212 -449 2626 7312 8690 4970 13818 16086 11166 -3426 12551 -13883 15997 -4233 -12126 -14613 -14405 16006 -9940 8230 7300 15599 -916 3802 -484 15534 -4367 -318 -8189 7043 -3444 
14951 7753 2674 -11283 -10436 -3591 3053 -1690 -2228 4521 -12646 -16187 5782 3112 10931 2643 14846 2887 10262 -4366 -2582 -13102 4834 16218 -7570 16271 -15164 2685 13099 -11652 -5931 2298 -14140 9230 8232 -5179 12778 -8276 3308 11230 12833 14132 -5581 6454 1036 1709 -2474 1703 11621 -12268 5629 4371 -9578 -8887 13767 8100 -10264 -2528 4236 -9428 -8606 14476 8259 -1381 2616 -16144 8076 -7513 -3865 -3961 8659 13952 -4893 16378 -6122 6072 -11019 11273 14411 -3269 -2772 -5542 7530 -9877 16245 13414 5643 -155 -13868 5770 -10315 10072 -12241 -11981 -4933 -12790 4050 -1494 4811 7021 
-3459 11270 -8178 13414 7963 12728 -11025 11175 9753 15416 8320 -4181 8028 -12201 -633 13271 12246 15014 11801 -3400 3261 -2165 15336 -14496 12895 7530 -15575 -1054 9373 -2311 11793 -13579 12026 7077 -6390 -3410 14936 -3030 10088 -10658 -4535 14647 10464 3474 -3067 6726 8064 -8654 -12028 -9596 605 16313 -4304 -11811 -14123 9628 2239 -8145 -7561 -4416 -12891 152 -12406 -2022 14506 -13599 -8143 -3983 10789 -12021 -16335 11064 -435 -6399 5464 -12146 -2769 613 5763 -6055 -7607 123 8515 -8569 14777 -16324 -3036 15980 12570 7804 -11374 832 -13834 580 -159 -1095 15320 -14540 -272 -8498 
-11250 -3049 -5645 -12396 242 -13422 -3117 11833 -8471 -6930 8122 13350 15602 6921 9015 -1734 12004 16228 7554 8234 -7362 8015 -5785 2045 4763 2360 -4157 172 -303 8219 180 8415 6046 -5365 -9894 -1333 -1275 12005 7228 3632 10045 -16355 8785 -2697 -11187 6824 10917 -5135 2878 11794 3741 -5326 12531 -5213 -16159 15764 -9566 -15182 -805 977 -7712 -6382 11496 -13374 -12700 9634 11538 -2501 -13486 6903 12416 -13809 -455 13358 12149 12839 13731 -3626 -7174 -15162 1361 -13054 -1248 -11807 1545 -12684 -16148 -10590 3860 1515 11478 -11260 -8367 12181 -11016 9872 -13336 -2663 -4662 7487 
10915 -9274 7309 11633 -12825 863 595 -15853 2114 5390 1440 -15402 -12886 16111 182 6289 10314 -11075 6771 -2111 -10495 -16351 12256 4639 2929 3872 -11183 10856 -8776 3756 3626 -8909 11206 -182 5708 -2573 14932 4585 20 -12522 3446 -1332 -12283 -9412 3796 2198 9995 5536 14210 -12932 -14235 14221 4978 2191 -8155 12544 5259 7472 4188 612 -13471 1686 -5408 13683 15239 -10878 7594 -11470 8588 -6645 14310 -10996 8329 7052 3476 12053 -4771 4274 -8243 12649 11646 -13908 4011 7843 -8332 5746 -15920 -2686 -15636 -3265 -1911 2978 -10643 -10988 -13672 14172 8369 -3992 -876 -6457 
7067 10238 -7434 8656 14025 -3638 4793 5501 2000 8192 1701 -6583 -8694 7240 -206 10144 4115 -15609 781 -2430 -1826 11466 1602 -10948 14952 -11295 -8707 1610 -1007 9210 -14603 -15279 -1395 8705 -7059 -10943 -8317 -1534 15840 5776 -2376 -7876 -7870 -16229 -2320 -9650 -4121 16157 13402 2438 -1014 7386 12975 -6322 15602 8270 11488 16057 16315 -10345 -14222 1587 -9544 -3734 -13714 -16306 -13958 -7879 -15360 12975 -2186 -5014 -13149 -7903 8014 -8517 -2 -9543 1205 -15430 5464 1839 12016 9064 1707 -15802 10759 -8201 -8863 13145 -2944 -3423 -9568 -4337 -8245 -6736 -11958 4385 -14009 2452 
10125 7247 12773 807 5659 3691 -9609 -3835 -9472 13956 10887 1551 13845 -1220 -14353 5895 9501 -8403 -6931 14670 -2700 12668 -5385 12482 -7833 -1910 -14311 2748 3884 -15176 -15104 -7121 -6281 14685 -5733 -1822 -9810 14806 5734 14805 -15423 -14162 6220 -14149 -11360 -14614 7471 -10604 -10158 -7807 3854 884 6312 6880 -1078 -679 -6764 -352 -12402 15405 15905 11595 -14382 -10012 -1271 3669 9475 7608 6117 5664 -16182 3464 -12275 11823 -12563 -16296 -6908 -4748 11998 4842 1173 -4420 -11304 -14462 -7032 13118 -5720 -10816 -13837 8012 -1002 -14434 -11721 16154 1769 8593 -3184 8627 -2935 -3131 
-13488 14339 12620 -11654 -4176 -14841 6487 4995 6988 5143 10023 -12570 10290 11867 -5963 -16235 -3937 8277 -7877 -13997 -13489 14988 7582 -4950 -1674 4192 -7824 -13806 -937 -1036 -3431 12068 -6024 5692 10650 261 -5001 12590 3191 -9512 -7803 526 -9672 -8350 -9354 -13860 3347 -9272 -12677 -5665 -1744 -1683 116 -3493 -12783 -8978 7148 -9895 -8043 12353 -9558 10129 -15456 13811 -8726 2438 -10911 9094 -5586 -11612 1848 8434 -9028 8342 -14789 -5317 -12115 -4937 2653 14392 2470 -1640 12850 6509 -9681 10933 -3749 15366 -9307 -3009 14209 1020 -4650 12553 5640 8268 5169 -13154 -13749 -10661 
-6496 -12446 12933 -7570 -5125 -1302 4956 -5298 -11231 -15253 13310 9985 10157 6973 -2321 -4435 9034 2454 13671 8078 5293 -8880 -15517 -14562 12070 9944 8766 14412 -4645 -961 2052 -14370 14744 3684 333 3560 10318 15943 5065 10870 -13280 114 -6299 11071 10268 -886 7184 -12151 148 -2309 4643 3873 -8944 12999 2917 -12924 12775 6520 10927 -1521 -14477 5925 -1991 14441 5349 14504 12409 1020 -6972 14824 -15444 -14960 14581 -11702 3067 -1522 1151 11577 -8124 10332 -3881 7389 -13957 1116 1242 13537 -16204 15623 9060 7014 -1082 5040 -2172 -498 -4458 -1443 1105 14633 -14601 5958 
11877 -8437 -14030 11126 13549 -4754 4910 -1398 12386 7945 -5067 -3707 -13089 -6340 -6311 -5412 5655 -14885 15994 3464 -13590 -16097 -5136 -6835 -12644 -3149 10438 -3566 -4695 15587 5553 3169 -13247 -16150 -2938 7431 -2989 1881 -1943 -14898 6481 9652 -11632 14685 -14471 1041 -15957 8250 -11053 -5650 2535 2271 2499 8477 -9321 256 5956 7378 -12681 5605 4280 13010 14228 6634 16223 5312 16340 11548 -14988 -10358 -16104 9974 9943 -2313 4096 8003 -4752 -7335 -1956 -3051 16153 -14504 -11740 -13590 -9410 -11298 13608 10981 5644 39 -3757 -4557 1866 -13324 4493 -6019 -15663 12747 -12469 -16237 
4251 6009 -858 6944 14978 10892 2866 -11119 9616 14096 -2728 10247 3319 9812 -4003 -15996 -11099 -3108 -4848 -9957 2429 1646 3334 5463 -15060 -1216 -11640 4790 -13410 4424 -3821 3655 -10219 677 -15230 -11929 12252 14898 5330 7330 12454 -3277 -4981 -4179 12407 -3809 -6209 11400 9539 7572 441 13242 10788 -1438 1853 14253 6185 -2633 -3217 9520 2260 -12687 7513 7956 14380 -10615 15380 10982 -9100 419 -6260 -13100 10621 -12868 -9247 -3933 -10841 13300 -6794 7637 5735 -4221 -1135 5344 10892 2239 12195 5009 10253 12882 14126 7817 -7296 9857 -2485 -12841 -6353 -11615 4300 15034 
4050 16028 10250 -13182 1250 16040 2886 -15739 -7535 7440 -16210 -1723 2907 2595 -4860 2217 14147 -16318 16358 -1695 -2395 -5618 10932 -4261 -340 -1865 -14317 -14485 13671 14440 -1516 -14848 4996 4312 -6916 5384 4512 -12 3239 -4369 -2238 -849 -1391 -2892 364 4081 -3460 -13007 -2348 4518 -9295 -13450 -8259 6119 9451 -1469 14180 -14770 2270 2731 3362 -13475 14679 -15406 11030 -1516 5898 12739 -1916 3482 15342 -3716 -4666 -15092 15950 6141 4068 9578 12902 -11628 2507 -12375 4270 -467 6431 -1830 -14657 5084 9398 12928 -10024 -6026 -3412 -12039 6660 -8884 5140 -8692 8418 -16369 
15448 9623 16137 14280 -9687 2659 -7920 15615 -6126 -3831 -8913 15084 2739 12036 -10612 6114 12953 3041 -1252 708 6061 652 556 933 1103 4281 -3708 -4725 1546 634 -12496 -4282 14827 -14360 1507 8561 2679 753 -7678 3988 -10945 6985 11585 -9639 3610 -14731 3828 12530 5623 4602 -2322 -107 6997 7595 -1786 -12009 -1446 -11239 8004 427 12932 3868 -10081 197 10247 13959 -13719 18 1723 1778 -5552 3480 15545 -12632 -6390 14068 8842 3768 1429 -3143 1796 3615 14625 13548 -2886 3356 -9324 6052 10006 -6507 3248 -10040 -15090 3502 -8740 -14358 6008 -2702 4229 5958 
4355 4257 -13016 1767 7627 14240 -9995 2266 -12143 -7544 -4070 7313 9100 -15026 2721 16228 8936 -999 -3584 -4052 -2350 5545 11573 -7170 -7372 -5652 -5741 10765 -3317 -13660 9764 7338 9561 15418 1971 7518 4546 1199 -9362 14886 6841 -351 -4562 -1576 -7332 16001 -421 11675 -8469 14302 11895 -14967 -4137 12497 -450 -14744 11393 -3695 -3985 7821 -117 15896 9011 14298 -1589 -14341 -16095 -15144 -13334 -6576 -12062 -6410 -625 449 2429 -5143 6207 -15689 -3782 44 7118 12200 11556 -11113 12914 2442 1847 -10973 14978 -11175 -12002 11974 -9276 6603 -5731 626 -412 5149 -13670 -15567 
6541 3839 9659 -8860 -4193 -4959 13748 -6879 -4606 -8984 2602 10674 1694 -2893 13364 11314 -1807 -3250 -9844 5963 8388 9217 -11191 -2540 131 -5702 9549 2062 -8913 8926 8011 12357 -7687 13111 -12185 7564 -7819 8703 -12160 -5670 -5520 -9709 14870 3786 1639 14905 13267 11574 6046 -15461 4265 -14852 -4910 -11195 11422 8656 -16237 -1056 -13262 -14774 -1479 6266 -7070 -2575 9849 2422 -11951 -9844 15772 -6504 8586 4210 -4779 -14029 15340 1551 15413 -10887 -14803 2688 -827 -11797 -11781 -13231 9783 15071 -2359 -3750 -14143 -8135 7733 11456 -3186 15148 -5879 -12272 602 -13769 13028 -2690 
-5981 -7899 -9599 324 12414 -1213 5272 -10209 789 15789 12140 -14100 12466 -2117 -13076 -14488 -12671 3982 14709 13836 8151 -5951 9539 7439 8506 -3278 9837 -13185 10983 12278 2446 1919 -16110 6755 5902 -2387 -14409 833 4869 16276 -4079 3090 -8768 16212 -10829 4231 15081 1626 -7879 -5108 -6832 -11453 9892 10611 13641 -5422 5449 -13627 16313 -13544 -4243 -2257 -3141 -10324 8055 -752 -8992 15623 8394 13863 -12257 -5877 -11722 -1053 -5807 5782 10256 -1588 -8353 2630 -11281 -13290 -11004 15960 6130 -1971 -5070 -9308 7111 -4573 539 -583 14647 -8610 6613 -8162 -10657 -10778 7073 12976 
901 10995 11985 -3296 12943 -5539 5197 -13939 -486 4868 1977 1607 5675 3431 -12994 -341 2189 -4790 12777 10018 15039 11143 -6979 -6083 2961 9726 11849 -13068 12884 -11358 11518 -14331 4531 15008 -9207 -4497 -11222 -10565 -13600 9493 -14311 15788 2915 -8327 4476 -4164 -855 11670 -6334 -7578 14428 -2328 12863 -3282 2251 -8063 968 4238 -4732 -952 -1564 1790 -11101 -162 -14558 42 -12621 -8813 13329 -7622 9013 -14325 4186 -8895 -13366 11510 10604 5328 -1038 -2442 -804 -3171 -1161 -6510 -942 -10412 14706 3679 -9944 -7545 7665 -457 -4711 -7495 -16325 -4838 -1638 -10099 -14407 13609 
2386 -12267 -8839 9033 -1238 -10434 13400 14301 15241 96 -12859 5797 -5081 -278 -16091 956 -13052 3124 -5154 -5195 -8964 -7578 4092 5341 -14336 15244 1907 14227 -10005 -7483 -11768 -9267 -15112 1416 -7208 -1618 -14635 4894 14970 -1207 8029 6183 -8499 -8831 12783 9291 6481 -12799 4704 -6134 16186 -15265 -1393 -10073 7697 13397 15780 -14281 11254 5928 -4385 -50 -15731 10778 4622 2513 -13699 -8173 -13402 -1441 -8802 9301 9846 9186 1462 11365 9474 -14916 -8727 14078 -2957 -7404 -844 13878 14127 4038 11420 701 -748 8561 6513 -10701 8002 -11612 14386 -5458 -10847 1578 -12395 15701 
-1048 -1924 10028 4639 7262 -12979 814 -2386 -2518 1846 13015 8783 -10935 6027 6006 12570 12840 -11201 10762 -10192 11992 -15878 9616 -12016 10209 -16317 7141 -9692 11965 -14897 -9396 -13742 -7190 -1296 10899 -10815 -14685 8226 479 -15945 12338 -12615 1545 -6768 -12049 -15954 11436 -2330 9414 -2930 3782 16072 -2689 1676 4095 -2533 8327 -4185 8337 10006 -2450 13820 -51 4579 10742 -3783 1343 12888 -6961 2591 5750 9435 14313 -15298 3946 -14244 15726 16309 899 7028 -7596 -16080 -8900 -3420 -4716 11747 617 -14927 -1279 -13876 -15581 -3548 16320 -6672 -1723 -3866 3672 -13102 -8550 7423 
12398 -9471 16286 -13959 -13286 -11838 -12057 1104 10965 4577 3367 1186 -10210 3231 8663 -7713 11682 -10051 4219 -11731 794 -1618 -13691 -12826 -10305 1762 11743 5685 -5283 310 -6126 15572 -8945 -15231 -6651 -5398 1422 9024 5738 -15095 -7377 -9621 -6972 -5557 3440 11096 -3322 11412 -14793 2516 14304 16362 -8545 -5047 -14427 16122 -14985 -5102 11720 686 13648 995 -8942 -5390 6202 -9635 -9131 -10612 -10475 9911 -2591 10272 -5496 -8817 -12411 -10677 9111 -3113 -3790 9440 -15907 9700 -8122 -15032 3419 -12134 5485 15356 -13836 2746 13100 2349 -1410 -13228 773 12915 2430 4688 -8390 -5190 
3449 3104 -12489 15667 -277 394 15510 9342 -10785 16024 -14647 -12577 9505 -3158 -9385 10910 -5862 6042 -10037 11656 -8127 -1514 8759 -12659 -7374 -11259 10585 -12170 -11674 -15336 5473 7120 -12409 -14983 -13224 1503 6246 -12648 -15067 705 -1646 -6632 10293 -8019 -4465 7137 -6977 -13749 9640 -2999 170 -4550 15723 -3228 2324 -13910 12728 5746 10617 13333 3709 10606 3958 -5589 7689 1724 -7888 -2626 -5885 -4365 11356 -3856 -514 -14638 -11292 -15771 5811 10566 8747 4266 -12077 -9312 -14857 -13650 -12161 -11810 8176 -15520 -15778 4375 -6446 -402 -11439 -8687 -14300 -5082 -11314 -14874 -13397 -3475 
-9008 11993 -8344 -16155 -5009 16192 4672 3620 4121 2196 9030 -1000 -11675 1180 11163 383 -15737 4799 -14089 -10613 2924 -15504 -12594 667 12396 -8262 9240 -14051 9631 15091 5045 -11384 6615 -890 -2700 5757 -6096 12258 13751 4102 -14515 2184 -7746 7407 -5079 -6086 -378 -15541 -2416 -10938 4180 -4088 7474 12024 -10021 -14918 12123 3623 -3586 14956 8779 -8224 2875 -7510 37 -6090 12205 -6250 11917 -1230 6837 -14808 8922 -9762 -16066 5518 14829 -16011 -10846 12971 2470 -9554 11316 -12622 8698 -10450 1635 -284 -11349 11028 -5503 2928 12955 -3929 -12760 -9359 10694 9251 -1729 -1015 
5843 1451 10148 -8029 846 3921 3952 6734 12669 3399 4570 -7106 -11562 1585 -829 869 -8687 -15989 -7467 5943 6886 -9668 12366 6532 6493 -5306 -15768 -5257 -5434 1164 -6315 -4685 4685 13770 -13070 -15979 -15564 7581 1026 -3699 8868 2736 -8676 -8546 -7383 -8946 3116 -3842 12225 -2676 921 10703 -871 8540 -12271 -11259 -3235 4023 6118 12888 -11983 -85 14620 10353 11335 -3059 1289 -742 14103 -9344 -16223 -3162 14127 15017 12115 6760 1454 1662 3739 -13224 3929 -851 2079 968 -5552 -6097 -16266 15436 14181 -8200 -14191 -15950 9490 11709 -10304 -5602 2575 10988 -11176 -9906 
11652 435 -12042 2805 -3351 -8144 -15252 568 16239 -13376 -7618 7247 3874 -7574 6608 9278 -12393 -1934 -7640 -6726 13891 8195 6226 7455 -6025 -14083 -10644 -15721 -5394 -14618 -14008 -12723 -4344 10996 10927 13270 13214 63 9809 -3414 -12421 6157 3903 14783 -9365 13375 -5094 15436 4601 -543 -45 -2649 6851 -10794 5398 14908 -10389 11687 -3507 5046 10289 13941 -955 1586 15917 -11265 11640 -858 12571 -7724 10223 14937 11993 -1884 -14389 -12411 14973 424 15463 12048 4356 1590 -12763 9072 -5712 -13973 5834 165 -6151 -9735 4750 4441 13606 -5609 4030 -8933 -10367 -9329 8957 1472 
-725 3562 -6605 6627 4250 7358 -6130 -9604 3238 -9182 -11738 4516 9794 304 -5176 14450 470 1216 16216 -13833 -13777 -4563 -14243 -16037 7958 -11193 12316 -7902 -3699 609 16105 385 923 -12419 -14327 -15389 -7736 -10854 -2509 10624 -13262 -10457 -321 11045 9537 -16247 -7832 4104 7170 -11312 -1361 -7733 -6121 11390 -12572 -1128 3407 -5759 5069 -11676 15584 -5328 7913 13379 2614 13192 -422 -8973 -13970 5746 8806 -8850 3435 2100 7585 -2897 -9332 -2051 8626 6030 -13568 -15210 -328 1471 -6722 -1748 2895 -5651 -16098 8256 -1220 8956 -7163 6840 -13655 -2972 12488 2313 1045 -1102 
10393 -2941 -14635 -5855 -353 1733 5176 6493 4270 15689 2386 -12703 -1126 9999 -13471 -6801 8496 -9617 3276 2101 5579 -3838 12500 -2297 2952 -2121 13268 10815 -3810 -7941 7717 10426 6741 9991 -6230 4469 -6118 -5033 -11793 -2483 1588 2089 -8460 -14884 -2914 3384 10899 8823 12921 -1915 3204 9292 165 -10686 2307 9377 -11787 -13593 13847 -12239 7939 3673 -9353 -8535 -3154 1853 13073 -4793 11302 -11164 -12239 6809 -2134 12888 -11452 8539 -10536 -13555 12350 -12173 -5211 7593 -4698 -8689 4344 -13188 -7627 13286 -12329 16132 5918 -3435 -6076 9761 5366 2584 -15440 4191 312 -6799 
-14574 -9110 4716 -14498 6812 -2157 236 5690 7442 -2425 14923 -2818 -10048 13848 15708 10072 -4081 -11732 9428 -8461 6075 -7989 1684 12231 -11092 -178 -4722 2470 -11417 -8278 -11191 13521 -12504 9187 9739 -4168 7830 -2667 -4965 -5162 7194 -6235 -3927 1973 16341 -12274 13011 -15354 -7882 -6194 -15538 4577 13869 7927 7718 14371 -14840 13019 -11733 11758 9694 13401 -10127 -6077 -2892 -13235 8826 14529 11555 11290 1275 -1142 700 14433 -15039 -3532 8434 7109 12086 -13837 -15942 4062 14861 -5426 12729 -13754 -7808 -12794 -2014 7110 -1607 14731 -2013 -4183 -7205 -8543 514 -1758 10533 -1639 
-5678 -800 8889 12466 -9789 -15174 -3072 4119 13857 -5252 15794 8442 2278 -12584 3967 14806 2796 5489 15948 -14901 200 -10485 -6876 -7909 -16063 5333 -2380 -14135 -9376 -12320 -6791 15193 -3541 11168 2176 2219 1019 10920 722 12025 -3216 13164 4980 761 -14329 11064 -11248 277 15439 5430 3130 1486 -12346 -15452 -8359 -13512 12867 -14054 15143 10646 -233 -2047 3296 14621 -8771 -8679 -7426 4815 15921 -13781 -15964 3704 1770 2516 4005 -1077 10856 11642 8745 -2905 14961 -16303 3314 1643 12007 653 -702 4222 13878 -11340 1378 -10779 1396 6914 -8504 -8188 15889 7172 -14115 -3971 
7984 -15044 -13727 -8146 -10086 9966 15219 -5811 -2730 -8166 7738 -1369 -3106 -4227 -5085 -11777 -15880 -2364 7629 15242 -3545 7645 -11377 -2928 8388 -7072 9372 -12506 7863 -12512 15049 -10994 6085 -41 244 -14408 2701 -6921 -13813 -1190 2075 -12395 -2388 11058 -12000 -8841 16246 1253 1731 -15035 -5659 -14087 -15072 13011 -12837 -395 7507 406 12744 -10335 1336 -15577 9071 1504 -3397 8186 4939 -9550 -1841 -16341 6294 13261 -9210 2660 -7187 -12187 13507 9977 1690 -12934 -10985 -10998 -11146 10085 -14290 16338 -14735 15983 -7828 8735 -7239 -879 -3806 9685 -10373 -9650 -11041 3488 -1710 8375 
14700 -10556 11842 -6523 1120 8454 10343 -6567 -1195 -13629 11065 -5096 -8515 -12528 6764 14186 -12707 5142 14718 -11941 -4772 -2183 8664 -3311 -9217 1767 5528 15283 15611 -3386 -2829 4964 7280 -5888 15418 14683 11895 9719 4233 6956 -1184 10636 256 13085 12163 7762 -15692 -13401 -6983 8410 -13010 9747 -9362 13599 -8810 8766 14683 -10215 1652 9582 990 15205 4635 7765 11239 -9957 7596 9261 8599 11697 -3396 -12549 1394 1556 -14949 1764 11572 -4145 7736 10419 -11698 -1702 -11860 -650 -8210 4237 4698 9013 -2364 -4826 15544 9433 -9134 5501 9911 7974 11228 11088 -10301 -3881 
16138 -12622 12141 5088 -7147 1301 8372 -8758 6045 12927 -14362 1327 6183 -11564 -16091 -5539 -14039 -16065 -14957 -16112 -1083 -1078 13587 -9903 -11485 -3833 -11598 -6797 6749 1500 6569 15155 543 8564 12552 11768 -9257 11596 9210 -16342 2186 5986 9384 2484 -3759 1153 16324 -11866 -151 177 1708 -1812 10729 7106 -10704 -3024 -12514 0 -9 13014 12148 12538 15500 -3809 32 -16267 -5126 4958 11073 -6283 -13544 -14240 -3130 4465 -7315 -12065 -11559 1951 7094 -5588 1277 2654 -4335 -1564 -9025 -14646 -3911 14547 4365 13924 -7563 15086 -8913 5863 -15463 -11657 -6055 -14289 -8530 -5072 
2786 -438 -1095 8903 10012 -10838 -738 -6325 -5175 -2198 -13016 15562 -2513 7108 8750 9493 -5681 -10083 16220 -873 13246 -13776 -2027 9047 -12391 -15393 -9223 -3819 1047 -10465 4496 4744 11589 7818 1417 3518 -13732 -9465 13479 -13418 9518 4381 -2493 9311 2379 -2978 -12944 3484 8359 3832 -6458 9943 11261 13150 2244 938 -4931 -6627 -8997 12502 13988 3521 5900 4739 16118 -10513 8758 -9825 -8371 -9594 5879 -4518 8724 13300 -7371 -12858 3741 -10839 10305 -1901 -13612 2454 -2656 12527 -14186 11243 9838 -6778 -11096 -12835 -14487 -14440 -689 3730 2958 10813 -6527 6197 -2710 -5946 
-15937 -12511 -1288 12851 16263 -7891 2602 14296 -3981 798 -3057 -8937 11231 -13772 -7015 9788 12882 12244 11520 -15226 -7834 -4772 -14640 15667 -4254 -499 5506 -13870 -15246 13593 3282 12175 10107 -2603 406 -5185 5268 15361 2894 13172 13077 -15811 -955 -7101 344 13453 5723 9241 -5118 -749 -15770 3652 9987 -10026 12346 -5241 15912 685 -6827 4957 -3244 -7593 -8167 13399 8271 -12897 5564 -7783 -3515 2479 12491 -7306 -2860 -9601 5711 -5836 712 3678 -10349 -9757 -11666 5030 -10614 8799 -3189 -14714 727 -402 13552 -15120 13681 -9477 1972 13993 -12052 3961 5639 6009 -5031 -13220 
-7257 12656 -4399 15545 -4616 5472 8601 -1786 -7748 -158 -8468 2292 7268 13703 9048 -11662 -12534 3752 -6193 -3132 14596 -4272 -13755 9928 4127 10958 10998 -5295 -13202 -10655 1110 -10587 11717 15491 -7288 1561 -3889 15966 1936 -11563 -13888 4438 -13037 1194 -9553 -6476 11454 -7656 -1141 11129 12880 7013 -13903 11851 -3526 11999 5407 6528 9189 1084 -7856 -12463 9888 7439 -12371 -10718 -10465 -10125 -5724 8949 15262 -6211 -8096 12277 11443 12896 -2021 -4824 -16215 1774 -2788 14644 -8313 5934 65 12379 1469 -8865 6465 16252 -9373 10388 -13190 2374 -6620 11832 617 -13430 15295 7841 
-8508 4767 15153 -9511 -15065 10492 -3462 2419 14709 -12066 -2303 -6000 -3641 -2537 5789 -9478 4099 9726 -6342 -12704 6417 15229 -9443 14519 -8265 -12994 8140 2746 14598 3061 11670 5505 -3975 -8487 3508 326 4514 11302 -750 4926 15752 -9260 12724 8346 -7782 -15780 10432 11428 -14783 -15952 797 -12288 2843 3648 5822 9985 -14636 9776 -1401 9522 8337 10401 -3375 -13329 -9966 -9440 -15212 -7648 -9890 -13519 5415 -5347 -734 6660 7343 15015 -4449 8255 4380 9227 2630 14313 -12333 -7589 -8212 6784 -5133 -2099 1948 -7906 -6338 -7619 8212 -11061 -1127 8901 -4904 -8978 -1222 13954 
10725 -1578 -4761 15980 -13556 -9876 11741 13396 -797 13308 -2851 11017 -8863 16170 -12857 14220 525 9466 8808 -16009 475 3327 8414 6260 -10083 -6740 -7651 -13086 6681 15296 -10474 -5750 2756 3539 8827 -13176 -11244 10758 9515 -706 10866 -15407 9006 -646 -9508 4077 1893 13232 -10739 -11158 -5176 11354 -4258 -1326 11347 4213 9525 -11645 -5497 -12513 -5855 -12013 1937 6226 -632 16099 15122 -6452 7940 -8751 3203 -2305 -12455 14327 5436 10554 14338 -6993 4377 -4892 14966 12682 -7232 -3371 -7184 15761 -10102 1245 6891 13449 772 89 -965 -1951 -14823 4599 -581 9924 10198 -3948 
3243 2245 14291 -2765 -607 6829 -4557 3622 -15325 -1559 2383 11073 2006 10008 4092 -7870 -12962 10810 15981 8774 2250 -14595 -15425 2413 4019 3879 -10727 -10346 234 -16080 -15499 -8388 -10285 225 -15098 15735 345 6189 -1218 -8679 -6009 3610 6259 -5913 4279 464 -8153 -10755 -3213 -10296 -16149 1869 -2082 -6376 -4379 -6858 -1578 -2846 1277 7240 -2399 -5149 -11623 14880 5448 -8672 7175 1896 -8052 -332 13193 7407 10362 -7747 -3854 -11794 8615 -3986 11757 -16029 -2053 7991 3308 -15218 11059 5144 -3934 -8048 10991 2828 10800 -15060 -14228 -6502 1005 6813 13270 -1410 -4411 -864 
-9402 15996 14402 8324 8523 14158 -12489 -15243 304 941 15612 9678 -10557 7043 6495 -9052 8148 -4295 -8415 6743 11594 13602 10017 -5796 -9770 -11504 -4064 11279 -950 -3593 14632 14523 -5230 -5692 -11116 4277 2629 -11446 -1618 -12138 -4129 11849 15102 6044 -6762 10663 10031 -15316 3279 15285 -1393 872 9524 -10078 -6342 -11787 2157 13569 6621 11216 4464 8838 -16095 -13992 -14978 13510 -599 -6307 13490 -982 -16189 14445 10304 -15104 16288 15656 -11199 -5982 -16055 -7742 -7377 -8500 11543 -8545 -12039 -8956 -8218 -1518 11195 -3541 -4657 -5826 -4077 11305 5783 11790 -10476 -2625 -11600 -4008 
3041 -1427 -286 -4072 -8481 -373 -13170 -12593 11407 14700 15511 3585 -12801 -8266 2791 -16170 2276 11206 4243 3793 5453 -11704 -15709 -14923 -4353 -3877 4984 -10114 -14239 9449 7379 -13949 5403 6286 6263 7601 -15799 -3160 -12940 5867 -11699 16132 14343 4999 12876 -6223 -11734 4330 16192 12389 684 -4276 4272 -236 -9979 13454 16128 5272 -9294 11328 -1167 -9085 -12481 -7495 -4178 8969 -1041 6485 -1273 7954 6140 -3622 837 -8602 7300 12014 12066 -15879 -5366 1976 92 -10148 -13923 11424 -7314 1100 -9312 15145 -5404 -676 -8914 -269 3152 -10040 1823 -554 -11034 -6053 8628 -4832 
11175 -8825 -5163 -12808 -10426 16011 7418 3795 7565 -9272 -6219 12315 -3454 4902 722 2537 -13035 -12372 -8415 -3871 -10380 -11484 -12327 6193 -12021 -2062 2976 11958 6157 14590 3124 -10962 -3914 -4671 -3415 11167 -16358 -14221 13909 -11310 4249 -15267 1111 -6416 -10753 -11711 -10824 -957 1838 12526 -7629 -240 -15490 -22 13726 12695 -9813 14911 -12817 -9418 9841 -6289 -14374 16282 -8001 -3972 -16347 7469 2444 10007 12161 4231 -10926 11505 10011 -9454 1309 2344 -3143 10953 -15031 -9775 -12924 8467 -14386 12202 -9620 -2366 -4033 -15893 -5835 15152 1886 -14293 -5358 -13182 3149 -6027 -11788 -14594 
-9877 -14475 6507 -13939 -3388 -5949 -8145 3421 -3029 11606 6210 -4455 13550 -8689 -3139 9287 -10450 -12189 -11219 1356 6353 -11470 8864 -10109 -9185 12715 5704 -12800 -531 14950 4035 -8340 12160 -10105 -12546 -2687 10746 -4851 -5699 -12114 12658 13897 2240 -11571 -596 13156 4492 -6137 15980 4622 717 -4911 4463 -11186 -5796 3848 -8192 -913 -3095 -14287 14891 11534 -13506 11988 -6758 -13494 -2778 -769 -2558 -12020 10225 -13856 -6847 7548 5278 5249 -16114 12685 -12898 -8784 9299 -6487 4151 12014 -11740 -12930 -10604 3229 -6066 752 14431 -3791 16275 -5848 -16367 3987 12162 -11590 -1329 15010 
3046 -12805 10488 -4146 -11807 -8597 5449 8915 6815 4678 14492 2204 2480 558 -4006 16191 3323 -5893 11637 -12002 -7084 8620 8728 12571 1714 -1681 5094 -4603 6918 -7213 6373 -1272 -9548 16150 9470 2902 -11360 -2414 -4565 7901 8172 -3766 -13003 -471 -14001 -9574 -7905 865 11777 -3324 -9429 11876 -8866 14109 -1665 8716 530 -13664 -10643 -14203 4082 13713 -11691 -820 2934 8602 -465 14163 -7991 -6803 3249 -9283 -8062 -13226 -4077 -6734 6138 10217 -5517 -11538 -9405 -9773 -2335 -14256 -2375 9153 4352 4128 7743 11125 334 12142 -12271 -16143 -3063 -3959 313 5315 -16201 -8029 
2472 11384 -6072 -8564 -6676 805 -4125 -1900 1152 -7144 -8637 -2174 -2869 11684 -15931 5305 -4687 -13805 -15096 -1677 -15928 -13139 -1993 -15073 -2257 -16146 5358 -1828 -9974 -9779 8896 -14817 -1909 -12497 603 -8599 13236 -10380 1360 553 -2134 -13535 -10118 11450 5286 8372 9984 -9345 6544 3726 -1023 3617 -13003 -16126 2259 15856 -1255 12930 5617 10848 -5646 -11277 1145 -1884 -3653 -11506 -6570 -15249 -14486 -4866 -11513 -8240 13382 -9470 16131 8242 3808 1854 15296 13946 -5211 -10320 9816 12357 6932 -720 -5424 -8127 11162 -11091 8701 2995 -15103 2160 -4084 -9457 -11386 16273 10661 11192 
6294 -13952 -6732 226 -10464 -11339 -15923 -3706 -3707 -10368 16177 4491 -4295 3571 15993 -3076 -14 -10252 16343 1132 12926 10344 11774 5487 13631 7811 6565 8762 5687 7732 -5196 -7836 6343 -11083 13314 -6468 -10494 14135 -9535 12881 1184 10675 6783 10889 -13926 7124 -14126 8034 -13734 2570 5016 5325 5011 -3919 -1823 12849 16314 -8345 -8334 -11004 -13285 -1421 -10768 -7028 13192 -10150 7838 9403 1210 -13947 -12852 -6607 -13760 14357 -7979 4436 14867 -4656 -11316 10899 -15657 11820 -9285 3521 11426 12930 2960 16020 9087 13910 -13922 -13241 8573 -7733 7107 -6580 -12699 42 -4044 -8133 
2836 4249 10458 704 -403 -8478 -12447 10181 6641 -3486 -2092 16298 11253 -16102 -2066 -605 13688 13529 14584 2358 -9831 12431 2643 13022 -9046 -7242 -1381 -13886 -14102 -9758 -8849 -12138 -4389 -11151 -15400 -4197 5941 7253 -12980 8634 -9088 6661 -10410 15044 -15805 8587 12764 1231 16355 177 7686 -11598 5395 -692 -576 1447 -8723 4529 14818 9223 -862 -10946 1276 16169 3803 7943 -16207 1630 -15195 4267 -5180 1295 3850 -10440 7870 10749 15433 4159 15667 -10846 14252 -7930 8613 -12893 -15621 -4662 10766 4989 8081 -200 11014 15418 15642 -15367 -4217 1873 9185 15449 2897 4772 
-3897 -481 -6667 10654 -10019 7795 1145 -12942 -13673 12272 14237 13429 -7518 -7469 -2879 7845 2651 -2749 16236 -707 13797 -15928 10611 2934 -10273 -9777 4027 5738 -16199 14945 -9820 -11765 16296 -14098 8458 14660 -1212 -6603 -14094 5948 6069 1371 10438 -2135 -8050 -10986 4678 -9129 -13248 10486 6149 13761 -12492 -3877 6803 15574 5243 11389 -15802 -5170 -11731 -5858 11158 -3027 3924 -2221 11313 12255 -11892 9976 13972 11129 -14285 -2244 604 1942 11069 -14134 16160 3921 9142 -16355 14340 488 13256 9710 -4652 11640 13435 13246 -12847 6363 7946 -9591 -13548 6822 -2089 12683 -16236 -9400 
-12031 -9413 8654 -8122 -1383 -12722 8201 -8550 5757 4330 2620 12849 -6711 5108 -12906 -1909 -14865 -898 7328 -5002 -3220 -14000 -7414 -16147 -14305 -7522 -13304 -9964 -13506 -15918 -16032 -9379 2285 -137 -5879 15804 -14474 13645 -14470 2319 -12264 -15756 -13179 12691 8581 8120 12518 648 500 4613 10853 15084 1751 10476 7325 6494 -14285 5979 3168 13585 5522 5218 15295 8696 8862 4648 -2893 -518 -16044 14581 10329 9555 -8230 13410 10470 -5101 8182 165 -7135 -9542 -476 1536 9358 3064 7755 -4015 -203 -5748 -3051 -12101 13318 9786 7394 14201 -6431 -3336 -7840 5068 14134 3355 
-2880 -14331 -9130 -7230 10127 -77 3149 12876 -7128 -2569 4979 3581 -5430 -1556 8839 1205 -7341 7992 -1664 2769 -1391 10425 13544 5676 -7879 -9388 9198 -7114 8829 1758 11519 2362 -6074 13108 -6375 1718 -7420 -161 11685 -14628 11046 -7959 5383 -1234 4658 4419 -14915 -962 -1669 5983 -7128 -6004 -7054 -1197 -13582 -8063 7330 -11732 -492 -8816 -8892 -4133 -9092 -15755 7282 11585 13904 -7539 10244 -12186 3547 -8611 -5122 -15177 -5878 -11480 -10070 -3709 14746 -1104 -433 7298 473 22 5252 -6523 -1010 -11563 -15573 4159 10879 6369 8958 -10947 -10730 15077 3024 -13591 8615 -8797 
-6564 -11839 -2087 8044 -10310 -14690 14759 6343 15482 -15833 13195 15910 2394 -11171 -192 -7987 -14443 -13751 6186 11461 734 11208 2138 8709 7929 16256 13369 9896 10988 741 -5430 -4014 -6185 9324 141 8868 -9880 11736 -9459 8423 -10765 11434 -3330 12478 11305 -14677 -3319 11276 5229 -14180 14640 8173 -15415 -8955 8402 -10535 5761 14626 6996 -5157 -6061 11763 15716 9463 -12222 11109 1762 -3421 5649 -7259 -13468 4709 -10403 -9078 -16036 -3437 -3511 -8920 -8736 5423 -5156 -14982 -15601 -12310 10229 -465 10003 -6344 -5919 -12641 14800 8856 11406 1743 12066 6127 7527 2983 13251 3075 
-4923 -3267 13016 -6628 3333 -191 -3566 -11072 -7868 -7279 10864 -7789 6316 -6433 -7249 -11691 2929 2948 -1975 -11010 3941 3697 -14308 5372 -9684 10804 16303 -2154 10004 11310 -1505 -8862 -2419 2526 -7271 -6424 -8903 -15282 -7540 -9630 -1881 1953 11621 -5997 16297 5318 4863 11980 1096 9024 7071 -3065 7513 2325 2208 16163 -12872 5855 -10055 1094 7957 13814 5855 -14502 1654 -2365 -9776 12709 -14270 -8919 -1482 14484 12798 -9963 9581 5003 -8287 -1746 4843 -8468 -7546 1438 -15806 -5584 -16373 -12024 -14388 -12503 -8771 11659 -12822 4189 4405 5115 4336 7303 10635 11049 15273 13616 
-6034 -687 10876 -10636 213 -13911 15154 -8744 -11939 16 -4259 -12721 12343 5339 -14498 12115 16068 -1340 -9207 9513 -9527 12532 -8978 54 -7359 -3270 14654 8582 9946 14923 -9902 12900 -3576 -9663 -4404 -13028 -11592 11543 353 -11051 -14421 -10391 -445 -9582 12646 -10957 12317 3407 -1326 7366 9667 -11455 3941 -14887 11634 -13778 -11004 -15699 10934 3315 -146 -9881 11509 15389 13148 11124 -13169 -6231 3891 14622 -2906 6109 -12458 -4299 -8312 -11440 -7135 -4896 11182 8189 -4223 -12405 3945 7562 -16351 -3343 -11998 -2400 74 13137 -13756 1898 -4525 -8265 -9537 14136 5303 10856 -11470 9015 
6097 1400 -1108 -10161 -12502 -1680 -745 -1498 115 9248 4923 -10948 12827 11660 3428 -1501 11142 8443 -15446 8167 -10016 14370 -14638 11143 -5996 -14729 12506 -9583 6245 4760 7200 12001 -14304 3042 -6368 -9851 2036 -5609 2782 688 -1945 -6864 -5646 -4892 -3602 -11446 7714 4390 2593 6835 -5451 -3486 11408 1565 6476 1510 7486 10467 10101 12033 -9551 8576 -13624 -5179 -2646 10263 -3667 -3877 5247 -2268 1737 4746 -2037 15432 -8963 -1835 -1978 -8388 -13809 15536 3710 3284 5615 11370 9001 5180 1185 5410 -2722 -15303 -8005 3944 4583 5788 3219 -4867 -4099 6099 -16383 1453 
-5736 6292 14530 -16047 -6807 -10327 -15480 -8983 10349 -3616 9108 2269 -6871 1563 -250 7773 15988 7036 5562 -13863 5118 -2126 10455 10400 3668 13159 6383 -2138 163 -1324 -7995 4439 -10742 2148 12982 6301 -8050 1931 7872 -12548 -78 11698 -14559 13257 13485 -2236 -13916 10902 -9663 5849 9093 1700 -10709 -15219 -2570 -1659 14914 15199 12614 731 -5335 -11564 -13144 7990 673 -15730 -12141 5135 -15482 15916 6608 -10518 5471 14127 -9441 11663 7576 13066 885 -14990 11351 -15535 -12563 8225 -11535 -12797 -6076 -11532 6656 -3072 8454 14265 -4836 911 -6572 -13147 -3541 1295 14401 8512 
8797 4040 2534 -12657 6848 13521 4091 6221 14964 -4566 9254 -2741 -15226 8155 734 -8979 -9380 -9902 -13844 -10297 -13352 9412 15770 -3747 15877 -11582 -1419 -14079 369 -12316 -9808 8140 -13537 12953 -4564 -7736 -9438 -12521 8226 -14306 8143 16222 3428 -11648 3223 -4744 -3004 -2654 -1416 -12874 3867 -804 2070 5928 -6545 15585 3955 -6104 16312 -10844 -6335 -6904 -4407 -7854 -14888 -290 -4145 3696 15311 12408 -12289 -15587 -9164 8037 2776 1898 -14248 12065 8715 5341 -2736 13418 -10755 2318 8455 5800 1263 -9886 3313 -12930 -10550 -14868 13413 -14218 -1159 10601 -11116 -4398 -7686 9315 
15381 1397 -4610 -16026 -2002 -5895 -11727 -12186 5524 10708 -10976 -10438 -13582 14507 -6467 5433 758 -3904 3208 14331 -9205 -4481 -13739 -204 -11347 -16340 -12883 11698 -3234 7855 -15910 -14978 -2751 -888 -11637 11542 -2486 -10025 793 -1071 -5096 -7028 8301 -13483 13416 10164 13191 3130 13359 -2835 -1371 -1078 7244 6376 3844 -1832 2528 -11228 -689 5574 -10172 -13132 13978 -6756 6812 -14803 -8173 8777 -11500 3514 10044 -5626 7599 10308 -7968 -3639 9408 -3901 -10103 10988 -11008 -2903 -10574 -1559 -6334 -907 902 15413 -2610 -12708 -5043 -1214 -3248 -9958 4456 -13671 -1676 5343 768 -4324 
1304 2143 12871 3425 -10714 -6 15715 15667 -14075 9489 7149 44 8113 -15503 12826 14709 -12168 10976 -3962 -7002 4160 15054 -14702 -5695 -4465 -14816 -12946 3153 -1772 7452 12735 5032 -798 11137 487 -5569 6983 14504 9956 4655 2113 -2084 -4640 -4908 -5997 14017 10315 -3190 -6791 6120 2223 8071 11268 -6280 522 -8479 11789 14334 4056 5281 6856 5471 -4931 -15859 9469 15324 -8762 5883 -13087 -7860 -10161 -14503 900 15967 -6003 9154 7661 9749 -8527 4931 11730 6471 -5969 11317 -2586 -7083 -8543 -13764 -12329 -2827 10195 8036 -1571 13860 15973 -8605 -7688 -8146 -2160 15345 
9405 -13599 -10610 9548 5591 -4136 -12255 10705 -14320 -5398 1207 13757 11023 -6470 5935 -9205 -2895 864 -6588 3438 11254 -6850 3723 14966 -13410 14822 15139 -312 4699 8497 -5390 4989 13993 2147 -3953 -6490 -11193 9600 4808 -10786 2371 -8005 -11319 10772 -10051 6651 1245 4709 2353 -10089 -4899 -1003 -11142 4885 -6356 -14924 -8360 -8924 355 -5288 3764 -5727 15767 -5635 -3982 -4403 16188 14336 3551 6805 -14162 -12092 7637 -6909 3922 -3739 11365 11977 3173 -15200 -4557 14836 4186 -9268 5483 10935 -287 -3335 7765 -8617 14737 7726 10640 1595 -8403 7625 6624 5405 9603 14329 
-13394 11347 13309 5470 -9198 -10432 1216 16073 5526 734 -3469 -1514 14466 16245 14501 -7122 -2856 -1440 -13097 -14815 3044 -516 5658 -15512 12153 9658 10589 8001 -11069 -11186 -12209 -2260 -12100 -9739 -16156 -3957 13381 6379 2942 -2209 -549 -10760 -6734 -13275 -10517 -15594 6060 16087 13003 -3509 -3526 5384 -15025 -369 -11415 14624 -6403 -10020 -8234 -3905 7397 -14500 13964 -1996 6679 -15176 1421 292 12474 3460 1272 12864 -14144 -13872 -305 -6615 4665 -7983 10587 1893 -13998 9396 14900 1931 482 9355 14313 3955 4262 4698 12354 9886 -14318 -13501 6438 12206 -8500 12247 -15834 14343 
-2625 6788 -9061 14475 -11311 -7645 -16266 1404 3385 -2398 13212 -13453 -5000 -14887 6644 6021 4842 13934 5129 2173 -6399 9970 12878 -6339 1559 -257 778 1078 4069 143 -7976 -10224 -15970 10089 2001 1371 -2407 1198 5970 -1668 -15178 9351 -14755 2716 2632 11250 12453 4306 -7246 -844 -15821 6234 7834 -12960 -6234 -5387 -8001 -15476 -14045 -12696 -10128 15899 -2607 -2535 -4958 7598 1544 -14900 677 -1747 -9712 9091 3964 -13188 15240 13949 -13617 -12480 -14477 4430 -1658 -15913 9937 -6875 -6659 7775 15348 -988 15318 15333 2652 -10016 7543 4536 16189 -1793 -5863 -5937 -8021 -9990 
-15486 -5796 -13988 -2320 7767 4730 14091 12978 4121 -13828 -11896 2262 -3149 -11692 12371 -14596 -6730 5291 1256 -2267 -10967 -13047 12195 -8135 -505 -14686 9544 6559 -15537 -2489 11046 -12288 -326 -7946 4064 -1763 -1004 -9087 9937 -11049 -2510 -10142 -5101 14661 2948 -857 -10461 -14343 -16303 3329 554 -13740 -15228 7665 -5149 4880 -11475 -13804 14877 -7467 8590 13715 741 -4614 -3110 -12873 -15796 -16026 3455 -11638 -15673 -7033 -11481 -10065 -8642 13944 5190 4428 7596 9272 4697 -14818 -8855 -2546 -1103 6042 15368 4608 12274 11081 14825 12667 -15323 6192 3925 10246 -9106 -164 -8376 -1753 
4451 -8558 3287 7007 14081 -13538 6453 -6582 -1212 -7488 4188 -13865 -3493 -8005 10830 3245 -14722 -6912 -6401 -4185 -7835 7041 2776 13423 1374 4505 480 9534 -5118 10144 -12414 -9283 8332 11412 -12050 9467 -5169 -11796 14373 151 -14389 -14979 -14945 -10000 -3868 -8299 -6520 12943 -13641 -3297 -590 12447 -4463 -4620 15637 -4980 -9851 5962 5620 16063 -12254 -9663 -6746 13954 11718 10895 9464 7927 -2660 12627 59 3899 6950 4096 -8737 9120 6270 10089 -1599 7696 2086 -3853 -9457 -13434 6273 6112 2765 11438 -12569 8383 4348 -90 12377 3320 -8609 -5931 1503 2172 -5917 6383 
4723 -12397 -8031 -4590 12449 6853 905 11779 -4682 -269 13733 6027 -10086 -12423 9216 10485 -9661 12417 -10196 6578 3535 10100 -15772 9484 11829 6019 -8102 -7153 -12383 14424 -14696 5246 14945 13539 -3453 -13574 -8823 -16311 -5366 11828 -4328 3823 -10782 -1700 -4132 -15957 -14476 9099 -5918 -3822 13148 10867 -10103 9956 920 7696 -6847 13213 -957 11149 3031 -4576 12803 1345 8051 2947 -1778 9675 4393 -8953 -11571 3153 5424 -7656 34 12255 -9285 15494 -428 2019 13160 13519 -11123 10189 2914 7309 14340 3020 -5368 -764 11461 -11091 5455 8142 -5869 -12075 11699 8110 -7826 -12187 
-11058 -12422 829 -7563 -11638 -6870 -15342 14704 1024 -2298 -13426 5272 -7451 -1802 7655 11420 7333 2026 -13035 -16034 -12520 -3726 -10610 1735 8405 1375 -3151 -12589 2863 -8289 -15665 -4447 -13373 -2017 -12599 -837 5042 -6430 7005 9836 10873 -5592 -1012 -1465 -9629 -9023 7064 9661 7327 -5512 14901 -15392 6907 -3933 -14264 -1221 15668 6351 9162 -14118 6129 -9325 -8612 -2467 13139 14706 4570 -9920 16179 6139 -5711 6446 -5391 -12058 9915 -9331 14060 8555 972 -11764 13722 -14415 210 -13714 -11714 15443 15006 -669 -11463 5659 5451 -1404 -4602 -14907 8001 12148 -7474 -2064 13021 10271 
13723 2866 -841 -14829 15156 10301 11400 -13053 -12400 10803 13998 -15773 11237 9489 11351 15909 -3475 -1984 -12224 -5477 9647 -1219 11807 4462 -7814 -3471 6827 13250 -13444 6676 8766 -13450 -11915 13634 3101 -3210 -5360 12074 14430 -10936 13655 -940 15980 -9824 -8758 2583 -11727 14881 -3308 10787 5590 12863 -11933 2099 7730 11571 89 -10284 4038 -4315 -1878 2137 -9621 -10401 -6323 -4887 14735 -1613 9294 -6488 16169 -4874 13136 16136 -12496 -13154 -15466 60 4553 2943 -14912 14778 527 -10836 -13025 16119 -8335 -8335 4782 3625 -6210 8053 4005 11581 -8244 4598 -14930 -5407 4281 -15578 
-5443 4530 -43 -342 -12666 15245 -14553 8760 -4205 4861 5263 12632 -10758 -3902 -2667 -6083 -5711 -7289 13765 11202 6791 -12370 13758 -11118 -12359 -2757 -16175 -3239 13605 -13850 1863 -13268 7206 13637 847 -6400 -14843 -8928 11899 13133 3599 -12330 3564 -9013 2385 -1292 15124 3918 -11803 -1059 12062 1988 -11281 -1892 14067 -4010 4656 -12593 5602 9634 -1986 1716 -796 8991 -4009 6238 7297 -2925 4824 12538 14171 10934 -6826 -14780 15182 -3853 16207 -6642 1850 571 2694 -12297 9062 -9455 13553 1841 -11639 9884 -13735 10868 366 1263 -13434 8 15164 -6051 -1765 -15368 -6055 -6144 
-6131 -6567 15857 1362 -10829 1984 -7136 747 -11902 8651 -1871 2657 -3488 -5680 13448 -187 -4709 7081 6571 -701 1405 -1368 12257 8026 -6778 -2402 -2563 -12734 8766 782 -12862 -3101 12973 -12679 -14229 4602 -9870 10185 -9777 -9776 4980 -24 6181 795 -15808 5475 -12685 16381 -6153 -1985 -14457 -13276 -5398 13285 -10330 13567 -2355 3377 -13615 6440 12685 -7522 -600 15576 6600 -9067 1779 -3700 1248 15323 -2107 -4419 -11597 13344 -10172 -9787 3313 -8018 9999 -9514 -14317 304 -16058 15644 15339 -13142 14632 14332 10726 -14209 -16027 8045 -14636 12706 -3337 -9861 -409 9705 -11339 5858 
1608 -9359 9071 -4912 -10551 -11215 5560 3516 16191 7083 15947 -150 -5128 15543 5654 -13303 -11314 15727 7893 -13204 9052 3904 -13468 -13971 -9250 280 -3428 -11672 -1129 -7758 13022 -14629 9718 8197 -13254 12579 -7869 -10283 5933 12378 8183 -10151 -8684 -12458 -5195 -11502 -221 -14651 10203 179 -8935 -14230 445 10804 -15237 4482 -15241 9211 2945 8761 -6556 -5844 -11622 6224 -14792 9495 -5232 -13612 11693 6343 3409 -6914 -12315 -5456 6738 -8650 6485 3705 -8295 -13013 -14493 4849 -11682 13330 -8812 -15338 -3499 1034 11883 12102 5779 13709 -12838 14225 2836 -3041 -7337 2080 1247 -1284 
-3693 -11577 4813 -7935 -13868 -5969 -12044 12709 228 -9427 -15197 -12007 -9298 -3419 -6383 -13949 -13971 -5727 1183 16223 8583 -1544 14015 -5376 -1275 -5599 -8582 5411 5024 -5986 9617 13497 -9087 9100 11344 -5183 -7536 10832 10724 -16063 -6034 -14490 -6802 5737 10248 8267 3486 -2859 -11821 2449 5381 -3104 -105 7433 -9999 4907 -3855 -16364 -1803 2104 1888 -6132 -6891 7464 6147 2774 -14203 -8551 -14106 -13934 5904 -2397 -12289 866 8997 13050 2497 7775 -15757 -11225 -685 -2909 10035 -7193 1126 -3208 13330 -3923 -4951 6823 12467 11322 2275 10725 -6956 2915 -14427 -5537 -16361 9445 
1441 8813 -11164 11626 -3678 -7843 2293 3750 -2015 -3747 3064 14226 -13191 -8813 10452 -7216 -14912 6720 -14062 14367 -6853 -744 1504 12806 -908 -11353 -12228 2183 2290 1508 -10830 15361 -1139 -11551 -6198 13104 -16027 -10862 -13301 -7351 1141 8129 -1380 8501 14801 -9956 -3691 -9737 13169 -4003 -7461 4128 2993 3232 8872 7287 -8097 3276 -9033 -12368 -3208 800 13827 13130 -6281 15078 8495 -14445 -4782 -2499 -13424 15551 -9717 12807 10442 -15061 14823 -8710 -15582 16056 5958 5835 5720 4427 -13543 4222 -9417 -16277 -13071 -302 -13901 -12806 6337 -5680 -2122 11291 -8150 -901 6784 7213 
-8842 -1125 4274 -1819 15916 12971 15086 2447 15174 -15125 -14042 7280 5387 -3962 -15753 -14788 -14211 -3604 11703 -15174 -2955 -10956 -8037 8832 1114 9135 7030 -9775 -10637 -1125 14248 -11109 13277 16359 -12643 -14442 4134 11817 -8331 1662 9852 -14168 6477 3962 10891 8842 4130 11150 -7446 15398 -15784 8770 9016 15724 -2853 7775 15311 -902 3057 454 5405 -8637 9875 1657 -13164 16222 -7556 10925 -14011 13053 -12598 1556 -8683 1519 13125 -14797 12178 5075 -3512 12254 13163 7273 -5310 9185 16260 -6405 -7201 -15181 16044 8685 7632 -1192 -16139 3180 -8402 14690 15780 6204 -11395 -2551 
-813 -11868 -13479 1133 16025 -1156 184 245 -10771 -4770 9682 13256 3343 -7695 9378 -6543 -13911 856 5395 -13672 1662 9154 4034 12258 -10043 12309 9058 -6413 -10467 2749 -11575 -12412 -10210 7320 8589 12196 7833 2570 -10925 4637 10599 6692 12717 2535 -801 -520 5286 -10034 -9234 -14845 -1564 5929 1743 -3144 2673 6849 13659 13625 -225 -1336 8967 -1765 15246 12025 8817 10326 10196 -6185 -12641 -2986 -4414 -8695 4044 -14555 -6458 -2343 -13848 957 2936 15315 10914 -7052 3517 -15484 11563 -6775 8330 -14000 2435 -13867 -14257 -11651 -6799 -6251 4856 -8633 15641 2906 16025 16160 
6454 -8421 -2896 -9454 -14102 -7334 -8184 12600 -2763 10362 837 8799 1041 5674 -10742 6850 -7904 12017 -12615 -9493 -7672 -8733 7901 15789 7269 -924 2099 -1721 9057 -8671 -12214 -1636 -15636 -12010 -1846 4502 -4470 8128 606 -7775 14803 -15508 8248 -3764 -12154 5279 -7625 6658 1081 -6226 -1111 238 9654 9056 -4937 -522 -15 -57 -2965 -4649 -5481 15141 -11953 3431 2634 13058 -2373 7152 -2951 -4269 -842 8880 3279 -12850 12415 -8330 4685 6993 -13392 -4001 -3582 2425 -2042 -330 5466 3656 -6711 -14605 543 -9224 -9525 -1070 -15868 16099 -16361 8860 10207 -12388 -11216 9852 
10372 1808 -14340 256 7475 -7460 11331 -2631 -6733 -6212 13793 -268 6 -4079 -386 10654 -13376 -11112 2045 15934 -12547 7475 -6016 13588 -3339 2008 9484 4952 -12745 -11360 -7979 -4201 12918 -8719 10009 -1233 -11251 16339 13747 3825 259 14681 -12745 -10018 -558 -9936 13242 -5886 15794 -4534 6976 -1162 -13163 -3659 -2891 -646 -8009 13950 4765 -5192 10715 -12855 -10666 -14436 5149 11507 9981 471 -11161 -15376 6393 -10245 13450 -11864 -13283 -15559 13554 -7022 9833 13886 14846 5467 12670 2101 6900 10681 151 2783 2197 -4781 9523 -5674 -7846 11986 -10146 4327 10562 -4333 7826 -2155 
-1202 -3989 -13245 -12366 -5485 -3039 -3842 13600 -5901 5107 -12490 7343 -5776 -14904 9892 -8167 5158 14204 14161 -6881 476 -12078 827 -562 5438 -13957 -2919 16340 10163 -7861 11971 12548 -8242 -6012 -4166 -14605 10090 -6588 2120 -10319 -10401 -13551 4300 14768 -12588 15755 8349 -3908 -13257 12090 -4591 -6633 -553 1910 -8926 -13890 -8171 -11651 8884 -9536 7995 664 -15745 -2878 -11533 -3723 -12915 -8040 2396 -4214 -6298 1542 14274 -12378 14295 15517 -14604 -862 3925 6586 4403 -14546 9217 14753 -14381 14780 -4781 8639 -10646 -8045 -15268 -1530 -1625 5111 3758 -1175 -8247 -3461 -9755 4479 
-14155 -9872 -4668 -12995 15274 -13970 -1275 -6445 2205 -15096 11448 11441 -5338 -10347 590 -8804 -15077 4641 -1991 3056 1736 -4996 9530 -14334 -1342 6242 4672 -4202 -13476 -2862 13040 8323 14271 -4238 1231 -5009 3747 -15834 -1280 2989 9372 6840 -845 -4805 7195 -9558 -9181 8673 -2821 15647 -13245 -16275 -1604 -12046 -1283 272 -16296 -11049 5662 -4635 5303 9140 8410 9856 -15671 -244 8177 -11077 -10697 9609 -15755 4231 1469 -15440 -13007 4341 8224 -4951 11949 10317 -3904 -5835 -15910 10574 12754 -13646 -6833 -3187 -15818 -12207 11573 1265 -2840 -13216 5583 3667 -4068 -10310 15512 10555 
