100
20
-8490 15233 6557 12790 -4879 -11572 1724 10056 13313 -6713 6869 -1995 -11620 -13289 9662 5081 13355 15878 15617 12901 
-12292 -14388 5183 1781 -1431 5995 6828 -13566 -2514 2881 -9300 6523 5072 1830 16530 12156 -13005 13878 -3710 -14172 
-5316 -203 13156 -4861 -7251 4501 16657 9919 15622 4382 15748 13628 -6497 1585 -706 -3076 4811 -10062 1220 -13557 
16687 15240 14907 7966 -14548 3787 -6103 -10424 -15256 -8574 -12464 11847 4486 -15345 9644 9608 -10512 4144 148 4018 
6591 -15444 -14346 -14114 11476 -882 -3917 -11663 5115 7705 -9183 10383 1859 6466 -9560 -14540 -7070 -9252 -4227 -2846 
-948 3163 4994 2305 -13604 -10176 -10937 977 -14687 15123 -11230 -4611 5842 -15333 13425 5588 7510 143 -13574 -8158 
-7435 -12145 -8863 670 5026 3227 -2610 7687 -9999 453 -6231 -12840 156 -5521 -15499 -7268 -713 10675 6097 9192 
-4355 12140 -617 -1300 700 2776 3349 16045 5346 -11808 -1425 13530 9906 8956 14109 12864 -11382 10174 5769 -13851 
5203 7666 5065 8630 16147 3431 -2428 8932 -12137 -4009 13544 -9254 11840 13413 4303 2507 11766 6736 3578 -8204 
-11723 6700 -145 -15770 -14286 4687 2548 -13691 -10697 9944 6581 2841 2054 -10288 -5893 10760 1902 -3086 -10741 1447 
12020 11796 -6618 15282 1189 15147 -3161 2024 -5376 -274 9535 4148 -2552 -4832 -5035 -11119 -3474 -6796 -6015 6261 
-13084 -4075 11823 15344 10116 -7991 3673 6746 2920 1722 7526 9390 -15282 11994 -10455 3454 5225 -8470 -8710 -884 
3667 -12513 -3330 -8197 792 -14232 -6787 4391 4707 11605 -10400 8991 2765 5024 -11053 -12106 -6068 -2997 -8959 8247 
-8513 6252 6642 -3385 -354 2195 9610 -10934 8647 -6963 -9819 2309 -4499 11084 -13995 -9773 -8669 5038 8515 -2059 
-10482 -15135 -13012 11150 1327 -13402 -8069 -10315 -15913 -10303 -8179 -7378 -2260 -6732 11018 15548 3553 6954 -7960 -12001 
4860 15360 -15742 -5985 -7224 15844 11357 585 -12829 8353 -6140 -7481 12648 -12032 12929 11469 -11450 -941 -2555 -1733 
11681 -9577 -11110 1223 11373 5436 -15861 10588 -7149 4237 2781 -1781 -4029 -591 -14737 -3932 -14110 15187 -11723 -10262 
-1260 10987 5147 1383 -11151 16544 -7683 -9238 11852 13265 3147 -2157 10024 -10695 10691 8336 14397 14259 -7600 14705 
13616 -9048 5894 -229 -7207 -4854 -6841 4194 -1483 -7676 8951 -11456 -3981 -10182 4580 -4701 13602 -13137 10298 10223 
-3712 10831 -5076 12042 11239 11795 165 -13289 13913 -14396 8500 -14392 -2251 15716 -5377 -12455 14841 -2248 -3866 -11995 
-10690 -1437 14528 -6441 6843 14391 -8260 839 2680 -2026 -15401 14825 6684 -15879 12417 5611 15193 -12398 11356 5859 
9341 10778 9749 2347 -7652 15025 -8604 4050 -7967 13158 3369 -10696 15737 -10532 -8275 -195 -14167 -15215 3581 2078 
-12944 4035 -6805 -2843 -14499 1783 -14808 15491 -10499 12832 12804 2693 -7579 11617 10831 3176 -4125 9848 15056 8338 
-5942 -7487 12266 -8985 4707 -11300 5591 765 11000 -7950 16133 6132 14596 10912 12182 -2579 14974 12153 -5124 -13026 
588 -10453 -14150 10886 12747 2631 -1731 14922 -9084 7335 15328 7077 1010 -3979 8455 15486 14710 -10291 2909 -11613 
-11162 -9465 10032 10389 -13774 10651 14066 5134 -10564 7082 13017 3077 -15677 -13794 -9833 -2957 13933 -7306 -4037 -10849 
9724 809 3888 -10984 1684 -3667 -1444 -6581 6448 -11491 8793 -14150 14763 -5509 3288 2511 16371 14239 541 -8108 
8530 -10827 -612 -10359 8158 8293 -71 -8232 -2552 -14949 -347 -1232 3144 2538 -11171 -9483 -6418 9622 10180 -6760 
6668 16437 -4375 14799 12680 12539 -14244 -6804 6983 -13927 2481 9674 16765 4551 288 10225 8985 -1684 2108 -8639 
-10155 10081 9687 8650 4450 10966 7424 -2744 15673 -2724 -6373 -8271 9861 9093 14118 -2961 -2890 14898 -15339 16183 
7976 7794 14411 -5762 120 11787 -15294 3981 -10255 -352 -3524 -9414 10001 -5771 -1745 6715 -1720 10714 -4937 9758 
-15436 -3030 -14274 5090 11033 2936 -3281 16676 7664 -1074 -928 -2817 -12142 16153 -5497 -5509 -13951 12974 8155 15015 
-13344 -7317 -4396 15438 3578 -10621 7685 3916 -13835 5344 14622 10628 -10600 -8403 11527 -9352 5699 4216 -13025 -7557 
10741 -10887 -102 16013 -2432 -389 -4351 8652 10704 -11811 16075 -4212 3682 -6853 -7902 -7924 6858 9014 -13383 1483 
-13468 -15402 -5678 -2683 -3037 7569 -13996 10686 -10113 -11022 8465 5376 -2176 4320 -4578 11695 6639 -1664 1620 -15745 
-12122 -6207 7660 3719 12533 -13445 -8640 8956 15677 -4549 -13403 -9084 1938 -10073 -10132 14892 15504 16513 8960 3072 
-7096 1363 -734 3903 -14516 -7762 -1463 11825 1500 5911 -7395 14750 3899 -1400 3099 4580 -14570 -6249 11594 -10835 
-14575 16445 -1755 -13246 -13700 16190 -12149 -7801 -3555 810 4583 10635 11804 -10234 8558 452 15380 -6768 -6027 1502 
-14526 2091 10744 11830 -10035 14941 10802 3568 -6595 5371 -14497 -14679 -5121 3050 -15978 -6191 8732 11657 4041 4000 
-1788 -13640 16358 -15445 11381 3446 16 5915 -9576 9265 3840 -11133 11548 -14423 -3711 340 -15720 366 -5361 12534 
9703 14611 -10345 15740 -15931 11756 9297 7165 -8591 9076 -14909 8836 -10367 9814 10456 13738 -10286 -4079 15653 -3120 
2447 3903 -10682 5098 -14231 6778 -15788 -12798 983 -11291 5005 -15549 8083 -15540 15120 -1099 16414 -4880 12982 12179 
4467 -5398 5141 12862 13776 -12495 6809 -2857 10923 -11198 11978 13934 4537 612 14496 6113 -5087 3982 5899 -5811 
-2618 -8209 14984 10017 -4421 11536 230 15581 16583 -1631 4127 -15521 3873 6102 3674 4317 -8657 10356 13574 4219 
8575 6261 -8935 -2173 7633 -15539 -15761 3636 11586 -49 -9146 -7615 5026 -585 -14114 -10017 12505 -1587 -5579 13953 
-132 -4436 -3607 -11732 -4746 2086 14895 -13718 15576 16204 -5638 12772 15049 9494 559 -13926 14993 421 4618 -338 
-7478 3625 -3939 489 -1369 12138 -1689 -4409 1389 14062 -5607 6189 6648 -12099 8046 12485 1134 -7227 3889 9457 
-8184 -13594 -687 7262 -2299 -4974 2599 14653 -10568 -10471 -10287 -13540 9649 10119 9391 -13485 -5615 8500 -9981 6436 
3569 -1056 9645 2925 4088 3711 -3571 3577 -4603 7327 -2310 8320 -2055 11371 1255 11572 -10064 -5292 4894 -13060 
-15615 -14507 -10722 12104 -12041 728 15126 -1142 -15589 10560 -14708 8773 -4640 -5619 -3057 13260 -15560 159 -10977 -3438 
1590 -4448 -13017 -2270 -10518 -4343 -5991 -9294 -7101 10183 -4815 1376 12837 16387 -7859 16640 404 8453 -6032 2457 
2304 -14404 -3363 -4492 -13640 11490 -8615 11992 -2190 -5688 -14846 16732 -5377 -8267 -8364 7394 -3819 -14355 -7614 14628 
8253 12889 6777 -8970 14564 6354 -8262 -4080 5767 -13060 -11433 9869 -7937 9937 -7980 -1026 -13324 -1588 8103 5147 
-11675 -2392 -11247 14116 -933 16327 -4836 16333 -9033 5695 -578 -3880 5401 9590 -12523 -14262 -12806 4973 -13887 1603 
12491 7079 5223 15730 4690 6829 -6835 -7378 6927 4150 9494 -2781 -9269 15848 8359 -5450 -9146 10438 10267 -14352 
-11765 -7376 6378 -14312 -12972 9608 -3808 13799 -13792 -9345 10686 10085 13148 -5132 13885 -3243 1590 8572 10018 -10672 
-7289 14731 3523 -8837 -672 16438 -8413 -13091 -4420 -356 13295 -10411 11085 -7703 -7263 7727 -10904 -7939 6325 3676 
-6125 1717 7183 -11964 -15561 -6450 13685 10048 -14361 -7318 7985 8624 -11561 -14022 10952 -11602 736 -6081 -11041 10340 
-9798 -4299 9779 -13815 -6981 -4202 -8257 -5012 15313 4159 4081 13361 -15216 5306 -12530 -9303 -14506 -223 172 -3520 
1184 12962 6229 11163 6266 7340 -190 -11191 6665 2733 -9929 8730 1337 -3458 1667 13847 7310 4964 -7903 -14823 
4366 -2628 -11536 1013 -8621 -4292 790 -1950 -5963 -3623 -1924 10081 2973 2897 12139 -2979 -6674 6990 16460 -9256 
-11627 -6611 -10873 14537 6968 -13727 -12678 -5234 4868 -385 3489 -10110 -6248 -8737 4045 -11213 5655 -5659 2693 13113 
4690 -14877 -4223 -11345 -12773 5027 -11442 5696 -4434 13964 -11004 -8985 7744 9065 -15060 -15042 1970 715 -5707 -2953 
10841 3090 -8931 -5389 -11283 7956 9893 -2698 11928 -15775 -13898 -3587 -3799 -13271 10840 15925 -8362 7107 -15142 -14957 
-6091 -5676 -10619 -15102 -12088 -10991 13695 -1469 -1884 -3671 13775 5342 -6456 16714 6512 -8519 -4985 6599 10644 12875 
-13164 8285 14085 -2952 -3020 8088 -8290 -6142 -2935 7646 5867 -12129 2561 14990 4073 -1100 8166 -2099 -14879 -7002 
-8696 14053 614 -13615 -4466 -12972 -8585 12063 -13852 14437 -9033 -12481 -2363 5509 -9521 -11145 -13200 9501 14316 3102 
-6928 15903 11870 8114 3469 14377 -433 -7541 9048 -3509 10154 -5325 -5669 15469 4373 -12709 2534 2393 6668 -3726 
1662 -4263 13863 2779 5607 7556 -12433 1476 -4903 2979 -12830 8087 10696 -13644 -15858 13591 11860 -1008 -12078 -10990 
-11046 5431 7736 -12619 4121 13868 5495 4487 8973 -1913 3085 -11011 16081 15630 -8701 7598 -2889 7687 16705 -10707 
2667 -13289 11800 -11910 -8627 15302 -9513 11547 10708 10671 -6003 10452 4135 6972 -282 10743 1727 8719 13608 16482 
-14785 -14326 -14762 8972 4444 10738 11876 14915 16368 -6470 -4446 -4738 7203 10595 -10451 2769 16313 13188 -11370 15881 
16264 -4493 -10083 11614 4859 10503 12560 -3639 -14905 -14335 1990 16632 8630 -12531 11457 16108 7833 -14223 13161 3366 
1615 12616 10220 -12926 -9477 12404 14778 -4439 11595 -488 -9946 14382 12524 455 -6626 11324 -748 -12988 11794 -2829 
1838 14828 5868 13141 1457 3773 -2771 9704 2307 13556 11053 15587 14479 8542 -12418 -11771 -15887 14390 14430 -9713 
10302 4527 -5533 1493 16764 9494 2092 -5893 -12244 158 329 -9150 -14607 -11327 -8651 -3706 -7062 12869 10098 -4274 
-2792 5611 1484 -5626 10605 -15191 -9807 12499 3583 -7785 10164 -7155 -11315 3701 -10199 11082 14004 9166 -6174 8485 
-4097 9666 -14319 10883 -15605 15207 -13505 3988 -11746 3795 7536 -13209 2386 7103 -6814 12058 3493 4818 -13085 -1606 
15906 6015 -12712 -8784 -2764 16021 -15019 -14629 -10223 -11429 -8098 3143 8777 2396 12739 15489 -1161 -7986 15779 -9329 
1287 9105 769 2176 -4561 222 7689 8364 -1038 -4729 16750 5763 4951 3806 -6939 -11773 -3152 5692 9921 4305 
-4339 4903 -326 -9235 3784 -7656 -65 -14070 12850 -546 1792 -8833 -10908 6571 -10751 2278 -12758 2483 13792 -12983 
-4847 8307 -7759 -13571 4248 -14691 5623 1556 -10116 13205 -15540 -9350 -14555 -13152 530 15266 16181 -12127 1375 -7962 
-5319 5767 -5392 -10381 15727 -15281 -6579 -13083 -10817 1194 -6910 15739 15293 -7868 -5626 13552 -1309 1961 -468 -1810 
-12587 -8498 13263 4896 11733 -3280 -9340 -12043 8015 -8285 10239 -4379 -4986 -1870 7952 -14986 -9883 8359 -10817 -4665 
13161 -13777 5515 -3120 9394 -12380 10440 -13267 -9933 -6929 11295 -7268 9206 2576 -7384 15890 -3431 1093 11818 15214 
-816 972 -8452 14288 15894 15436 -13571 -8813 -6271 -10784 6197 7898 6053 15534 -7274 -4910 -14674 -2752 -427 -7556 
-2941 15193 8299 14635 -14563 -11894 3634 -870 -6418 1866 -12510 5275 1908 7109 13232 -9610 10726 -15549 2128 4055 
-14336 13604 -3190 11626 13552 -14188 7488 7949 8810 -14909 -8951 9130 -10287 12757 -12882 9895 -13949 -1178 -15414 2308 
-8626 3499 -14970 -4087 -12039 -4035 16761 -12383 15345 14719 -7512 1614 -739 14754 -102 194 16325 -7092 -15707 -1264 
6821 7898 -14017 5508 -12264 14670 6273 4893 -8602 -2095 -6966 14237 11830 13011 -13709 -9405 -13032 13278 13746 -5603 
-15821 5360 -10337 9476 11028 2181 9794 6702 -4448 4161 1504 -5277 -3047 -14287 -9901 6101 -5037 3249 -10365 8087 
-9470 -7946 9231 -2384 11810 7217 -14076 -8748 -11889 853 -12359 -10569 -13144 5503 -10542 2566 6179 -3847 9053 5371 
-1539 -10527 -13553 -11115 -10878 -3213 13728 -7062 -640 12520 -11441 10018 13969 -1278 1655 -12662 14222 -1745 -8618 -1719 
5657 -6834 -7962 7225 11595 -15078 -15907 3422 11396 -5079 1223 9844 7255 -13160 10316 5424 -14435 15436 6277 3854 
5785 -2847 -14720 16074 2642 13344 -7461 -7818 9719 824 -9851 10542 13427 -13707 -13159 7026 -2022 -2133 -5029 16664 
-3469 7489 10845 7654 4652 4047 -6732 1474 13605 10346 -12708 1422 3228 -3706 -8781 13723 4479 9342 -7655 -5184 
-10536 -582 15276 -7409 10329 3444 2091 3884 784 -13536 7145 -3773 5677 -11921 -14854 -7012 6647 -14090 -669 -1834 
-5417 10103 13696 4021 -2428 2501 14211 5281 10580 3654 -244 -15435 10668 13856 14313 5752 -12409 -3334 6905 3123 
-6615 10083 2084 9191 -6674 -36 -9350 -541 -3019 10870 7028 15094 5998 4896 15952 -12464 11596 -5495 -7026 7911 
-12017 -8795 1680 -9824 -16 982 13142 11508 -5705 10673 7776 340 -1184 15970 -9562 6419 -11791 -13897 16569 1797 
