20
100
-14366 -9222 -18668 -28908 -18886 -27287 -30598 -7830 -17580 -32490 -29379 -25789 -12944 -3812 -29075 -19813 -31292 -1033 -27018 -592 -8615 -26174 -29848 -8580 -11448 -19878 -608 -3077 -24240 -16798 -11049 -23706 -17456 -732 -6781 -21697 -3035 -24236 -10070 -11702 -21408 -18770 -20472 -23464 -12447 -7557 -28519 -28931 -22445 -32520 -8831 -28641 -27775 -32372 -29345 -30611 -7529 -15371 -31767 -23637 -20936 -26555 -26112 -22295 -20747 -7228 -8679 -7023 -26705 -13131 -2300 -16803 -13496 -20748 -3304 -4828 -22586 -1159 -21061 -25965 -32573 -31553 -10929 -22346 -15535 -26115 -1159 -21646 -25299 -19633 -1586 -30764 -7844 -12105 -11047 -29886 -15322 -29188 -22645 -21363 
-6038 -12945 -32515 -30490 -26527 -17525 -352 -29013 -7248 -12935 -13111 -22496 -17175 -17296 -26734 -26632 -28579 -8200 -10708 -26160 -20898 -22259 -17785 -18310 -15661 -8163 -4264 -21452 -3019 -22543 -20852 -3402 -23573 -22682 -26105 -19671 -22018 -25575 -24362 -8207 -14794 -2081 -25929 -6040 -8041 -29903 -23553 -21398 -27847 -24988 -23573 -15414 -10372 -17453 -14522 -29791 -28498 -13092 -26255 -13436 -29191 -29754 -14895 -23405 -570 -21377 -5225 -9110 -21389 -449 -12820 -2567 -14229 -22512 -30089 -5584 -14940 -32219 -8119 -19824 -9608 -4574 -3798 -18524 -4132 -4028 -14529 -27315 -16639 -21673 -14058 -30987 -18877 -15968 -23026 -21084 -24689 -868 -23262 -15889 
-7660 -604 -24553 -23606 -26270 -26257 -11011 -26052 -25630 -8082 -26587 -2834 -5457 -18920 -12195 -24157 -6956 -18171 -30808 -22654 -2079 -25101 -17860 -9652 -6167 -94 -4619 -2193 -22310 -31324 -998 -16646 -23754 -23573 -10359 -1436 -25039 -27296 -1728 -15538 -5852 -27853 -698 -17399 -16782 -21719 -9736 -13302 -17994 -2374 -1102 -11709 -25757 -10990 -4393 -24756 -3138 -22030 -24003 -5767 -20677 -31880 -21514 -13105 -8660 -5961 -9607 -14130 -3607 -3258 -17359 -29139 -30398 -19050 -22687 -12701 -14763 -12231 -21392 -24801 -30762 -2041 -17260 -7274 -16487 -28902 -20772 -29254 -32616 -11598 -21095 -5819 -16827 -4 -2522 -32077 -26805 -20050 -19174 -25589 
-6751 -26488 -22330 -32357 -20981 -28484 -27606 -3967 -5908 -2516 -5065 -24285 -377 -1649 -30335 -6275 -20328 -26514 -30658 -17575 -29881 -17913 -8005 -9641 -10355 -11497 -24030 -27159 -5915 -11663 -26209 -16609 -32659 -1913 -28686 -32163 -8362 -25655 -22700 -6937 -32053 -17432 -15421 -2469 -7392 -23048 -14421 -22529 -3981 -13455 -12560 -25618 -6494 -12779 -3495 -25037 -3417 -23893 -678 -9803 -31918 -29529 -8132 -17650 -162 -27479 -30551 -11467 -1290 -1056 -21868 -5095 -6523 -29106 -7290 -7923 -28429 -27164 -32183 -21220 -18624 -28534 -25368 -32452 -17539 -21761 -217 -27556 -729 -7524 -9403 -16548 -21279 -28686 -30937 -10533 -10869 -944 -4130 -27414 
-19264 -31705 -12899 -15205 -9041 -22461 -32265 -16005 -1708 -12297 -5492 -17189 -3311 -8678 -11751 -25849 -30549 -25877 -30246 -26024 -9567 -11058 -27305 -10718 -15895 -1546 -19823 -26740 -21498 -13085 -6009 -14787 -27000 -19009 -23004 -21775 -23586 -27989 -9338 -27159 -23656 -14122 -10326 -9410 -14340 -18297 -27529 -2284 -23808 -27142 -1246 -29783 -7000 -30426 -29949 -13494 -19267 -10663 -21328 -16349 -7708 -20029 -9321 -15372 -32736 -16433 -20515 -9825 -3932 -23445 -19798 -1381 -21230 -7387 -14632 -13749 -28653 -19916 -12298 -32473 -19119 -15789 -24136 -15916 -5422 -8826 -24132 -5608 -29262 -24898 -6728 -11866 -29638 -7083 -2046 -14125 -22690 -135 -13190 -30423 
-4715 -32154 -12330 -22057 -14058 -4217 -9401 -30203 -9365 -5243 -18806 -31997 -16271 -3048 -19892 -27554 -19790 -557 -15113 -25647 -5350 -17720 -3108 -29928 -2535 -21505 -19780 -4707 -26603 -30 -15438 -4077 -17592 -24705 -32385 -1058 -16135 -21342 -8659 -10129 -4073 -27937 -16345 -23444 -25803 -21138 -14444 -10039 -2086 -7181 -6615 -6216 -32436 -32740 -27822 -5764 -24424 -8671 -14662 -22249 -19430 -1490 -15560 -15647 -4019 -17252 -25578 -6409 -3059 -14568 -16706 -20081 -13779 -7004 -21822 -5338 -3473 -24967 -7613 -7526 -5151 -10297 -828 -3310 -25958 -19875 -22965 -22568 -15670 -8670 -19218 -12284 -19649 -10879 -8514 -19433 -26309 -5984 -1518 -157 
-10327 -9842 -28114 -12441 -25664 -21702 -1459 -17673 -14091 -23204 -5873 -31914 -18853 -4300 -31169 -32477 -26792 -31951 -19203 -16594 -13886 -25242 -15283 -27351 -23717 -22786 -28677 -3016 -18268 -32655 -1050 -2200 -2274 -4953 -27728 -22019 -13085 -16636 -1859 -10847 -2150 -12740 -22358 -30081 -2855 -29152 -31221 -3283 -4647 -28103 -4708 -6525 -10091 -25776 -32308 -30391 -6081 -20022 -18783 -20022 -14563 -20753 -30712 -24758 -3134 -2296 -23431 -2222 -1109 -31129 -18937 -9496 -21197 -11459 -11320 -14950 -17678 -6549 -31331 -14217 -21899 -4837 -23460 -27940 -14249 -6845 -16290 -25816 -17471 -6391 -26523 -26288 -19654 -4863 -29976 -6836 -31510 -8874 -13380 -21650 
-980 -2620 -30690 -14191 -4461 -25469 -31969 -32724 -28104 -2052 -27543 -25021 -4229 -28804 -11409 -2245 -22499 -26970 -26377 -26741 -21068 -6690 -7942 -10931 -7794 -32373 -2308 -10829 -2075 -3534 -18770 -1966 -10118 -28796 -29962 -1441 -26993 -16335 -19104 -31817 -1472 -28489 -14365 -20523 -2750 -7426 -25844 -31578 -17160 -10022 -5494 -22218 -23571 -1170 -24043 -29112 -21328 -32401 -15175 -25918 -20467 -2493 -18302 -12796 -12119 -7162 -24445 -21993 -10759 -32148 -12479 -26688 -5986 -13185 -17537 -10639 -30177 -16570 -16027 -5602 -32257 -7356 -9715 -10005 -9666 -23843 -11415 -5439 -6864 -12397 -3438 -835 -22862 -26581 -13715 -9594 -9524 -28238 -3912 -4228 
-19545 -10921 -25738 -32309 -14106 -27336 -28494 -30371 -28061 -5641 -19793 -27477 -22459 -1207 -11661 -29327 -7554 -31409 -11605 -28865 -11868 -25382 -31493 -7703 -5334 -2929 -29789 -30242 -23815 -15127 -5749 -16301 -29587 -9960 -13646 -31395 -852 -23866 -4371 -8742 -30621 -26953 -32482 -20658 -26915 -2996 -31567 -29814 -23425 -1561 -7281 -25020 -20831 -6105 -31128 -12663 -23864 -27117 -16041 -31218 -29885 -18416 -16656 -4002 -27874 -9263 -3158 -7177 -9341 -1268 -31831 -30929 -909 -6361 -6940 -23796 -5412 -20558 -6216 -2566 -8684 -31286 -20535 -18346 -20807 -415 -30898 -6942 -30495 -2726 -10563 -18661 -21571 -19572 -5415 -20123 -12146 -9817 -27886 -8928 
-19711 -3599 -32171 -10595 -27415 -5394 -17352 -26902 -2218 -25379 -18304 -12922 -23788 -9188 -14581 -1033 -1408 -1431 -25057 -6857 -4409 -1783 -8949 -15607 -11653 -29247 -21188 -27864 -23663 -835 -29795 -20901 -14664 -22185 -23448 -17558 -29161 -24657 -29875 -4119 -15009 -18125 -1542 -3855 -8880 -8704 -24820 -31315 -20340 -15066 -6321 -21043 -17456 -2621 -29837 -29220 -31852 -21743 -29685 -31892 -16132 -25287 -23040 -27859 -12227 -28382 -22187 -15654 -17840 -3828 -939 -12016 -27637 -28649 -2789 -25344 -13154 -25956 -27778 -4102 -6801 -27271 -31402 -17689 -4785 -20946 -16599 -18024 -1769 -544 -11461 -12810 -19550 -16067 -28434 -15081 -220 -6346 -10609 -26576 
-32277 -18259 -8314 -25757 -10131 -17683 -18216 -5002 -31022 -12527 -6635 -11421 -23617 -4026 -24413 -22838 -26982 -11540 -1182 -22975 -23779 -31082 -27455 -25462 -9129 -25362 -7909 -1120 -1791 -18569 -2164 -31568 -7368 -16846 -21739 -4637 -16997 -7911 -26076 -10216 -2114 -6522 -16761 -14739 -5106 -22412 -6228 -22086 -7935 -32093 -5806 -3621 -22600 -11374 -22384 -2326 -3600 -28049 -28354 -5045 -9880 -9270 -8769 -4194 -3441 -18623 -1230 -23144 -23385 -18433 -19469 -18775 -7880 -1507 -21882 -8806 -19215 -8475 -28954 -26119 -29732 -13836 -10195 -1942 -7430 -32452 -21348 -15651 -32447 -19995 -32249 -13668 -19987 -1007 -8035 -8640 -9662 -14466 -28138 -8830 
-23386 -31995 -6344 -17170 -9452 -12037 -25146 -21648 -5380 -32131 -12093 -5171 -4995 -23675 -17114 -11278 -6406 -17931 -31527 -15323 -4836 -18060 -1493 -14313 -30173 -29133 -8808 -3112 -9562 -32626 -10254 -4440 -30036 -27765 -9495 -599 -11484 -8124 -3588 -16271 -3901 -12256 -4679 -20102 -4552 -2054 -19599 -9097 -1077 -18909 -9414 -25466 -4521 -27328 -22944 -27584 -8289 -10735 -18394 -3670 -13810 -7663 -9478 -4083 -9780 -14088 -1031 -5727 -29377 -13541 -6437 -21726 -24870 -11598 -21444 -25789 -28062 -25097 -957 -22531 -24702 -17368 -24650 -13371 -27706 -8340 -26280 -9062 -23051 -6768 -9799 -18693 -27442 -9809 -12445 -18763 -13540 -28496 -676 -12392 
-23754 -7515 -24039 -2041 -15404 -7400 -10051 -2196 -4019 -9697 -304 -30072 -31184 -24469 -30658 -20571 -15813 -8163 -13369 -13141 -14663 -25451 -20025 -16114 -17094 -15605 -28831 -10844 -12881 -6635 -10233 -9133 -31521 -23033 -20632 -20059 -23481 -22475 -14924 -19910 -19120 -8424 -14261 -27108 -26132 -15028 -28472 -31765 -19316 -29321 -25502 -29194 -24193 -22269 -19005 -21720 -9305 -6199 -25817 -25122 -31080 -11635 -13588 -25963 -2036 -15774 -32644 -8066 -1340 -26899 -13422 -10767 -23364 -12924 -29718 -25923 -1337 -25805 -1211 -7590 -1140 -29794 -12324 -14338 -29733 -31041 -7904 -20852 -24983 -116 -26390 -24985 -12052 -4741 -9471 -3294 -26476 -27939 -4854 -29929 
-2078 -3548 -14132 -29996 -26649 -19449 -23842 -22930 -296 -24446 -12371 -15690 -497 -21323 -28437 -24503 -11936 -86 -19116 -23937 -13870 -20487 -11043 -23485 -16961 -9149 -11464 -21313 -10167 -24422 -19770 -18956 -15820 -13634 -24105 -26841 -476 -28857 -29603 -31435 -19917 -7780 -9231 -1340 -1814 -3872 -4032 -17830 -19549 -21588 -17966 -956 -18376 -29516 -16075 -17803 -27611 -11702 -15225 -5073 -258 -23874 -2718 -7271 -2482 -96 -16091 -8401 -9016 -13850 -4710 -16107 -10519 -1817 -19449 -16824 -272 -31163 -7022 -18508 -5576 -3930 -1010 -12512 -9746 -26783 -2523 -22013 -11982 -28429 -31263 -19401 -21877 -405 -16747 -27509 -22844 -16979 -26836 -6865 
-12506 -17271 -28213 -24047 -6895 -28985 -19998 -24826 -1802 -14074 -13677 -18467 -23885 -32129 -28803 -13226 -19127 -16477 -19998 -1553 -22535 -6239 -19398 -6758 -12609 -14647 -495 -14517 -9175 -56 -26017 -13972 -31086 -21037 -5599 -20945 -30018 -9826 -2699 -29504 -23088 -15544 -6920 -10153 -32600 -7400 -29295 -15574 -6501 -7394 -10080 -4289 -32368 -19525 -19834 -16611 -19087 -17159 -30324 -1952 -27374 -28967 -14543 -13783 -13728 -11671 -29228 -22158 -21501 -25134 -6985 -10948 -26032 -21201 -9100 -19288 -25173 -7594 -27201 -24350 -24517 -12936 -2926 -29450 -760 -8030 -22087 -8829 -396 -12256 -25416 -23986 -14829 -32321 -24552 -15445 -2075 -13073 -17901 -27171 
-7435 -21050 -21607 -23490 -16053 -4898 -16452 -6574 -30385 -25058 -12933 -3906 -21893 -18348 -18963 -27624 -4231 -6213 -30521 -17519 -24674 -25247 -9912 -17002 -9792 -17055 -21113 -20427 -32139 -20983 -11754 -19594 -89 -5666 -17392 -31863 -9322 -27013 -31868 -31525 -14039 -32173 -8134 -9209 -7250 -13484 -3356 -31832 -7180 -12181 -31580 -19957 -6976 -4127 -14605 -16193 -20307 -2911 -526 -22516 -3230 -2982 -8433 -32704 -30672 -16257 -12784 -9503 -32763 -5080 -32129 -23099 -10035 -14119 -146 -22019 -16341 -25568 -22611 -26452 -25714 -20459 -26556 -2125 -4177 -16188 -11413 -24500 -24210 -22426 -23090 -7821 -5630 -29560 -28621 -18370 -18272 -20981 -8307 -4086 
-25749 -8695 -672 -9067 -22064 -1644 -7539 -16410 -13757 -20904 -2439 -12762 -29349 -21986 -31588 -24240 -18368 -18642 -11675 -12607 -1899 -22639 -16499 -20305 -25687 -11980 -17739 -10891 -31986 -17176 -19332 -6454 -3941 -30140 -25889 -17712 -23613 -5528 -14582 -24314 -23987 -3166 -22657 -8933 -6547 -4121 -12130 -24157 -29625 -22462 -620 -17246 -1862 -28920 -5212 -30717 -11351 -29947 -9782 -28694 -28787 -31366 -10545 -16157 -26516 -17157 -6227 -12296 -23491 -16581 -4007 -4449 -359 -13406 -22288 -17264 -30244 -16168 -14017 -13966 -28778 -26843 -2898 -10126 -9618 -13906 -12153 -2125 -3240 -3939 -29018 -8801 -17361 -20957 -27012 -8679 -32336 -4013 -10626 -22126 
-304 -5651 -22546 -6153 -21632 -31748 -28925 -24185 -28487 -5549 -32395 -14464 -17405 -19206 -17051 -29000 -13242 -28569 -25941 -20988 -3575 -22879 -24451 -3431 -25332 -5304 -30346 -976 -3782 -13201 -16377 -11486 -751 -21914 -17091 -5550 -29870 -10157 -27670 -251 -13799 -14404 -11728 -22381 -7839 -7961 -15507 -13836 -3370 -5609 -894 -2247 -8943 -16459 -895 -16163 -972 -179 -29775 -18706 -32287 -22667 -7428 -10708 -8555 -29049 -31301 -3853 -27036 -3508 -26662 -31217 -17648 -15752 -9626 -10388 -23163 -22514 -10117 -3412 -5967 -21597 -20861 -17000 -10301 -17284 -18967 -1940 -9794 -17768 -16607 -30699 -23433 -31353 -7152 -17867 -10002 -3531 -8999 -27360 
-9462 -5750 -24314 -23129 -24910 -11799 -244 -25391 -31678 -14956 -19390 -4251 -16787 -2067 -4322 -30365 -25740 -29796 -31257 -30897 -5188 -1143 -29766 -14487 -24624 -26422 -12808 -31553 -26703 -171 -23537 -29158 -615 -15437 -9310 -29997 -6638 -1163 -5355 -24698 -12436 -23907 -2953 -23390 -1380 -16421 -32053 -32546 -2186 -30281 -13393 -26235 -25020 -20856 -24720 -21841 -28479 -16031 -28312 -18097 -17294 -21045 -15666 -20186 -18331 -2967 -26140 -24427 -18363 -11649 -28810 -7091 -20776 -10677 -25394 -2842 -26156 -15792 -19462 -6068 -12000 -32399 -29577 -26348 -27799 -12809 -4554 -14934 -5604 -29327 -31469 -9879 -8508 -15495 -22900 -3703 -9279 -8879 -11266 -28686 
-3489 -1941 -23775 -12820 -24487 -23098 -26885 -16201 -29017 -29647 -11486 -24075 -23613 -21649 -3216 -20992 -23746 -7623 -19965 -30177 -2889 -18146 -6739 -7023 -29635 -11196 -15684 -8058 -12799 -12785 -22492 -16402 -22667 -25442 -23796 -25304 -2110 -31697 -19792 -6505 -15958 -1952 -18761 -20967 -32587 -20907 -11824 -16819 -9257 -32331 -5432 -14384 -12443 -20852 -10773 -10165 -14225 -15855 -28462 -21149 -29830 -31673 -9589 -10867 -24423 -902 -11735 -3903 -8470 -27990 -23132 -15604 -28303 -20541 -17621 -21762 -28855 -24889 -24884 -4609 -32437 -12084 -8581 -21372 -4357 -31266 -8576 -20453 -29456 -17213 -28606 -23199 -22914 -21604 -10905 -19501 -8993 -7323 -18067 -14977 
