100
-1600 -572 26613 5037 7342 20408 8842 3701 10597 12348 1087 13957 712 25952 356 8010 28456 10455 23783 9145 21260 26060 21926 8447 3728 9196 13670 6482 25454 7542 14186 3288 27049 7813 23720 30395 14538 27494 25507 -935 3021 3102 14809 -890 17828 -1284 23777 19720 23646 21602 16667 5150 20717 17825 29707 19503 31113 6387 20555 8089 1214 23706 14628 27290 15110 17186 29633 20839 9498 -1351 21512 30804 23763 22961 4878 3106 28335 24095 17708 26733 20988 7831 1468 19007 7575 27142 3683 7351 16214 29882 4113 3546 7185 4214 17299 14723 7744 3509 18380 22637 
22857 1032 900 358 1890 24466 24806 10903 18454 12713 22674 14584 9583 25232 25171 3033 1463 600 375 4754 20450 5853 17088 6738 10389 25828 8707 8717 19909 21083 27988 8840 14084 8114 23523 22664 16486 22109 11888 16161 17923 27252 20319 2082 13857 11626 2160 165 16376 20465 1045 28602 25881 20727 28775 7485 21365 22466 14783 20150 3584 5936 29414 10357 2551 30738 8435 184 1740 26798 16567 21243 1699 20316 -1058 8552 28031 15937 9115 12896 27911 9776 9992 14383 744 26278 23313 4310 28638 14572 2580 27640 11613 5200 24847 17647 1998 18821 28796 16112 
9086 13089 5831 4451 21024 31037 19034 21062 16118 1585 22883 3272 6032 27245 21788 12779 30521 3461 -310 4442 -1283 10813 11340 10321 1096 13270 14937 13491 20531 25189 16975 6702 10601 17490 27051 18322 6825 21236 16674 27192 10225 10325 18771 23958 13374 5128 21278 25833 23034 27950 4509 23811 7164 8081 21429 13372 29997 4576 -1198 5756 27861 8977 26675 23404 30073 7389 11377 25797 -919 6493 128 15035 12251 -1590 3319 21641 8638 11355 16345 6951 3350 8000 920 21520 9223 24259 19867 16948 27768 -888 6787 27398 20830 -542 3577 3497 11932 12125 3107 -1477 
15755 23378 17088 5961 26658 428 14298 860 10428 20162 5147 24735 15481 12117 -315 30907 3659 -77 329 1720 24726 29674 2171 5391 23419 30517 14696 -547 17851 24686 28622 15147 20027 31152 23599 21855 27697 30998 22409 24008 -1053 10393 8877 848 24079 6923 26416 28481 -12 27704 28683 14400 20978 10788 12229 22864 21208 9576 19024 15111 30146 1710 30846 -811 18599 10068 15128 19577 24949 19238 29584 14734 14304 31036 6236 4914 12740 20988 23272 -546 18476 24625 13614 3915 19192 849 29932 24200 26912 12500 -1413 5666 17312 27319 320 13939 28921 26905 26567 22036 
30552 5367 3452 20070 25438 4617 -1035 25155 16773 13765 12790 3277 24610 27001 1534 18004 24596 5516 13950 11633 14848 21462 23989 8745 -449 18215 7965 322 13662 5596 1162 19882 26440 9636 8407 13838 28426 22104 11844 1153 24892 6657 -409 9802 27393 26604 12741 6615 12210 10482 19718 12487 19236 23243 25034 13338 16010 18584 8484 6269 11777 22135 19882 4281 29871 -438 9006 27714 13713 15241 27155 20452 11991 17486 3143 30353 13812 3432 8657 18512 25150 14238 2832 13639 3127 9230 20103 25327 26479 3495 4192 22880 7439 9673 6517 -324 27899 20996 1037 20157 
-1123 18678 17456 23659 4673 27717 24993 19424 14376 24006 22893 4667 10789 28077 15654 27052 22246 8188 17848 1959 9689 9967 12253 17192 28340 20651 22581 31021 10136 1520 11519 7484 28633 6139 11111 1041 15718 15238 16003 5745 4809 12003 30182 14868 17362 10556 10712 24243 28380 20719 17192 15674 28852 5902 -857 30481 14619 30202 5177 25484 1521 12584 402 31098 10997 21492 26755 25298 11314 19881 7416 26752 4354 10396 11912 1111 30128 -1434 4527 1816 455 19269 7331 24743 2285 21149 11721 14422 15473 1684 29131 9043 29552 7369 24400 26420 12185 14909 7761 22186 
9362 12365 12555 30282 10240 17612 21661 14208 4142 9029 12088 14230 10065 13657 502 4329 31086 16444 13392 27700 25314 17745 12088 8189 25989 17390 7623 19493 27251 6707 18843 -107 13936 25356 26825 5643 30446 20303 21363 7179 28084 6136 14079 9962 24870 18311 -788 12028 5925 14467 15176 6631 16537 18193 9418 17160 23450 21429 3714 28682 12847 21809 16688 16271 15290 22403 27710 16382 18169 26113 12374 -908 29362 -358 22416 28110 6900 19500 29009 24028 253 1553 10174 27305 5060 29357 17615 30702 24347 11064 -756 -865 18297 24211 13785 14996 22618 29006 7543 3680 
2893 30911 2705 9527 3474 12101 14711 1794 10852 8099 7410 646 8162 25984 6332 10681 17548 260 7059 11309 884 23444 12018 -609 21756 15286 12900 22176 -1473 1546 6270 15724 24853 18789 7024 25808 14015 13336 -192 20285 20261 12361 6042 17395 9920 1390 26446 17488 25887 -785 20321 20288 26129 10213 25536 24773 28516 1014 7069 15279 22865 23887 13152 11103 3967 27597 13888 3004 28839 18734 17782 1343 13025 -391 21270 2851 4739 1652 9859 18861 12713 17227 8326 21154 11871 1351 21762 30160 5471 24748 12367 21437 30591 12478 -471 22643 1973 17877 18508 27764 
18357 23714 8870 18882 26948 7310 6961 783 10775 -1231 9060 27402 4182 757 26956 10705 3528 6869 13892 28283 12183 3384 2374 19142 8374 11248 17125 26343 25827 3928 22752 23416 21077 3730 10077 8067 28668 12006 5560 6324 -407 26687 25853 -1116 4433 15560 7682 19016 16314 16812 13586 24193 4281 22260 6479 3783 27358 27777 1440 6902 27702 21042 2378 12097 12532 12568 24101 27453 11955 27612 17013 -1266 27235 17467 11356 28853 28359 17312 19697 11139 2464 1257 30967 15263 30064 7484 11573 20409 13798 528 1125 23258 3290 27199 5331 16461 3580 18513 19339 29613 
30486 7118 -1225 6937 4851 30657 29835 24956 3300 15450 7783 18174 15078 8613 9089 23951 1130 20844 27588 -100 11193 28212 14145 11986 24570 1373 20680 26902 7643 2649 28187 24974 1233 6421 29639 11217 26372 23917 29336 1844 -1581 7633 21679 6197 11512 1791 20539 -495 20048 30432 21961 21097 16451 9358 20545 16664 10435 9060 11382 1562 7931 24395 15969 16285 -625 20493 14835 8755 8066 16858 5518 15639 28096 12513 19478 7332 17218 22033 5297 14556 19921 8950 17935 15901 12656 2743 15215 24040 21601 5684 12585 30162 22986 24900 12009 -1386 28924 16149 13703 13625 
16217 25509 1656 99 19161 4199 -1304 21446 27440 25080 110 2992 26519 -761 29027 -1355 1837 30795 7897 29567 -1536 423 556 6335 8371 23648 11327 24883 22726 30342 10318 24032 4982 29546 10339 28755 7497 10558 29039 16153 7216 12240 7423 22087 27214 15984 26256 555 4964 14056 23176 4633 23242 23448 23755 20824 20514 20155 7407 9267 6295 6335 11796 22308 12996 5062 6235 20005 6971 14914 23033 25112 22442 30388 28144 23134 3748 12942 3683 4221 29186 552 2188 27632 25070 27621 6227 1052 20100 26736 24964 22096 -484 23065 15526 7682 -465 22866 11628 -749 
9435 21583 30929 16959 10509 8130 28877 15280 30531 14012 11175 9125 2293 1960 -786 21827 9367 19562 9743 6021 3140 2973 21644 27718 16640 243 9167 29044 8355 19117 30881 601 17494 23105 11333 26378 9668 17940 7459 -5 12504 14935 23336 -1119 2086 26372 17850 17484 25071 26881 4428 29712 973 19548 19089 15571 753 26021 3420 21112 3852 24689 17673 1332 11736 246 27805 23029 27963 14024 25723 3832 12814 16057 5043 6763 27009 12760 11006 20807 805 -119 -171 1082 14733 28874 4641 177 20376 29326 -744 1033 2134 1339 6061 20191 16268 20294 19497 9853 
10463 28919 12900 12900 23442 22336 9747 17408 28917 27582 11973 13938 7012 8155 12150 13438 15343 28930 29638 21147 7331 9226 20687 2850 5485 5543 12185 19095 416 7697 30515 23068 3099 9664 27752 5629 30736 10567 15636 -419 11372 2646 3355 20486 26582 11221 -1284 29527 9055 30498 12813 12112 18878 2164 16462 11969 2366 24656 1499 1432 9789 6193 13320 1104 21594 14397 29205 18300 15411 27690 23939 4477 29649 30009 15371 7234 20394 22353 21810 12611 4682 24388 2435 30090 8341 16424 23903 30688 180 9684 19837 12060 2450 14978 25331 13970 18698 15755 7414 13984 
18088 26950 26156 1883 26898 1540 27554 15199 25610 10286 19300 24764 13594 14214 12465 26118 21715 -637 5074 12669 25274 6349 29580 6242 12745 21472 -447 1122 15254 -825 16534 13603 8219 -1033 4058 11253 30745 2131 1517 28571 24611 30277 1248 30272 16956 16385 22566 9087 1062 1247 10606 26770 24638 24023 7957 13476 20238 1320 6716 825 1899 28426 10883 30401 15159 4503 27992 3398 22229 14784 12022 7474 10529 27507 17135 26698 -1506 27348 10861 12978 13879 11418 15875 27677 29739 2961 12578 6431 15247 16693 25906 19092 4595 16243 8775 4408 29865 10627 27509 -1206 
1328 18922 17610 19039 20015 918 24799 12118 10024 23577 19474 -1445 23732 23823 19290 19737 25453 10899 17600 -754 -1161 19683 10095 29679 19099 19228 26991 -958 4893 21784 20731 2044 19732 23148 24437 8032 2170 3207 21499 17888 7625 27117 23456 17204 21321 4251 9538 24193 15601 13691 12027 14765 15600 16142 17213 6855 10960 8482 15239 4507 18238 14257 16055 1882 17009 -285 20739 26221 15149 9764 11152 10340 15468 7277 29093 14331 24481 21400 31108 13651 22946 6373 -289 19001 22568 147 13547 23702 13821 673 19995 3327 11193 1707 12148 3935 17201 15591 9600 3015 
29557 16968 4329 21854 27517 11698 8364 25964 12650 17508 20462 10378 23659 13165 -648 19438 20299 19533 4803 22746 31117 25268 20663 3115 17722 2401 30717 30726 30527 3097 8952 7590 26750 9423 18258 19786 7530 2523 30015 14915 25166 4955 2636 20770 12859 21934 11729 -505 20101 12056 3345 12557 3311 26233 27878 3803 620 6447 18209 23373 20618 22033 18806 19528 -1163 25493 11288 4772 20123 20226 30190 1851 30201 728 25704 2583 4603 16966 19704 16833 11266 2001 28193 2221 4492 25866 17974 30410 15356 8561 9643 5423 2811 30318 21255 27112 14210 26230 13958 10728 
1407 19780 9026 -239 23064 26422 29712 28772 -871 11727 20983 6743 26604 1875 6721 1333 13009 26500 -1485 1973 13461 8067 30308 17320 11392 15051 13240 27331 20949 26447 30696 6546 21121 1725 30664 13951 26199 9939 10513 25351 15615 16102 28123 11526 11378 12410 4026 20000 9771 10499 8294 26455 6373 8898 30236 18100 1283 25283 6548 25877 10649 29180 7052 27166 20493 12169 26636 9284 23650 14859 19763 764 26650 3623 2993 16649 19902 22562 26329 3308 11013 5795 19037 7533 -106 19593 15262 16463 11890 8180 27813 4377 18425 25687 26299 9736 8848 11715 25242 8474 
26596 11065 1094 13117 23767 9773 20611 16285 18941 9512 20971 27923 2763 20350 933 5043 26964 20532 14261 5237 3256 5624 20219 18700 24609 28222 14531 22988 30835 6537 20478 26557 7818 5817 19476 6343 17441 918 7007 13309 18779 4199 7484 7187 6377 9396 20935 5603 16588 29472 13613 26913 19904 23147 7327 2345 20287 4493 2800 5095 2599 15604 4804 5355 0 10983 -918 6806 4324 5372 1359 19302 7684 25787 12055 18790 13003 6494 13395 20923 23210 3240 22738 9810 27000 29930 27550 28588 7293 8734 28812 25810 6676 5155 1911 10077 30192 10271 18194 24998 
13 15099 24927 21779 17442 16129 1993 9866 16349 25240 9426 22263 30105 1577 8561 30209 8652 24337 3076 15571 30984 17871 5862 24333 29862 19761 1189 -46 21513 24766 14298 22771 6278 18481 15517 16962 25060 3604 16796 26362 12684 26495 5841 5971 14919 23292 26581 17451 679 1149 2013 21207 16395 29818 17735 5905 28747 18489 23256 24835 22518 14623 13453 11641 11068 313 24084 9772 18292 4816 4319 16434 835 16688 30683 26250 15197 6274 24267 16076 25076 17095 9013 13815 30387 30717 23805 9052 28014 5976 21661 28590 10594 10143 -775 20020 21275 7342 18127 13839 
28415 24593 17371 27053 14957 15045 12158 -1447 30089 24082 4894 21984 24480 27022 23575 3181 19500 27700 22867 7272 22140 -342 13952 12943 23034 13465 10983 27680 29968 17196 12764 18727 -847 23219 17118 7402 26232 20827 8005 27258 20344 23820 27546 15204 26008 14956 27280 7797 6562 16122 20374 7346 8160 29770 16142 4706 25961 -1431 12836 -1478 16390 3921 5190 22703 16053 14739 4148 5474 8400 13325 8892 12460 6612 22729 10509 25426 10184 26878 16557 22092 25151 12331 28433 16567 18437 8278 9937 23009 12637 9579 24701 11644 11498 3512 7448 -28 11576 1421 18471 4242 
3295 17401 3950 10409 3914 9896 26175 936 9242 6881 2681 16429 21298 20899 273 9969 22361 23784 8278 13771 3456 29691 23997 -796 -346 15612 13663 -1023 27237 6523 8454 19957 22546 5177 13545 4142 21636 11778 6145 5216 8827 26542 11775 2645 17318 1856 26848 28637 24647 13853 22568 13530 13182 13942 11186 8556 16935 3514 40 11330 17002 8763 27418 3850 14806 27113 23734 1783 30769 26676 3355 20343 13528 22787 19275 1280 13510 1754 9165 15864 -196 27153 29909 18378 18180 20279 9765 5649 20058 25230 23164 4581 11121 7848 4274 5962 29589 15399 19045 3774 
29435 24731 28250 12521 14108 27260 15468 8809 20926 22608 18721 13757 23202 26847 5864 16728 21949 12955 740 6096 17450 4116 23402 20515 17830 24478 5655 11313 20670 13326 15231 2882 10128 13458 16011 30386 20274 2486 5483 30412 28604 21886 2603 -600 8935 21669 22764 22080 22359 26364 20922 9635 3715 23783 21501 11323 23350 2042 6551 5438 9914 11449 26513 16956 25241 4982 23161 8399 27912 5707 9301 14438 3562 10815 12852 15924 4726 382 20335 7485 11644 1209 -908 136 25169 421 20289 3431 24653 3223 21373 7146 21750 13125 39 23402 23236 16033 30961 28986 
19081 25047 28981 16243 21876 21614 9866 8670 28090 30084 2300 3852 9177 13867 18140 11129 16000 10471 4674 -797 29462 13393 5654 2994 17630 1742 12493 24712 12478 2417 10942 27633 27554 12280 15897 1582 6536 9194 26232 21795 801 26838 3614 1640 28697 14255 20161 27507 27644 28492 7180 9708 23486 6149 19885 12818 27103 6256 7951 15698 28464 22849 23213 22255 7742 13896 1804 10452 22352 14989 2892 1662 11030 17806 24929 16397 12777 22434 3053 18291 -589 25454 9642 21949 3186 8845 143 24198 16740 2886 27256 16258 2761 9582 19849 14895 -1463 7268 537 26015 
13817 3123 18511 26218 18437 10186 -172 23224 29428 30302 20523 2164 20621 1515 8746 -1133 8539 4296 20230 25226 21208 13421 11414 5847 25138 30546 8734 24495 25006 -1048 8014 7375 1710 24247 27342 10085 18011 23971 24191 22309 9960 1603 18250 14705 2937 18781 16022 10410 24743 29070 29536 4507 12202 6913 30963 21771 15898 27211 20793 21353 91 24687 2229 20635 17564 18936 23062 -534 7299 26424 28529 6160 11119 2984 30484 10088 8034 4705 25083 4157 14978 9663 16873 16691 29506 30749 23836 28122 20779 11188 11685 25435 19515 18326 8795 9540 5359 14288 6003 8309 
19176 30372 7350 25139 18486 7404 16214 24915 18228 14227 11621 1928 18711 24629 10476 18639 17168 14047 24733 14081 14355 -1302 25646 8064 1339 8442 2636 24833 18130 25626 15919 18305 23544 28674 19159 23628 12008 25194 23002 14384 2012 399 -1055 1480 20627 9676 12470 492 20094 29793 1283 26684 31099 10568 -1118 22996 13637 20020 6292 27666 21361 23733 921 11660 25630 26991 22626 3864 -1230 5759 23150 16122 12356 10991 25208 9273 16162 19809 -1134 18436 20215 -63 17880 6982 1554 6698 21706 9811 12358 8931 24383 20658 24058 379 14074 3858 455 11016 7652 25935 
12992 1414 11998 19117 22873 24658 12345 7702 11503 -49 17868 30868 2026 23064 6313 19420 14465 17132 10868 23288 5163 25761 10841 15132 13207 1096 16800 10892 23901 12006 28135 11186 17725 3547 7925 29252 26120 16467 28207 20635 23591 14321 26032 29464 18111 13957 27905 22457 21879 10987 4460 4033 18655 19211 -18 31116 19317 26871 9943 16505 10574 8488 5369 4345 3158 8154 19583 3774 829 23437 24421 15110 14582 17062 19340 6413 25317 -1501 11375 -358 2975 27522 30843 7849 78 -66 8201 -960 18112 1383 1002 4948 8708 24552 22948 9698 19382 15839 13129 15123 
10209 13470 234 -367 22919 16071 426 19949 15816 15373 14971 25146 29603 12301 10354 9132 13924 7763 1208 21872 28834 370 4133 26521 3565 -1212 -906 23848 12555 -952 10527 21570 5348 16416 2502 24183 -504 7474 11350 30518 17106 17760 29875 1622 4146 13801 17433 -826 12557 13417 25093 14685 15947 22260 7381 965 15732 13653 14328 2953 21502 366 24011 31046 21807 25776 27399 16375 4259 8386 2524 -925 26480 4408 12965 20649 19958 19568 18494 18931 54 16794 9726 -448 20195 20937 5445 12369 2822 570 16569 26558 13886 1454 23323 2843 15792 -1302 20409 10828 
9604 24147 29320 18159 11024 19632 17881 2288 924 21760 2989 27950 -566 14211 30892 7253 27544 4046 -318 14268 23308 2062 17732 2694 17269 21348 1243 11453 27985 19817 7401 18096 -1320 15554 22695 16984 5915 22245 -1570 22758 29135 17141 16176 2678 19892 -1599 15391 11736 1943 222 30869 26241 7158 7916 28197 28313 20816 18158 6358 17192 19712 6347 29088 24674 30922 29930 18565 23576 16125 16627 5182 19528 17212 7082 28053 1988 24034 24044 3168 28422 16393 26324 15375 2845 17966 20720 24039 28856 8059 20133 11992 30040 4009 2986 9966 25755 12680 4520 26733 942 
16421 19958 21637 20689 3216 30330 -1112 3349 26175 11173 16252 15899 23580 21903 7289 30217 23583 23096 12568 20380 22432 27366 14510 11337 12854 18082 20444 25242 24891 28630 30891 10898 16892 29449 29761 13886 19572 -828 10292 1125 26807 7302 25983 6994 19707 13033 1823 -1594 27191 10463 -445 11265 3439 11790 547 4856 -1132 23633 14711 2970 28178 15954 21388 17475 30191 22346 9982 11851 27542 27105 3077 6576 12599 23593 18549 10472 11732 14014 846 27338 1762 23808 22003 2212 16016 15481 12547 5727 -848 20817 27338 13013 26679 -521 27995 17979 5996 21459 6726 19635 
15522 2864 6632 15090 21930 2094 27753 11032 17361 27369 12881 8086 21130 18616 17077 19008 21169 19585 17691 25978 4212 7232 9443 19849 2520 418 21605 10233 27611 29633 30117 1843 -956 16393 7848 6184 13820 12333 3945 2079 -481 11081 20340 28835 30620 28707 18710 14226 7038 9860 6199 29000 23502 9656 25292 29425 14110 28205 12533 25333 17067 29744 23209 13701 20774 -1588 16657 9036 -999 21956 10624 18488 30185 9656 12292 14446 10885 2397 26528 31061 21666 9437 24097 27842 19881 18517 22931 23626 -457 14966 17752 29358 30023 17468 25820 4456 19447 15314 496 4187 
7149 27791 27833 5536 28252 23058 17228 21364 10672 -894 5856 6726 9163 13288 9383 19685 7921 20661 30786 25808 5967 12120 28120 21663 26395 1281 10700 13974 26465 7033 15376 21841 21348 23082 17697 15506 21668 6708 4760 8239 15753 25516 18786 1825 6306 20993 21396 18606 21138 -653 26598 2495 25745 26543 8388 2116 1428 2458 14595 8908 2066 16412 9278 10795 10858 30256 22724 11083 16364 2552 16693 -227 14460 2811 27569 3745 11478 3974 11446 22807 13689 -214 2956 27217 29226 20568 28261 3865 18461 22307 7183 13765 -844 25368 18757 2275 29419 2624 1967 29190 
29025 7996 3183 21176 30452 28807 25691 24961 17425 3792 19414 14622 24208 30838 62 18372 30278 10287 266 27802 12322 9402 22138 12606 -525 20423 5106 11638 18644 20977 27627 17153 21551 8667 19344 -130 24416 17519 5099 4737 11264 1084 9922 26045 11973 -523 7433 1364 20753 14 7420 9795 18702 23417 26064 14578 11900 25479 18191 5601 4625 -1308 22919 29301 -638 11186 28646 27625 25129 26829 21740 5722 7246 13863 3397 7666 20739 5698 29432 10300 3255 15058 8329 17296 10320 5758 16800 21150 6907 3508 -149 543 -372 9394 24206 30368 11397 10396 1213 119 
31165 29118 -1043 17351 13992 -788 10539 25271 14902 14840 19738 22457 23906 3417 1021 19965 27984 8931 23410 26109 14875 20392 13264 29738 2098 24823 17164 26557 19044 22132 12128 10147 10887 9566 22389 21383 1722 17127 -446 30473 10571 21427 12408 23814 8513 -388 22946 20742 16766 -59 7894 15564 27785 15553 13578 12290 29422 13137 2317 10 27212 17689 12059 19944 756 -1079 12309 24660 559 1141 27218 24549 10028 16401 23582 9056 24701 26392 19910 23079 22596 24127 29012 711 -783 -1445 11749 15265 19631 4442 27804 7105 18793 22116 23867 25028 7022 7963 18518 26346 
2228 20464 9516 25669 1735 19885 18714 14339 19781 29193 9909 30940 28429 8559 12923 17832 8190 16336 9006 24322 27999 25262 25543 14622 20199 15923 11531 21425 5730 27502 23749 17927 25588 17846 16535 3367 25862 15650 10870 18985 17348 7213 17593 16034 19783 24174 15317 29997 29789 22142 29616 9251 30441 236 7833 30813 3058 610 11224 5678 8252 28385 9198 15973 18333 6179 10339 9606 10455 16653 27967 11025 18981 13405 8737 16115 17501 23643 24816 25362 698 6592 22584 22270 21820 14252 1821 7100 15284 -1333 237 7603 28520 27023 20061 29375 20825 2961 8794 14941 
806 -501 14466 19957 4245 23414 21302 3917 12220 5202 28502 17171 15808 30450 25489 1426 15937 17548 16736 1909 17244 20812 28054 24767 17491 19860 1694 26580 2261 30302 20040 6826 28380 2741 27976 18449 28991 1110 1607 18218 29902 12652 11925 10987 540 28016 649 -41 12773 22312 11118 16836 12820 448 19744 22476 26984 16140 28988 1119 24507 16613 9722 22376 12521 28585 9889 20642 28752 29653 925 8 769 4295 24630 4695 5754 3736 -1047 22476 -1515 4380 23891 29413 16649 23043 5335 -679 13076 5138 11461 4379 12731 25986 -708 17298 22582 10116 14742 16612 
15348 16595 11654 21856 21439 16767 16329 21266 11141 -573 28797 24939 10939 1540 10523 25878 21350 -1550 21509 19934 -63 21698 20931 14532 17533 28818 473 29734 15793 7904 13620 5139 11351 21546 78 25778 27254 1200 727 10457 23529 28750 23316 12978 8645 15227 6866 1169 30296 21351 13304 18394 14300 15162 29380 2071 18351 113 15260 16415 1093 13401 25222 26473 17315 26805 4671 19831 21649 19829 22764 12647 11348 11670 4217 9116 1822 10526 30851 24466 24843 10817 30715 27592 19922 13205 7251 28111 21757 17785 3156 16505 6366 14477 17562 -1499 11783 2899 5031 12589 
10620 16620 27542 27768 2929 3830 16246 20005 19634 14473 16956 9814 29867 5209 -676 15396 15885 23534 21754 15017 28691 520 12234 20528 12904 28182 6267 11648 16814 6878 20177 13134 2724 13871 24160 15306 20970 -54 28889 3657 11885 17752 12808 11033 15459 31116 15204 15722 3836 1123 7497 8545 1693 2681 15309 3136 20943 2450 21812 1209 -317 18481 10251 31063 9075 13915 20182 25366 17006 -657 1902 516 12859 7463 15346 25109 28000 5048 17248 30230 20743 12045 28616 14002 28741 17704 8230 21412 16895 12699 11219 9481 3955 5675 7582 10950 10583 -884 21635 2075 
2472 5952 16384 2386 10249 -111 3592 24969 26318 28342 16541 28324 7838 4107 16647 29016 28345 10865 9891 18267 6117 -306 1890 21934 18408 22949 18392 28947 23482 30173 245 12947 15938 28312 12635 17967 10690 7731 4180 25007 12760 26723 30822 12689 7210 3448 -113 10769 11686 17585 29455 19037 12908 -1082 3311 -27 9810 14717 22788 30652 1034 16748 24502 19514 24810 14038 19531 7319 6994 7337 25827 15556 427 12444 18952 19287 30744 16238 5101 7062 17078 12355 824 426 14976 9504 7044 12007 21209 11918 7535 27710 30130 12371 30291 8397 23629 13651 23453 12934 
10916 4239 26561 28419 13170 18748 11983 19059 27349 28684 24748 25253 11669 7043 12007 21563 8973 27000 19501 4082 8108 948 -1180 -491 3615 17839 17496 24071 1301 16749 1053 28663 20390 384 12026 5801 20058 1568 14854 16225 14028 7021 16986 -517 22512 18126 10218 27404 10495 10602 29176 29248 2293 21963 29486 24249 13499 13979 17233 5030 6638 17536 17558 -279 19524 26905 2714 29681 912 3363 6393 15517 10345 28588 3969 20048 5492 1151 -1524 12572 21314 14226 6640 18193 13536 5041 7965 16811 23283 27188 26314 13155 17285 14822 30164 19285 11368 13046 1197 26903 
11837 22048 4853 22179 5656 19687 6319 5732 9162 14578 2841 21348 29378 22667 2849 8606 29594 -449 13177 23653 -972 31127 7247 4348 5254 12029 19108 825 17920 15539 24894 -1446 21391 10998 2372 9200 24645 17720 10350 -1294 10912 23171 6878 16609 8813 17138 18070 14114 16207 10322 -368 26211 7657 12254 19308 25132 2461 17184 20433 5775 14583 21995 7771 19953 8882 10110 30516 15614 29020 7356 843 693 15266 29070 17190 10896 18219 8035 1886 24284 15403 30406 26796 6433 20350 2598 21932 16048 2421 10155 27687 14164 28472 16444 29710 11291 29904 14742 29201 15435 
15818 18831 26578 5737 21115 6257 30653 875 4076 2170 17025 4614 14425 8313 29723 12315 10847 14218 5789 8260 25786 8187 24691 22916 7346 12096 21605 -236 19737 8473 10534 15953 17402 29644 3728 203 21720 -1146 1649 111 30104 2771 9997 27612 11270 11844 15658 26828 20984 6440 25545 25251 22042 363 18305 13083 16206 18580 27498 21271 22709 28643 26047 24973 3160 30096 10766 28309 4709 22823 5900 6297 15135 9481 7694 10652 14686 -1275 -1502 691 29621 16922 3262 17290 575 13143 5660 15382 7929 9172 7979 22113 28371 2513 2858 18044 10576 23287 26331 28294 
17613 437 11098 1251 28010 18361 19088 10880 11404 13206 -1199 16201 18179 30588 23302 25268 30677 12060 6928 11887 19872 19099 4018 22830 4253 9406 5808 3993 14158 25117 27521 29017 4030 22407 7975 16458 25447 21886 2464 28611 -1091 22229 11010 25098 3406 12397 4655 16862 12170 21 -215 1572 10030 14470 5900 19897 26943 18566 8095 24927 23742 -1250 22670 18889 226 20221 10304 1995 15873 8950 29255 7333 18204 13725 3457 12405 4607 5637 28610 17603 3081 17309 17716 303 20878 23345 18757 18494 19943 20229 22338 25163 18957 18453 18573 11411 4069 28272 22127 23136 
26659 30395 21908 30301 22742 29386 16667 29186 10885 867 11087 12576 23036 10515 18940 8077 15534 4665 29800 -261 15807 25624 2278 15066 14758 7456 20489 12402 7796 20030 4996 30982 5820 2411 16018 25643 9495 826 -484 28721 13900 1441 30302 11952 20497 29136 17486 9019 8826 12087 8323 18985 25075 1435 6614 5511 28660 89 -624 20002 30778 6339 9030 26298 18613 1440 29261 28490 18955 11718 5838 30331 7870 23515 -897 18224 3829 28978 17653 4148 1756 30153 4001 9222 3505 872 2398 7886 15205 10716 22956 24672 21221 2650 9093 26742 18171 2039 28624 17141 
4061 2892 30591 21085 22344 30510 25402 26203 8529 3221 14014 11379 14273 7052 15821 10446 15907 -163 28874 1322 29796 967 26346 9192 19999 29022 3083 1336 9339 7947 28713 11368 26809 1703 9851 21331 23895 -1352 18974 23022 -1068 15187 24179 -10 19734 18457 24853 5820 6774 27988 872 31000 -674 10804 8662 14197 29588 11821 11940 1531 15904 19321 26210 6880 28877 23730 17420 19162 14422 15248 19125 20900 -728 1738 23267 21687 10438 5391 27011 19980 29653 4908 3714 11542 17085 27455 253 7108 14066 13091 14108 30138 15062 -34 -119 8089 28227 7244 2689 3180 
31153 16598 30860 24378 28153 2645 9432 14004 30396 3593 293 20732 17773 2238 31075 21916 15087 18183 29928 13200 30178 1179 11072 8563 2953 8404 8872 28109 20808 9806 20003 28038 15572 17317 24880 30316 245 29519 3870 29671 11495 12450 3077 17350 13418 14312 17754 10537 26206 28580 26662 17302 30739 14576 27355 6177 27428 1272 28876 23227 13319 11670 -703 17828 10028 12056 3116 27893 21189 280 18050 7246 2864 27767 10288 27814 4087 23684 3505 24632 20345 18741 16194 29329 28463 30848 12218 10943 24214 29924 17665 23965 23213 14079 8228 28226 26659 8269 -1269 -1390 
27160 1288 20942 484 7045 8996 11698 13273 20801 1137 1972 13637 2729 27091 22727 18750 30435 -601 3497 27723 13513 11064 13395 4016 13158 6502 22810 17117 14631 26205 10586 14590 14232 25211 4561 14501 12752 10309 11927 9114 7028 3977 688 25803 13915 6558 3395 12889 5339 5312 29298 12736 1705 21645 3535 11311 22109 -602 25710 8432 23970 616 3237 9206 5618 3792 16725 5773 27646 16757 30442 26662 15290 12199 26607 11593 -1284 21166 12096 -1379 14530 7207 9699 4634 14113 3968 23166 4183 1472 24218 6253 26614 8963 10118 5240 6453 18898 4449 29990 13207 
12797 9809 3258 20408 10562 26793 15040 20279 2806 16674 2892 20678 15429 1080 18887 26196 29471 27820 23918 15203 11704 2337 25954 31084 24754 15062 10846 22647 483 906 7185 27073 13750 118 12303 19085 1335 4203 6253 3349 8887 17172 26608 17809 25360 20304 23019 18796 12686 28334 5037 20111 25715 7188 21914 14543 30751 21362 12773 890 22226 4263 -287 21766 29462 27516 23287 27360 6852 20167 14402 11100 2218 26785 1468 19385 23246 4554 11291 6237 13147 2595 13379 3353 27165 2129 3424 2970 21683 14967 2200 7672 19274 30228 16482 21346 12297 29956 16767 25839 
24342 7580 27531 28808 3387 29669 7993 14331 15148 29185 28705 29219 880 9637 12350 23610 10466 4275 19200 22856 27612 27392 1538 3501 19448 814 23905 1233 -900 7336 20913 3828 29016 18627 7574 9496 2774 22780 26868 16659 1494 10324 12235 14266 30394 6609 12971 17201 13550 18966 26311 2903 15621 4651 -1103 6742 12169 6480 11433 19279 12890 21507 13211 24874 6840 28185 21420 4997 26087 15873 4473 -68 9847 -227 20196 3102 11302 12610 8340 27447 19564 6999 21248 3394 20890 3859 13615 28077 13990 11223 24327 19160 30094 -334 18759 30160 20063 -644 11547 2124 
3291 -1262 16724 28338 29371 21176 2874 21579 3232 10389 6406 8075 22408 15697 7160 19588 15623 29394 30728 4978 3070 16413 -186 26983 13318 29264 11970 2337 10620 14532 25390 20969 30748 6729 6929 27314 10832 4482 -874 14141 19217 11878 29964 19815 26735 15072 26617 14491 7352 136 972 31069 17466 28032 29234 20219 9646 30330 14872 31062 29497 13265 18738 16600 10776 22466 15163 12920 30432 15317 5318 7665 25704 25425 18357 1032 15182 28896 30546 17153 6170 11597 4609 28460 24072 23899 30360 25997 19568 17613 -1195 18096 7363 21628 19570 10134 12090 8603 14431 26303 
27672 25614 8085 13152 8081 23026 24073 29864 13902 3631 9293 24372 24727 8256 22071 9883 16917 19211 9540 22810 29753 2275 15493 4968 16709 21155 29754 23197 7662 6126 8970 2629 1956 11915 17103 25737 3447 5860 16151 29318 27037 5030 25398 687 12701 12923 -519 13157 17162 1003 28928 6047 13046 24665 436 9146 9708 14370 25047 12394 5793 3289 1478 451 12591 20901 -447 24679 2309 4293 11242 29404 3944 21538 16986 9454 20630 28442 12499 2886 7574 26454 9882 20757 26769 23242 2285 24035 14820 24787 20629 378 17341 1142 25888 5111 14950 5562 11190 6135 
14121 12334 8078 3303 3032 29823 27139 16237 3313 4924 4177 1532 30819 26283 27869 30587 16120 -1580 19005 18974 5721 -1388 5567 10311 22959 13537 16292 27035 24308 21797 -261 15923 1742 20414 20238 -1566 27931 27546 7296 19879 16407 3577 14334 23872 25629 1348 17559 16077 10775 12561 30640 4776 -394 1344 8353 335 5860 1592 3551 3439 17542 -957 1499 18456 12512 15376 10616 5386 27485 591 13851 19738 19829 112 15719 11472 23410 22652 2193 7430 26583 26141 -684 957 24423 21171 -1400 27403 17351 4757 16986 27691 -1336 2414 10275 27810 14411 13247 22486 23449 
26825 21368 11552 15681 8824 15802 12313 29287 17164 1970 28056 18976 41 28822 305 2968 20569 1738 18110 17915 12996 9749 18852 21645 -1178 3332 10142 9422 27131 26472 15669 27854 29068 19443 4572 8089 13962 19190 6558 3523 27032 19519 634 16411 17652 6679 25428 14965 4729 5984 17042 29848 16455 16083 2632 30544 10762 10592 8216 11159 23773 31142 30369 2532 15315 10907 3738 30619 2841 24383 -636 16541 1986 29057 12288 15088 21030 7739 15820 17041 4337 19537 17741 23392 21180 3309 25809 26417 21603 4830 1886 -520 29148 -232 23334 5653 10183 77 26534 19142 
11152 25520 22868 11956 16437 21715 14584 14493 3501 10911 25761 30759 24812 16250 16446 24781 23184 29309 13261 6380 12828 4059 11579 23278 21476 -426 -1072 5792 16278 12259 -1202 8342 11611 29542 9374 24001 8093 26001 14894 31004 10097 24287 26082 20852 16794 23733 16046 27997 21038 929 19398 25404 25823 30897 15227 17270 30689 28670 9131 12990 14188 28219 16858 645 12262 23422 20714 13699 7336 9496 10861 -405 6498 19607 2459 26292 7204 25056 26091 27531 15874 1651 -1206 -290 30811 14271 13803 -1397 7360 16044 22466 13230 28020 16944 19866 -1008 23709 6930 18887 -76 
6144 9923 23168 3205 10089 30562 20949 29218 950 24278 30016 18387 11384 29455 2788 1677 25146 18782 -1449 1320 19307 18172 22307 1194 27099 1183 19160 6835 26349 25406 29887 26640 23633 4078 30006 10597 24435 21725 -1377 20475 13693 13684 17914 28848 13820 29586 15646 30469 554 15340 16521 10827 22223 22409 6873 13038 24269 24674 -31 28138 3137 5920 12641 -939 7753 6134 -166 7433 6509 19620 -1532 -390 6309 6549 19300 22176 -773 25624 20103 12036 8660 12229 6736 29422 23513 12529 21999 28086 10358 21079 19711 1842 5125 19410 22837 11324 -878 2101 22453 29035 
30529 14419 15 7644 15961 4374 4811 27677 11743 21182 30122 28483 29926 22339 29556 10767 16756 1486 30066 1601 19713 10586 11393 -1531 20389 18545 16329 18818 -39 15369 14103 29320 25821 25477 30412 28764 25029 29648 17274 9638 -234 -98 25363 23168 6413 30403 4550 23720 14476 -1347 8303 28614 -869 1606 12977 23520 6797 1561 12970 2021 6857 8398 12362 11869 6189 3032 586 23094 26647 27555 7870 31155 12554 23764 16718 30071 5618 25762 5391 22967 15373 9818 14320 16261 4464 23542 3547 17471 23081 12261 31074 -736 10767 13790 12315 29925 4379 24805 146 25000 
24697 29801 -30 24771 3625 3710 13543 9956 23875 2364 30490 12855 4324 4416 22274 11448 4011 28488 1612 19614 -538 8946 21886 8429 29782 3223 -683 22555 6549 1100 2481 12012 1049 23551 23601 21841 27358 27317 23657 14210 19116 24299 2998 14627 17915 13836 21169 4252 9592 22296 -433 4218 -209 28252 651 19722 10828 18516 14532 11262 17797 2470 28595 3135 13856 16959 17146 21465 9621 31128 20578 21005 9177 29196 172 890 13376 347 14857 26219 11013 -959 29231 11597 24943 21311 13842 15666 26266 7794 23861 1671 29400 30350 16036 26075 956 6408 23943 23255 
9915 30018 9053 834 6262 24829 24010 26676 -354 20934 22037 19300 8828 6559 30779 17045 12820 17591 8098 3875 11759 22091 16243 16306 18812 17060 15504 18942 9241 9267 28452 27334 24762 18895 25061 14812 16941 23575 1244 80 4609 30699 10723 -318 14345 15374 16573 29132 2186 26591 26822 17046 28405 18749 3659 29053 15194 22401 27010 26852 30818 31132 21790 1573 20480 5467 4743 18072 9389 9656 12716 9929 9557 13927 29309 25023 16858 17002 5634 24176 1595 5077 13578 14665 602 25251 21128 30690 1119 4290 -120 5321 3013 291 1729 12653 -1288 10241 13775 23601 
11680 4667 -1527 30874 14726 16852 9969 30617 16409 23952 23637 11771 22164 20914 8697 14072 10951 8154 28406 28895 10871 15362 29356 16872 4972 29855 5464 29466 29197 990 17993 3941 13491 2044 19900 21697 6529 16591 30793 25996 23794 4188 4611 2027 12034 23701 18209 24926 5354 4157 8291 15472 -625 6367 28923 1662 28291 24559 11311 21419 20398 23821 14465 22253 -1134 -168 30355 23609 23088 19444 20883 29395 27794 12200 20310 5563 20207 8601 13836 16440 22383 21800 -616 -881 6034 22770 25217 6854 9783 8432 4242 23961 14404 6572 -1276 2952 11752 682 6234 29182 
23168 28126 22489 2220 27941 25169 18076 743 -54 16345 -1464 15682 29441 8695 30562 5433 23659 8155 26955 22780 28084 26490 8654 7521 23101 20948 30298 26607 24929 11853 12507 15117 17247 9003 27176 12880 1752 8501 17441 -790 5372 2162 6495 9271 21069 15367 22670 11370 -1527 819 24931 15709 8742 13676 22830 8576 28163 20388 3349 2272 5547 12448 6117 7776 1974 23156 8589 7421 3028 14125 11824 13122 27633 -384 4830 8915 18943 -1357 17896 10782 26708 2710 24790 26149 19127 24225 18943 -1424 13828 3896 7100 27926 13424 18940 -190 17652 25714 29784 20753 6126 
30790 16662 1302 22377 27672 22302 24657 18643 6339 18263 15931 14417 26939 12193 14256 5008 6295 2295 8588 15022 -340 16041 30941 30031 4445 19647 29373 6597 24703 17266 1476 5216 29276 11725 25373 7389 1755 31081 30019 2035 26436 7504 6739 17151 2219 24048 28668 10200 26349 11334 10018 30390 7781 15893 29957 25668 27165 7492 22565 18895 19658 3166 1710 9615 19008 15917 -876 14617 14245 -385 16195 13293 18479 2553 3325 30756 7308 29470 19912 10043 15082 4718 15371 17668 30107 8089 23230 24244 26205 12776 28483 17422 17469 1463 21725 182 -1504 1299 8132 25496 
997 12663 9690 640 14383 11437 8964 18364 17612 16073 20255 14325 17335 22344 23445 15893 28349 10062 28309 27480 6090 4870 20966 14718 11206 22553 11102 -750 9765 26457 13563 21976 -1276 3953 2709 2918 7666 14027 17204 25539 27480 652 11277 8770 23168 26801 6925 -924 -459 19283 28438 29423 -1523 23289 29655 7452 12880 7715 -196 5086 7294 7133 16004 19284 13934 18311 18687 18524 18977 27564 11866 16438 17435 29185 22173 20572 627 1671 10684 7276 8814 13250 5326 16435 29395 13855 8933 9186 20679 25709 -126 24662 21844 11131 22700 393 22929 15063 13989 5405 
30570 8366 -190 4880 19714 13000 -1315 20098 26809 17059 20719 15530 25558 15033 4679 -31 20938 25300 1754 17613 18968 10645 5438 8119 29397 28940 14782 14320 4570 -901 8980 12134 19066 15660 10934 21579 19959 23673 -297 19181 25728 227 29683 -613 21720 27729 5134 16563 20637 12659 8577 14554 11053 24119 25465 12605 16686 6513 12807 12296 5809 20880 22486 14066 20986 14979 -123 15847 22759 30898 664 5596 30452 30497 4116 441 4577 1706 16558 29543 4855 1112 20136 -1276 19188 25839 18243 5667 13961 9090 11218 11596 10629 12594 6264 11645 1689 9230 9848 19421 
18879 784 24619 8585 19265 11580 15516 28033 16731 -1572 14517 27321 9861 20447 17435 18501 19032 4697 22436 29093 29458 24604 11116 30008 5569 17532 8838 30404 19201 5929 8797 15403 18026 26925 11167 561 13970 -754 10969 26480 5044 26629 5806 23397 755 6757 4518 8093 5189 11536 26027 2305 16630 29211 20255 20296 12497 26251 11660 22659 27614 17200 20479 3788 16084 2726 13053 28174 14356 4723 9751 6145 17238 9538 28451 23590 2540 -955 8467 16901 23974 28081 -924 17265 5218 20060 20281 1273 23073 9339 27414 -1418 8158 27007 26154 1467 27881 14614 -430 15711 
30962 27462 5025 10671 5295 14252 20644 26041 1820 8155 13872 12923 9578 -295 24792 10801 2943 15291 -505 25028 -1250 15720 1712 26199 1963 23923 30123 9461 21654 14363 20393 27230 19546 22373 29379 18680 22058 22370 17338 21209 12336 16772 28360 13817 13434 -734 4630 26750 28283 21266 18385 13097 1842 8814 9702 2021 11762 1128 26958 12919 17349 15695 8976 4424 12150 30892 23754 9303 24627 28286 19187 24642 9429 12187 17064 21373 7620 30503 18728 19347 12162 -193 13031 18593 -1077 30376 26691 11482 1886 21944 1503 13883 21092 28751 11921 28760 18803 17142 1282 27719 
5431 6430 25304 11442 28340 19068 924 21505 15923 28040 31003 17069 27327 -738 24466 29609 24659 3892 26452 1267 29340 23233 27175 -1473 25181 27318 25145 26570 27516 -992 14517 21318 24991 9564 505 14563 380 1155 23918 17027 15538 21214 20220 24328 26207 23432 2081 1982 17976 29483 13990 8683 14424 11998 3831 2686 8095 14370 26644 -1571 4286 15364 24369 3535 15323 4949 6367 26513 15062 25100 21996 27645 2608 3015 12757 21471 4750 -1187 222 23129 18662 23468 25539 30589 2877 -148 18199 13555 19 22061 9263 19144 24164 27775 -1598 21085 9301 5413 4631 -647 
25201 31092 19681 24429 24981 28379 17075 30318 2424 3959 14357 17146 3527 13265 30264 23401 2040 3013 16212 2460 17318 13429 13460 8394 9116 18798 9138 22894 9593 3815 21036 8534 10743 29462 -998 28110 18385 17595 23714 15858 3912 7346 13842 6939 17481 6328 28562 1384 13621 9543 -388 23155 29764 13459 29008 25631 22928 24748 4688 23933 21427 5816 14252 23525 11541 2384 30562 10780 3022 18432 5295 17319 4651 -1557 7459 15927 9686 22907 19291 3894 927 12109 25943 15222 26074 10790 27759 7939 9069 4631 5349 6918 19823 29875 6946 6113 29046 2170 11398 26962 
18039 9544 14819 17096 10828 20476 10641 2508 30172 30518 -223 29839 19939 7987 11958 673 13907 23240 29180 -591 20062 3976 5311 20613 15130 8951 20249 8711 26312 20211 25424 17007 23226 -1235 21837 6290 6616 6595 12713 23891 455 9479 -1427 4913 22700 -938 28512 18413 19866 -489 2054 20068 20879 23771 5418 15990 20254 19868 8222 10515 26293 19734 15759 3692 30082 23115 10744 17472 19706 9244 9657 6732 8448 18441 9934 10965 21159 24592 5670 25945 23965 15789 28309 348 20014 20463 13168 10069 17897 21184 21693 15807 13546 1344 14093 26693 3515 17727 13551 26382 
23008 3553 4106 9265 13559 30550 26574 23865 21632 30143 27599 30431 25160 13606 8120 10449 3942 4254 9952 20382 26086 17023 11651 21194 -238 3020 9622 11512 25681 12454 11584 17466 180 18416 5354 24701 10517 -1010 6907 11801 24803 -1344 4907 23166 8581 29216 20345 30977 2657 6340 16579 -562 -127 24309 25849 15598 23769 1815 14583 -1151 1073 794 1014 16638 11171 5412 29348 13998 29383 20809 6112 817 25723 15979 2308 12335 11074 29749 27621 18472 24141 13373 27751 -1441 27942 7230 12207 13032 20461 12155 -1285 13529 16965 5431 25627 25750 28375 2650 390 4159 
4475 9254 12296 9275 13813 8736 9254 23022 22889 11522 7433 3713 21591 230 12056 4046 4930 8310 15405 19827 17400 20309 20334 -1024 15739 12699 12991 22591 2176 3692 13272 22699 3738 21439 12032 15094 5629 6456 5470 -1094 20456 36 17647 26184 24488 28313 10273 2711 24639 17336 13058 1868 3752 17154 29725 13806 24254 5344 3819 26420 24774 23096 5610 -656 -623 28977 23124 21275 12094 10513 26486 -1140 -853 17204 -91 3003 7535 16180 4302 14646 19594 4129 14009 15661 28581 30941 212 2467 22778 28067 20908 -333 2520 30873 19974 28168 -1076 16280 29072 23145 
5733 26885 -194 353 6044 15824 9012 23827 21718 1683 15468 27686 23184 16844 25565 11733 4256 28995 26461 24599 10523 23680 3598 11765 16352 18028 7289 7153 12471 13328 11841 8346 18973 627 7037 30516 8872 10645 16299 23182 30473 10896 6214 30182 5821 18135 20732 -1537 1346 16015 29574 25673 5646 29714 4381 9784 26890 29323 23437 -1370 19902 30132 17393 22378 13075 12468 21762 2308 27067 12829 7957 9832 7991 25353 11176 10992 6011 16220 3745 9317 19255 1310 19227 821 12477 14583 25060 15031 5508 -555 -111 -93 3662 23969 24620 4759 9203 16678 7833 9418 
706 29956 17789 1245 4744 14809 6111 25022 -713 -647 10071 4550 18988 -1206 28134 27604 21526 8649 16753 24751 -136 15139 5838 8804 14290 30451 10880 18394 22888 4900 17677 -1404 19879 488 28913 23591 16425 2781 6199 29392 29277 1352 8107 2268 21453 26992 13750 3878 9476 5925 10959 12124 2834 20307 18834 23652 6582 -313 17528 20209 -1504 6155 28458 -980 29784 23139 6524 13445 16712 1008 507 14495 11098 3301 30248 12899 9158 10733 22100 8228 4723 29606 21257 24569 18047 12608 23080 10529 3430 25654 18847 24983 5829 21301 7614 23999 27328 29202 28969 14384 
22798 9454 17526 4009 26264 -914 9053 6424 24513 10525 23950 5068 21839 1003 10541 19906 27115 10694 9437 1558 30286 18526 20355 7050 10755 23040 11154 5434 28363 11921 25605 13159 29866 16307 26870 22120 27781 28156 6611 10678 5998 25946 13104 8472 28804 1676 22085 30196 22402 21441 8189 29375 16859 -420 26030 -1404 6279 21447 19827 23190 2150 26492 6173 5220 11079 30747 4808 27993 3981 11695 17943 13050 17525 28418 6405 16645 12543 11303 15710 30667 7023 7182 23506 28824 26487 2890 5550 24128 12541 -1561 4655 10195 2428 26222 28026 27491 15888 17412 -202 14073 
11290 14751 3765 26015 19076 26736 10970 11920 11690 5976 -1147 5251 27614 16776 683 797 26768 9796 25357 2174 11280 6075 25231 14570 3577 26372 -468 27297 6194 27463 1419 6083 10393 16875 21560 21602 30534 1537 24185 26291 18291 23738 26563 12118 10494 21771 22736 12234 20625 14440 19288 7414 11373 2719 354 3033 -1079 5851 7740 26201 20184 1986 5909 30258 30070 10414 28973 29694 618 3600 945 10348 10565 747 4903 19842 23798 14708 15505 -484 13542 23760 17947 8550 16064 16879 2929 24730 728 5517 23478 21705 8495 1360 16159 15044 3359 515 14881 6961 
3480 22776 17483 29876 18444 645 18620 5700 15350 9118 9785 30604 13564 24729 17634 -631 22964 16135 30601 14635 7442 29878 -343 20010 30818 8652 8951 20467 29692 5127 -609 693 9341 20759 9237 3724 25268 17957 3470 21205 9257 6757 10259 10137 -1474 17119 13113 -1252 24054 5444 5752 22918 3683 14324 2333 3259 26527 27924 486 8765 14460 22229 1074 17733 15558 29384 219 -1301 554 10855 8360 28274 7610 30373 28266 7103 14359 13501 30379 17882 5682 27137 4871 18345 25783 21729 14113 27829 11280 18692 13626 8221 29450 29834 4199 24480 13855 19561 4711 208 
31064 -537 -1256 30297 23254 25403 16269 25463 11252 6481 28358 27519 14099 29850 29187 19342 30714 13082 -320 27734 11490 26999 12350 14863 17938 18755 24266 12416 23092 -429 27271 10549 25900 320 20456 6596 14248 23810 -1082 4161 7490 1461 29972 23497 24390 -403 4667 28467 27161 11323 4101 11226 -1216 21577 63 25230 24065 25370 9703 30882 23728 15075 29958 16152 11409 26382 3110 10736 14941 13015 7521 13718 23916 16646 23843 26738 6007 25298 11382 -365 9984 3039 21757 28028 21079 24918 19591 3608 28993 556 5706 23233 23360 18038 30641 20339 115 21487 22236 6680 
4897 1429 14507 26867 18398 17503 29821 17719 21073 3881 21379 1962 25752 4004 29108 5497 5971 14971 22117 13096 16448 6293 23167 23450 23952 30566 4692 10564 23486 24190 4375 -136 7200 18455 -1041 16853 16901 15070 688 2003 27777 716 29741 23155 8913 26403 17462 10764 22878 23443 31010 19002 5482 19056 5906 25064 21835 13842 16058 23941 863 3927 21987 4429 22916 16187 12154 22966 15179 414 18758 10242 11443 20246 21826 2284 11156 13307 25743 21362 20903 4731 10765 19913 17704 28122 27278 13928 7710 -812 20655 16180 1600 24853 -1460 10451 31100 477 13718 19475 
11550 10169 972 -126 17298 5990 6027 26383 4815 2503 9419 23526 25433 -242 30831 14931 11754 2799 28032 982 -587 22535 30207 25420 15695 16469 3422 16709 21555 30935 2706 13929 6889 28238 26573 18956 19403 4373 13782 2779 13933 28194 4342 12197 7071 4903 3479 3668 14361 23498 12917 22252 9147 26121 13944 8393 19318 2995 22564 30687 27603 24327 17591 14386 4632 18552 9432 9566 18954 897 1263 19528 15962 22697 28443 23786 12710 4773 11470 19013 22050 19593 17911 7785 10717 22325 29667 4263 7588 5067 23980 3039 27787 16713 5204 29419 10775 23378 25717 4404 
11514 18436 13216 17749 7298 13049 16200 5107 1690 4961 13154 28837 1139 -1209 11924 11015 5063 28136 27150 3554 27329 6968 23297 24190 11398 -392 17330 2578 1107 -518 18995 28489 19784 18941 19127 20989 3281 22699 15240 9977 9638 -711 6302 1520 18804 14367 27861 12162 20259 -386 11972 13686 13245 22167 18222 29434 11247 18287 14111 8991 19510 14729 29596 858 28063 1734 11519 4156 5427 5982 22502 2619 17399 2568 28110 4256 13716 1326 -1206 16535 13217 28496 12754 26206 17281 27779 21313 28303 5363 7949 27878 26000 14125 18718 30782 29474 15021 3514 5957 24589 
1429 11948 17008 21490 16568 17834 24128 6450 25406 5775 20092 21762 746 14526 15619 16793 12027 30106 27204 6265 15293 23083 -683 -1309 1189 6612 27043 18014 19227 56 8277 25454 30689 20530 25392 15452 9495 3580 12093 10786 30430 21087 21751 17790 26793 25889 29731 10784 21781 -905 12612 23026 7802 8103 6837 3728 -503 19142 21337 26313 8088 4505 14585 -421 20485 8076 23603 7605 9277 4824 16403 20460 7905 20666 30537 19656 -1394 4312 21759 17648 24253 -586 1870 15929 25941 26715 4435 19989 30405 11537 15082 8225 8910 1851 11263 22222 15340 12886 2437 29751 
7001 22044 2574 6412 5042 23484 6141 1947 14401 27195 14178 30980 16095 26609 1388 29319 25212 -218 18300 26863 19525 17361 8164 8223 10602 14456 7731 21700 13186 4140 307 24097 4501 11172 8312 5630 6077 28545 5023 29875 2928 12714 19737 28506 12901 7111 -341 17947 4633 226 15739 4249 26101 17442 -1071 30336 29207 3759 3680 8761 30899 12968 4934 7086 14366 14666 12447 22846 30573 14885 16570 29901 18375 14719 8687 4846 16444 27602 23 10799 6745 23658 3486 30862 13634 5407 16957 5378 9603 1337 21842 11049 5996 1386 18893 3865 27167 30444 463 30536 
2353 7108 28635 19109 10993 26134 7089 4282 14673 7344 20667 12800 19303 21148 27693 22092 13719 20453 24758 20319 22103 10612 9686 7568 26007 26122 26834 15517 11461 11877 30034 1689 11634 9849 27535 6903 23707 11724 -1494 22459 14478 25851 29092 4809 8048 30291 10104 24910 27743 16272 16071 23379 322 6843 3255 26986 803 9255 28259 19065 12092 -1134 1655 8107 20125 7777 30816 27773 28273 6396 22310 6382 8929 27984 7647 9159 15007 11372 10185 21264 26888 24892 15868 20636 3310 2666 28865 16564 23032 348 4747 232 19119 19534 19080 23803 24863 31126 21723 10230 
23582 16897 9842 18253 10037 20555 19063 24116 27425 11202 28524 26381 17662 25604 14816 10484 18952 15326 4801 5992 7686 12611 18261 18980 588 24692 28880 23302 25442 24632 14732 6172 2896 21818 13785 6101 15990 6792 9847 23887 10530 -718 6831 23236 9131 10502 2049 16406 29499 1138 3459 9091 19766 22907 14542 12908 828 18915 17054 14406 24020 11361 22783 27051 19376 4353 11559 387 11153 19106 6893 24146 5838 -1130 24538 28077 12925 17244 30697 21441 11572 19330 21969 23809 12149 4511 19714 26617 9390 27764 9021 5433 25312 27179 24512 11104 22253 17841 3625 15697 
-1167 20790 19170 16506 81 21451 3902 24903 10462 30755 21285 944 1696 2667 14969 -545 22191 25418 9214 15114 26571 -506 4087 5210 3827 22453 29786 19958 20657 21928 13482 17980 1281 4320 4966 1283 23509 1199 4899 30989 18492 15991 23873 20893 30759 19591 25670 536 7890 18970 6092 7641 30658 1650 8218 23076 2168 25882 14171 9259 18088 13634 22135 22848 26926 24123 2946 20263 18824 24347 28629 -1412 23554 16243 21450 8519 25721 12084 22021 10151 11718 13225 15481 9379 10686 24469 1265 3349 -38 13429 17230 25272 12416 27353 860 30041 4838 -27 1091 25636 
5015 1517 17316 11534 14748 22068 28233 14439 6210 25037 27777 28297 29562 -108 24592 1443 -790 13644 2505 21927 12167 6628 11455 8283 28643 3788 9507 23428 14098 11896 2229 11062 11820 28159 18136 23104 16502 4055 24141 16059 18987 9647 24199 6331 10713 -137 2720 6422 6770 1395 5100 24151 23529 7041 569 21968 20606 19315 -102 3772 21663 5265 24035 11673 14195 24111 19390 19854 23037 11125 20321 15871 6882 20021 15587 10807 21711 30444 -462 22838 21891 8164 8873 21410 21358 29032 19529 24018 2044 23854 12428 21500 13433 20172 731 5768 30617 28505 16036 21620 
31131 6701 26385 8687 5395 16571 29279 26874 16969 7059 14034 25154 11082 9852 20297 25603 28289 1463 3452 29981 13834 4695 12230 12866 27020 27588 12455 13119 24778 3160 9683 15982 7358 -230 17641 14406 11625 29853 17353 23809 2610 5381 27277 29300 17136 3352 19738 16374 3983 29831 16987 14959 25683 19274 20243 29320 20677 27670 23124 29434 3890 29191 8601 23800 19153 12118 629 12480 17041 29496 20460 20551 3702 -801 2416 27145 28067 6547 26984 6647 8962 3064 24949 11906 1669 -1436 14912 8140 4368 16991 11503 26359 18683 12101 27713 911 5440 12800 13120 7450 
7479 22503 3990 20167 -1279 24252 15749 19260 9871 25545 2942 9857 8008 19491 23381 13330 -1461 9215 30487 1801 6999 21305 3971 17008 -427 9452 23064 1966 6007 16435 25815 28943 28677 20486 21903 9855 17855 14393 27353 14922 4832 21911 13481 7186 1228 26404 6791 4060 1871 24185 25959 14139 10887 30016 8987 23201 18792 1496 22889 16591 30434 17674 7879 605 22442 6898 20135 26474 11932 30962 12152 -657 450 10968 52 13093 24057 16665 919 26778 24383 21037 16122 350 17292 28945 17091 9928 28257 22245 29312 2162 25326 23971 25241 2238 23249 2566 425 25475 
16260 643 25454 -794 27743 29032 9067 9782 16190 28700 29968 18187 7623 14712 6044 30828 13651 330 906 16414 23406 28399 18346 14864 5382 22808 11229 7662 27173 158 20318 11977 19556 10376 6343 17130 30181 2341 28058 12737 18180 15434 18304 5610 18578 24756 23833 29029 6342 21122 13432 25057 10426 30419 5427 13095 20629 14470 28699 15785 24659 29718 29334 7988 29478 12444 7055 -1093 27520 9191 18446 5186 7608 8127 19825 8690 20302 9792 22334 836 20691 857 24220 26957 6256 26988 12646 21297 25353 12040 7907 17836 519 27595 28 19651 7097 21084 29137 30096 
17501 17805 13843 3637 30150 18070 21360 6624 2981 -1419 10199 1795 2661 9322 17665 21917 5821 5015 3215 -1108 9166 8636 8637 30130 -531 281 26298 4465 30725 14180 23451 8362 8613 17395 21747 25109 2972 3821 8202 3695 16707 24496 19119 6047 15464 14416 25778 18446 14796 5166 12538 4114 29773 10172 23608 28537 27823 24409 28478 2362 1018 -1199 21240 3906 20102 18163 23549 21600 9635 2270 29641 29274 7638 27214 5522 4627 10184 13224 29884 988 16842 23566 17140 30176 16374 2597 11231 14011 20732 17387 15476 4634 1410 11196 3060 30099 16428 18539 7291 11154 
5192 30341 2362 6753 14599 16554 14413 5469 22386 -754 26156 28225 6371 11797 201 5267 -973 17427 26685 12596 6014 -471 19238 19469 3208 18499 29849 10716 5571 5175 441 12325 12791 19456 5353 15676 5253 6945 15531 633 8273 27933 25612 3708 21314 7964 17091 21926 10352 674 25311 9889 5858 28526 29218 6415 29433 17026 13559 9303 6262 18481 4355 11414 25372 12138 17762 29609 7162 17422 1657 -927 8528 20083 21354 3527 12052 5633 -1231 9365 19992 9453 26449 16573 4052 2842 25140 7452 23746 -491 12055 -191 15218 21559 27045 28001 5668 30941 17201 14436 
9491 6093 21377 26641 17245 23978 21328 14174 5253 19359 13916 28379 154 15377 15136 2886 11519 22148 9768 15920 14286 20631 -249 30420 7138 -1499 17645 16642 17273 12921 12513 26664 28539 1210 15249 27783 14691 18783 15563 30845 5568 19154 6802 9206 23903 2858 7638 29684 784 26890 8904 9287 15369 422 -1327 26959 244 19924 30244 30709 28040 6231 11008 16818 9440 2866 12405 29374 79 12846 8935 24674 28402 28790 26654 13665 3029 1876 18688 19079 4274 27658 5858 14685 27487 19164 12929 22252 23505 13604 27289 25782 8383 6291 18456 26045 22763 15759 -519 9651 
24330 10931 21168 8263 1607 27496 31053 5784 15718 22441 28714 16570 16018 6878 6977 10606 4541 22486 28708 25064 18343 26607 10646 23490 29574 21322 6327 22278 2379 16432 18918 29279 26244 14217 21297 2921 27625 15492 17003 15638 11648 21833 16608 27208 24412 17121 8882 25206 17678 17968 14280 20094 2467 28689 21606 13203 1614 6809 10087 -1463 7594 18798 5133 1986 29094 20301 25976 5891 23047 13988 20930 8281 8590 2893 25261 15598 12219 17265 -1536 5234 25917 9606 18293 748 4335 10599 9816 17574 894 29337 30901 5696 26549 8615 13878 22229 9567 23195 1168 23121 
13516 -346 20384 14812 26875 14034 30495 4199 22108 3562 18423 12636 7225 30578 5946 1899 30390 16844 29877 27000 8068 4457 2862 21417 8984 9014 25646 4758 28823 13327 25988 3728 2660 2917 -431 1307 23861 18163 6593 7791 25579 9638 3429 27953 24042 12180 22817 1593 -472 14620 11980 -380 6349 24355 22363 15680 30077 14967 11203 12287 3134 10309 30561 3836 4858 9661 14879 -110 25000 23757 24606 708 21267 8195 9491 15853 26687 13189 31031 19345 5230 24883 24038 25156 14276 30180 20427 16320 28307 26054 29886 26124 -1218 30168 25396 22736 12474 26762 31064 10429 
25534 19325 22980 15135 2178 9309 17358 23436 17188 23265 7561 17840 20660 24045 9553 30008 20181 8649 24841 10727 2053 13696 237 11708 2690 19813 3079 2889 28625 16553 19528 536 23269 6173 4158 10046 21217 27662 30819 16395 16516 28486 9761 1234 29735 9512 16984 6618 14956 24811 29089 11374 9598 19456 27675 16904 20727 20872 3816 26529 1643 27893 23866 3871 18568 -1590 1815 2269 27358 17012 11166 10084 -949 11343 11532 15153 27122 -323 3144 13477 24821 25449 25118 23059 5291 23971 11285 8174 12170 5853 17120 20759 21683 -437 28794 21837 14355 22942 15323 952 
29477 1258 8266 3989 23652 16278 1622 15628 18243 1162 29804 11287 13021 2910 3343 10130 3383 12484 4262 1641 20774 9215 14590 19686 25814 22405 25685 23584 16114 21177 9753 7561 30818 8908 29491 14488 4285 18618 16395 157 19268 8809 1553 26794 10895 27876 18172 27557 12495 7615 17307 30323 10935 29067 15437 585 27392 11649 12567 11540 -878 12852 14169 15886 28993 7543 6950 9323 4930 22870 8759 7713 24353 5688 26241 21724 19574 19994 24179 24331 2847 3824 18623 13068 -1238 27165 20952 14972 17757 1818 26890 21411 6749 30507 23338 12035 15981 2118 26862 5896 
10205 29957 12005 20434 5640 28626 21771 23847 9985 10011 7169 7294 4562 180 -546 16686 19305 27217 14509 24764 -999 15661 14461 23882 19392 21180 30486 7204 10899 2197 1880 5741 23675 4453 8739 29167 11555 4372 11001 28681 21144 8707 16943 8379 9365 358 6853 26580 28257 16579 27094 581 16734 -1387 26041 22917 20008 10242 27307 4908 27230 21952 -1233 27284 2313 5648 29179 691 2975 11737 23447 -515 29099 6893 3469 19069 3348 12641 12607 12284 255 11790 6241 20049 29018 15405 20748 22992 26879 3096 3956 983 7291 14628 9023 7547 20337 23714 20090 8792 
17063 19453 29745 31102 12451 8182 13476 23169 -262 17155 11545 25760 27182 25807 12633 5663 4666 20691 29889 29095 28083 17947 14589 16354 18838 3612 14421 -1251 7074 12473 8621 4893 3432 17244 7189 22282 17902 28985 26624 29570 6132 -1367 21533 4799 23258 2466 23497 19689 21543 22883 25893 13959 14256 20262 13521 -1271 25690 16900 19772 4470 9093 20463 3998 14651 20749 15827 5260 3357 29174 213 21039 6717 24493 11947 17946 2385 19951 13091 30909 2028 4432 18616 20611 16362 11360 21079 19069 19206 18804 21560 20160 12417 26375 27105 30298 6897 7364 14141 14564 5168 
-214 29409 6076 13677 18387 18280 -806 22868 2138 27117 9028 -413 19935 25518 -216 10062 15153 11464 15245 10136 16272 22037 943 27195 12308 8235 28141 24696 10679 -649 -407 26306 16883 7550 22322 3535 11280 16188 19497 21957 6405 10398 12391 2442 14337 16674 21343 2093 23949 28054 17293 27257 30552 27382 3282 4770 4761 1641 18531 21518 23314 12379 29796 334 6334 2245 10527 19998 21008 8834 25043 5024 22749 23503 12083 9374 10209 18926 18804 5 5859 21981 6154 20326 2940 18488 25846 16302 27776 8758 4552 25071 15874 16839 17446 25168 27639 28370 8206 792 
27008 3990 17829 27102 27343 25119 26803 27866 8108 14576 30643 11856 29851 22713 26765 29722 165 13622 24809 18782 26039 27439 4136 6231 2484 30102 12535 2628 11787 15299 18570 7030 3085 14036 22891 29053 15302 3113 24565 8572 19342 6916 3690 13451 3621 6982 24229 22609 17791 2892 12149 18861 28713 19184 17294 10113 8017 24996 6181 -1114 23396 3507 10528 26613 15712 23192 22767 1403 687 7304 20996 9150 435 20228 22498 13875 1258 29854 7645 24009 12983 13782 22885 7319 18371 7445 26119 25001 2567 28110 28923 15090 -1423 13501 16988 6995 27431 20287 23040 17105 
16500 18393 13803 30427 16965 1487 14441 22722 1111 28128 17344 18492 2808 12849 16776 24599 29295 12089 27552 15116 -254 21487 19654 20132 7067 13054 3787 19018 27918 -1243 19559 2172 16386 13496 15544 16403 14195 16957 11851 17334 16857 16935 26588 15718 -1296 4024 9384 29739 16411 16634 612 18918 23917 8164 22225 16184 22863 15505 759 27542 1217 22180 -1549 30583 5702 -1086 20853 18078 13671 22829 20946 8330 -805 24206 7100 17668 6472 28614 6545 -1329 19121 1010 4702 18034 11894 12167 21608 5930 22521 14228 3437 22517 24043 27673 1645 29376 8747 10128 6448 29625 
14926 29051 21837 6841 -311 25139 27370 18641 26286 1466 4368 22524 30239 7102 15771 2797 9543 12982 9433 25334 17926 15393 5816 18976 3641 22498 28579 8019 3229 13504 29426 21154 28243 1027 1286 24513 6927 7728 23286 5258 19919 5870 22000 12722 28752 7674 24615 5010 7948 11084 16749 12568 23520 5205 358 24277 5463 18520 3425 25641 18567 4590 30666 4243 9124 23454 18248 7965 12057 5538 27497 21994 9045 -1346 3326 28649 12592 4673 4110 -354 8946 27941 15729 4621 23541 15436 10753 5329 23791 -551 4465 27201 4824 8118 -1340 -823 22123 5420 7266 2633 
