50
-10803 -3695 3178 3021 -11354 -3289 4853 -5637 13238 11981 -5966 -8599 2152 -6587 13042 -11614 11320 13379 1632 -9868 13967 3199 -223 8077 1701 10833 526 10669 -11625 5119 -6886 5759 -14190 -1889 -9018 14861 -4066 -12644 11465 2263 6548 14558 14790 -6008 -13916 -10092 14894 7245 12038 -11889 
-7105 8907 -12213 -6318 5914 -1101 16322 14516 7439 -5379 -15466 -16342 -15121 -4170 -25 -8542 12428 -15233 -11989 -10472 -10656 -8293 9361 -16207 -11204 2219 15507 5508 -11980 14850 -4189 9221 -13164 9112 3832 -14078 -10236 -14937 -15489 -1969 -9537 14549 -12571 14858 7161 -9700 16073 -7546 -3495 12331 
-16375 -5434 5778 144 -8150 -4178 14125 10846 10994 -574 2908 -884 12810 -4206 -15618 -8726 11475 -15174 -11848 15537 -428 -2165 13113 -9275 3906 -2224 -6505 13181 2613 3383 -314 15394 10226 4563 -14785 6148 -9764 -1725 5048 13100 -16259 -9222 3589 3768 -967 -15837 15638 3529 1562 6055 
-6636 14881 -8512 -12587 -12132 5718 361 -10330 13090 13221 10533 12706 9329 -7826 5668 -405 4160 -5053 8480 6877 -13064 675 2798 -6952 4235 -2735 5674 -3166 8827 10563 6407 10484 -14093 12609 -10946 8345 3839 9493 1045 9398 8697 -5022 9367 -4942 9207 -11493 14811 3257 -3724 -8808 
-14474 7143 -2040 -3506 -1532 14086 -9143 3875 2523 9725 -13111 -8091 1495 2511 48 12126 -11191 6467 -893 16014 -10237 4654 -6794 -13954 -14458 9554 12274 -460 -7085 -15637 14516 -6577 -8105 -12851 -9211 -10823 -8327 -9421 -13157 5371 9030 -15072 1945 7481 3781 -2718 -7254 -9276 -12193 -4288 
-9919 4941 8173 15802 -15884 4292 7917 3184 -4865 2502 2247 -11989 1757 6836 320 3067 -3574 -1425 -4343 -15350 -12579 6564 -3991 1780 4233 972 6158 -12070 7482 -2115 16378 -7429 5973 -12834 -8045 12037 3537 -7677 -1590 7415 -3654 -10530 15475 4516 -12595 10516 -15954 15325 -6859 10237 
15985 -12746 -7572 2539 -16065 -5271 5941 -3542 10221 11105 10430 -8553 7064 16095 -9507 4813 173 -10307 12648 14084 -5864 7124 -14657 133 13972 2182 -10915 -9796 15131 -13088 4768 8175 -14995 -16285 6306 11418 10179 15463 15672 95 -6496 15910 -11246 1437 -8779 -10405 -1549 165 -14087 5004 
10005 -7274 16338 6129 -6487 -9269 -12186 -7174 12650 3828 2308 14446 2408 7633 -8776 -13505 5341 8832 -2061 3550 5680 119 7776 -5036 16144 -997 714 2776 -844 12276 -7118 10270 -1227 5506 4854 -5572 15892 -2120 1316 -980 -13359 -15092 -14106 501 2729 -10449 -15601 2419 3193 -6553 
-14389 15800 10168 -386 15210 -15593 -9321 -5281 2390 -15932 7483 13124 -8427 -15071 -13276 -11113 14719 13728 11166 7515 -3573 -11447 -8339 4685 6715 14048 2430 -1131 4909 -82 -14639 -13029 -4284 -3103 -5781 -16256 -13315 -1639 -4736 5810 -3628 -4471 -14426 5922 10333 1087 -13764 670 -13207 -6391 
-30 -12353 -10666 5500 -1766 9989 7808 -4452 11013 13454 -12849 7322 7488 1385 2141 8773 -15129 -14711 80 -3831 2728 -9374 16064 3477 6671 -7653 4295 -5851 14298 -9371 9903 13667 -645 -13328 4930 6387 -2123 -12928 -1742 -13677 -14759 9640 -11088 14563 -1243 6171 -4335 1232 5573 -13660 
10914 13456 6891 12474 -2922 9554 -7021 5305 -13553 -7810 -5797 -2889 -6832 8602 -9977 2297 11274 -8744 3096 -5623 -12340 -2510 -7020 -5010 -5235 5943 -8742 -6144 -16036 8558 10659 -16161 16175 -1698 -10201 10246 6610 -14801 10574 10633 -5136 -15113 -15077 15968 -6331 -2405 14623 14311 -14869 3672 
14625 -1300 -13878 9957 -16171 8299 14368 -7103 -11078 12770 -8390 -14323 -16354 -10428 -11212 7835 -12747 -4972 14064 2709 7259 5399 -5593 -10949 -15500 558 -12917 -13999 13922 -15417 10272 -354 -11348 6262 4263 7193 -14281 -11475 -15831 13995 291 3213 -5465 4757 2768 -2592 8681 11637 -9485 -15442 
-10643 5873 9176 -14865 7790 15863 -4412 -7190 -1250 -1881 -9365 -11869 15334 11479 660 -2830 -12319 7993 6612 4158 -3232 3876 5744 -5938 -14433 -6923 11605 16063 654 -9959 11835 3231 1219 6576 -10272 9372 -15483 5335 -7322 -7838 5369 11659 9429 -16248 3192 -16081 16052 -9043 13554 945 
1740 -8916 6019 -10153 -9729 4464 7197 -4840 15691 3565 -3491 -336 -13844 -16202 -12177 -13507 653 5036 -2525 -9849 -12362 -11678 539 -9496 317 10625 -14572 3537 -11541 13809 -4264 9965 4663 14720 -9139 -6418 9000 11071 -12256 8938 -15795 -1674 3987 9576 479 -3268 -13843 -4605 8190 -4182 
13576 -2638 -3055 -5964 -5251 15786 -11969 -8291 15090 3818 -9197 269 12429 -4006 -3788 7882 -11909 -1640 -9397 13576 3489 -14248 13814 -11929 6763 -403 -1039 -11905 953 -12687 -8626 3873 -7954 15620 8913 12326 15387 -9026 -6281 -4123 -9901 -5466 -14072 -10165 11279 -11933 2782 147 -5943 14590 
-575 1942 -16226 -5812 995 8137 -2782 -6934 12287 8906 4687 -15632 7576 -15713 15505 -4821 -16299 3715 8436 2318 2176 8549 13679 -3792 -9562 -4105 5977 -14988 -1968 -13208 -2574 14287 6120 -10825 5904 -9293 2480 10410 9203 -8692 -6171 -14229 3116 11244 -4103 -11089 -4945 11729 -15626 -15463 
2305 -8824 -5385 -2773 1156 7348 9160 5726 10727 -11783 1191 -5676 11954 -3402 -14053 11315 246 16249 5880 -5608 -13029 6399 16253 15786 2506 -3116 6541 2523 -2046 4259 13073 -5839 9535 16150 14199 9793 7630 4448 2381 13258 7477 1629 11518 14949 10950 -12194 -15689 -3622 12363 -372 
-4775 7195 14549 -4370 9381 6103 9638 3857 4208 8370 -14521 4428 11011 -3304 -5973 -9049 2207 10677 -1400 7518 -15856 -13685 11454 -1010 8307 6565 -7190 8564 -14314 -6282 6412 -13099 -16275 12481 -11938 -7417 -10440 1597 -963 -1007 -835 -11840 9528 5497 -10456 12059 2111 12068 -5369 11921 
13806 14555 -10517 -2328 5632 -10632 -16351 -8926 13785 8355 11925 10195 -3789 10305 13776 -11241 8945 8819 -5870 -11737 11273 -15552 14481 -12401 16019 -4905 -2597 -15098 -1288 -1670 -8882 7650 3390 1539 8891 -4304 6262 -15610 7971 -11161 -8624 -3432 -8814 10173 12477 -10051 -6879 -5081 -9268 1120 
15887 -8480 -10872 -2297 -12279 -14676 8724 -12017 -10376 13987 -1581 -14186 -12274 6837 -8270 -12030 -11683 943 -2659 -1757 662 -14081 -758 9727 -12697 13825 4519 -4045 -10248 6398 -13272 2554 3085 10678 6964 13269 318 -8798 -16265 -6705 -8613 -8255 -54 -3230 9699 532 11909 4098 -6996 7856 
-3857 14908 -7786 -393 5059 13187 3183 -1173 4075 -13679 2547 13480 -6589 -8595 -9499 -13834 8587 8214 15438 13566 -5001 14530 -288 -2518 -13861 6860 13163 -5364 7414 -7374 10884 -15232 -12311 -11841 -6850 12891 1593 -558 13576 -1338 -5753 3522 -5969 -11471 15960 -10523 1140 -3863 3847 -5068 
9046 -6323 -9519 -15978 16227 2474 -10496 10687 16192 9897 -4032 5308 -14654 4969 -9721 5396 -5973 7223 6693 -11882 -2162 4319 7797 10673 -11322 -15707 2724 -3443 13463 -5668 3110 -11619 2672 2330 8767 -7691 14401 1038 -6090 -10969 512 16374 3997 6348 11840 -15430 -10043 -7253 -1799 -4713 
-2234 -6789 5467 -2944 -3917 -10163 7380 2832 9059 -9583 -5846 6684 -15517 6076 -2119 10480 15232 -6772 5078 10528 122 7152 9796 -1023 1100 3472 10205 10172 6047 9965 -10940 -11769 10069 -9682 -7731 13943 -7109 7551 1910 -4483 720 -7649 -3577 244 -7878 2557 9037 -12451 334 518 
3708 5807 -6970 -14585 -14164 -9771 -1657 15154 -13197 11197 -7151 -11704 -4440 -4333 5649 14938 -15808 -15983 16138 -14539 -14007 -5894 -15064 1632 -3829 14257 5158 460 -2233 -277 12390 -10480 -2415 -15227 7192 -5801 -2096 4733 15498 5087 1757 -10743 3479 -7385 -6080 -7098 4404 -1363 11789 -9578 
2333 -4775 2534 12433 10405 -4477 -9709 -3682 3237 -7786 4036 13350 -6269 -4522 11376 1134 -4245 -8245 13390 6407 15506 13250 5113 -14613 -6738 -7946 5929 -13522 -14213 -1583 11924 8277 3183 -3623 -7444 13647 3462 -5197 -3334 -1016 -719 5573 15072 -6755 10082 15235 8821 566 -5702 -11951 
-3901 6781 2778 -7927 674 14511 16335 -8927 639 14165 -12895 114 -8400 2970 -11012 160 -8202 8513 -2554 -1766 -11363 15929 6728 5318 -1864 984 -11586 7236 -8963 -15445 -10237 11988 4552 -531 -9568 3037 13237 -94 -3718 -3308 -7330 13896 5218 -16066 -4805 -4303 12479 3994 -353 -10126 
1631 15334 -6697 14720 6757 -8442 -1179 -1690 11859 -10171 -3485 10389 -14015 13120 -4612 -7071 285 -12691 -9715 2575 -11735 -14277 9441 -12396 -3461 -10017 6162 -2076 12214 -8524 11907 -1812 1232 836 -6780 2343 13827 -272 9989 10962 -7969 8497 2819 -5435 3695 -7294 -12806 10469 -2673 -4893 
-1402 -8125 15190 3074 -7130 1219 8103 -12798 12562 11393 9179 -2088 -11967 -9537 -9837 -14241 -8064 -7557 10144 2288 4533 -2392 -3300 4789 -7878 7683 14986 3716 -5027 -8056 -11982 -10900 -5123 9352 2177 -2090 -4025 -11934 13731 4433 7062 -4652 8492 12019 14961 4083 3812 11872 13991 5318 
11191 7026 911 13683 -12345 12924 -16029 12316 8847 -13004 -2622 -9645 -12479 8243 -10420 4909 5923 -12510 -13727 11005 12331 -645 -13061 -2393 -604 8690 12209 -7017 -12032 632 6614 2390 196 -8477 -2385 14784 -15461 -4044 2522 -5922 -8838 636 2245 8018 -13063 3941 14161 635 -14662 -8366 
9615 288 -4869 -10453 -13156 -9271 -11969 14528 -5986 -8522 -4574 15311 3560 -15497 -6332 1453 5939 -12260 -684 9606 11003 -5614 -15291 -9397 13825 -3437 -13931 3886 -10008 -7487 -1855 -46 -6417 15702 11213 -13043 13268 3075 -2567 9545 3794 15963 -10616 -1132 -5958 -8076 8624 -13250 -15562 16145 
3503 5665 10018 12165 -3604 -12662 20 -11999 -6574 13753 -9493 15944 4275 4622 9626 -15570 3679 -2101 11777 -12253 1998 -7302 15849 -620 7275 3313 -11737 6040 -2936 -1791 2770 -14547 -6297 -4176 4780 3845 -15506 7462 -9320 -3577 -6549 -15564 11831 14686 -3058 371 10927 -4048 6253 -9708 
-1921 -13579 -6982 14652 897 -12180 -3063 -6892 -15349 14898 9796 -9118 12326 8953 -8391 -13858 5108 14427 -10301 -11764 12073 -14765 12060 8647 5546 4686 2636 -15508 -3767 7146 12210 -8046 -7511 -1725 11448 13951 -8395 9454 13213 8998 2626 13196 -156 -12083 10060 1796 11232 9815 -7337 13653 
4074 -15834 -11418 -1777 -14429 -6749 9757 8549 15594 -10395 9860 6121 7147 -7694 -12837 12763 -15929 13612 -15712 8999 -11419 4181 -15703 2291 -13727 15022 5730 8665 -6630 -3896 -13520 -5697 3806 3170 4839 -4280 -9926 -13071 -14738 -10001 -2203 -14646 10619 12215 1748 7903 11633 9609 -14368 -9934 
4446 11555 -4710 8141 -8934 -9806 -11336 2162 -10877 7172 2208 -291 10203 4964 14747 6570 10826 -14325 12061 16349 12152 -15050 10040 9478 2891 10465 -984 -15865 1736 -8423 9471 4218 8461 -8465 15994 -4423 7027 -8427 -5659 12931 -4406 6160 -4047 4161 -6220 -13807 14109 7404 -14292 -9118 
13960 -12139 -5097 3208 15326 3975 3856 -15628 -5725 -8172 -3781 -15531 291 4849 14663 3732 9281 -15289 4495 -5015 -8859 15183 7763 12939 -9337 -12638 2840 -112 -4000 4884 3366 16217 -327 15170 -9944 -4303 9941 11704 10725 14201 7938 -2126 5670 4362 -14779 -7549 5034 -13278 7978 4512 
9547 -4359 178 12097 -11716 512 -5282 -12886 9313 -81 4192 -15603 3031 15870 14570 -6636 9605 -14468 -9320 12550 744 14847 -12799 -3698 12517 -7930 8290 -13539 -9264 -7775 -11918 -3597 3714 -4591 10312 9413 10911 5882 8818 2821 -10258 -4039 1049 15809 -14118 -8356 14423 -7885 -11763 2484 
-12381 -11044 -3276 -2031 2650 8276 3797 9746 -650 -7511 12117 -11488 -172 10857 -10479 2814 10918 15431 -1639 -1018 -6783 -4512 -9192 -12036 -1400 -8671 15049 -7041 -3522 -6451 12697 -15320 -1422 -8538 1507 6459 -13876 -16208 3921 11516 3453 2325 7639 -8534 3853 10801 -9518 267 -8122 8244 
-15546 13744 -1212 -13977 -1731 -1087 -7001 -14059 -13756 -14222 -552 -9458 -5881 7970 -10879 7632 -2028 16136 -7151 -1716 9142 7312 -15756 -6068 10480 -950 2264 2678 -14429 9605 9123 1271 15809 -15739 3194 -10298 2488 9301 -2701 -4727 -11805 -16317 5219 -13279 -4302 -8977 -9140 -5178 14561 1286 
4838 -9513 -12449 -2663 -12203 -3014 -15298 -8690 5874 3683 7519 -6217 -11973 10491 -11991 6927 9180 16167 -1563 -10106 8680 1131 7748 15099 4379 -3533 3318 -9766 3150 11252 -5784 192 -3578 -8196 10151 4835 11549 -5429 -10917 -4096 1430 8996 11746 -12050 -14456 -11089 6037 12762 11817 3897 
-14303 29 8450 4263 -4604 -7766 -3781 12143 -8912 3118 -6906 -13369 -9020 -15934 -211 -4762 -11283 10555 4296 -11284 13283 -10195 -15614 -8217 7433 1141 -6393 -9604 -8922 -3211 -1509 -15961 1223 -8984 -5186 -8409 -3651 5977 -11264 4098 -13125 1082 -6163 -15702 6159 -11881 6680 -11838 3466 -14483 
-2733 391 10612 -2399 -8337 1494 -8017 16280 4660 5838 8180 -14743 14446 14875 -11725 2738 15638 1753 -13300 -1770 -1371 -13799 6770 -5048 6271 4616 -11672 13259 1155 -14917 8156 -10685 5816 3978 -3672 -6808 3355 30 -16208 -9820 11660 -4076 4126 2882 -1057 -14779 -6975 -184 4616 -5976 
4492 -8725 -14233 15836 -10444 2213 -966 -15024 -2839 -6675 -7638 -5122 -6082 6283 -3339 -7200 14876 -1906 8257 -7190 -10519 -15387 8073 -10568 4030 7309 14633 7629 718 2677 10638 12159 -14117 -10523 -15742 -2692 -6694 14235 6809 -3606 6831 -8314 14535 -11977 -10739 11024 -13819 11892 8812 15902 
3870 -3993 3892 2469 -12118 -15066 13041 -12585 -14582 -7583 1205 -10746 1190 -12211 -5485 12047 4144 9505 -1214 -3719 -743 14149 4311 4643 -4071 -5103 -5469 1183 7650 -5835 15411 -473 -3602 3777 10095 -12238 11111 16329 16339 -3926 -8644 8108 -11054 -6714 -6582 2555 -7855 -5257 -1361 11002 
7751 -14199 12083 16077 -10629 -5808 -11814 7481 14685 -2557 12940 -10228 2831 15025 748 -11741 12149 -10537 7230 -10993 11904 -13676 6522 -13476 -4222 6017 -11400 -6794 2481 -13528 -4805 3889 10181 -5865 15974 15340 7351 -13671 2502 12122 -6247 10760 3581 2279 1178 12235 7764 -2118 2339 -2335 
4524 7523 10515 7967 -2685 -15077 -7393 8963 4906 13738 12878 -14546 -2800 1011 -15718 6511 14894 -5104 -14679 5513 9626 -10462 11440 9595 -2000 -11343 4209 -11392 -15772 -6478 -6060 9115 -980 15153 2986 10968 -12014 -10602 -12280 6682 11870 6020 7109 4755 -16023 -6804 -5217 14813 13317 5796 
-5781 9133 5393 13115 -11776 -14552 -1245 -9643 2096 -10789 3925 12342 -11547 -5550 -12742 -9498 -7073 9291 -4895 13176 -5994 -6001 -4081 -3600 -1869 6759 9090 14790 -3663 -15184 16232 3348 -13286 -14190 10728 -13230 13028 -14374 -7471 2241 14194 8425 -14490 3955 8367 -3503 -943 13036 -3249 15363 
-5201 -1682 -3802 -11215 -6856 -2600 -4686 1459 3736 12592 -2644 -12753 -3628 10956 -6191 -11837 6107 5394 15544 14940 15669 5344 -9259 -10057 -12591 -5739 -1134 -796 -785 945 10901 7310 -11722 12323 -16362 -823 -9001 7720 4446 13700 6118 9685 -5523 1193 -7485 -10951 -6226 1738 -2907 -5592 
-4391 2941 -9651 -354 9458 -9393 11218 -12857 -8343 -6824 -14193 6048 11854 -5513 1841 -14011 15806 -9179 -6169 12239 -5035 -15129 -2390 7136 5327 12393 11186 -1083 10443 10550 14338 4671 -9566 519 -13292 4072 13416 -16194 1702 -2762 6670 8440 -9811 -15578 -11113 -15286 -11424 8318 -7042 -14832 
-9884 14774 -1743 2277 1053 -16002 2991 13244 -6114 6110 14917 -2925 15279 15876 9071 16070 -6522 -9047 7634 -9456 10632 -15602 -13473 16144 11460 -6995 9609 -15725 -7813 -1158 -16208 -6058 -14774 5323 9359 4237 15229 -4390 14311 2798 13697 11502 -8904 7786 15208 2084 -356 15495 16286 -15667 
-6452 13904 181 -15238 -6858 -5906 -16301 -7006 -9404 -2083 15935 2535 -3920 -13627 1428 -7175 -13045 9450 14854 9761 -11178 -13238 13144 -14236 1216 -10677 -11031 -2744 13190 -12266 12122 -5569 1777 6284 6760 12454 11121 -7717 5331 13681 -7712 -3915 -10134 -6801 9434 -12506 12351 5164 -15551 -14072 
