18 18
1 44 14 16 19 5 4 3 46 39 35 36 9 24 42 25 44 39 
25 42 8 26 30 39 39 28 35 48 50 34 5 25 26 48 17 36 
39 10 46 30 35 5 15 9 28 9 14 29 15 31 38 4 6 41 
31 38 18 41 5 4 34 29 19 16 33 46 24 39 28 21 30 34 
24 6 28 5 42 47 36 25 8 48 7 16 6 28 6 1 46 17 
46 18 4 39 47 7 21 41 6 47 17 12 35 32 28 38 12 36 
50 2 1 20 5 26 34 29 19 44 13 28 19 32 23 35 38 10 
14 36 49 1 45 44 49 20 2 3 22 8 16 28 8 4 17 33 
45 13 35 8 21 8 27 29 44 25 19 11 27 2 9 3 41 6 
39 25 30 47 34 39 45 37 1 16 40 43 3 47 35 22 35 32 
49 50 31 26 41 48 25 12 22 38 31 24 32 49 44 1 29 3 
47 43 50 8 42 1 29 22 40 5 40 24 26 40 2 15 24 5 
43 16 46 21 41 2 45 22 22 33 32 41 27 16 21 33 49 17 
24 44 21 8 24 16 41 7 8 34 43 9 14 13 46 5 1 30 
10 41 25 38 19 27 37 30 18 22 46 37 18 21 47 20 27 27 
10 49 29 19 46 29 47 2 25 11 5 4 20 44 20 14 10 21 
49 10 4 14 6 21 27 47 48 40 22 15 17 22 19 36 9 21 
18 4 50 23 42 21 43 15 45 32 24 44 49 36 46 24 41 2 
1700
1 3 4 1 4 2 3 4 4 2 1 4 1 3 4 2 3 4 4 1 1 2 4 1 4 3 4 4 2 1 1 3 4 2 3 3 4 2 1 1 4 1 2 1 2 2 1 2 2 2 1 2 4 1 2 3 1 2 1 4 2 1 3 3 3 1 1 1 3 4 3 2 4 2 1 3 3 1 3 1 4 3 4 1 3 3 4 2 4 4 4 1 2 3 3 4 2 2 1 4 2 1 4 3 3 1 2 1 3 1 1 1 2 3 2 3 2 3 1 3 4 1 4 2 3 4 2 1 3 1 3 3 4 3 4 2 3 4 2 2 1 2 1 4 1 1 4 2 1 2 4 2 1 1 3 3 4 4 1 3 4 3 1 2 2 4 2 1 1 1 4 4 1 1 3 2 3 3 3 2 4 1 3 1 1 4 4 1 2 4 3 1 2 2 2 4 4 2 4 3 1 4 3 2 4 4 3 3 2 1 1 4 3 4 2 2 3 2 1 1 4 1 4 1 3 1 3 3 4 4 2 1 2 1 4 4 4 1 3 2 3 3 2 2 4 1 3 4 1 2 4 2 2 4 1 3 4 2 1 4 4 1 1 4 2 4 4 4 1 1 2 3 1 2 3 1 3 4 3 3 3 2 3 3 2 2 2 1 2 4 3 3 1 3 3 2 2 3 1 3 4 2 3 2 3 3 1 2 3 2 3 3 2 1 3 4 3 1 2 4 4 4 2 1 4 3 2 2 3 4 1 1 3 1 1 3 4 4 1 1 4 1 4 1 1 4 2 4 1 1 1 1 2 4 2 4 3 4 2 4 1 4 2 4 2 2 4 3 2 2 2 3 4 3 4 1 1 2 4 1 4 4 4 3 3 3 2 2 1 1 2 3 2 1 1 3 2 3 4 4 3 4 4 4 1 2 1 1 4 1 1 4 4 4 1 1 3 4 4 3 1 4 3 2 1 3 2 1 2 3 4 3 2 2 4 3 4 2 2 2 1 1 1 3 2 3 2 1 1 1 3 4 3 1 2 4 2 3 4 1 3 4 2 4 2 3 2 1 2 3 4 1 1 4 3 3 4 4 1 4 1 3 3 3 1 4 1 3 1 4 3 1 2 1 4 4 4 2 4 1 2 3 1 2 4 2 2 3 1 2 4 3 4 1 3 3 3 3 2 2 4 2 2 4 3 2 3 4 4 2 2 2 2 2 2 3 4 4 3 2 2 3 1 1 1 2 3 1 2 4 4 1 2 4 1 4 2 3 1 2 1 1 3 4 2 1 4 2 4 2 2 3 1 3 2 1 4 1 1 2 2 3 2 4 3 3 4 4 1 4 4 3 2 3 3 3 2 1 4 1 4 2 3 4 4 1 2 3 2 1 3 4 2 3 3 2 2 3 4 4 1 4 1 4 3 4 2 3 4 2 2 2 4 3 1 1 2 4 1 4 1 2 3 1 1 3 1 3 2 2 1 1 2 4 1 1 4 4 4 1 4 3 3 3 2 1 1 2 4 4 4 2 2 3 1 2 1 4 2 4 3 1 4 3 3 2 2 2 4 3 4 1 4 2 2 2 2 3 4 4 1 2 1 3 3 4 3 1 3 2 1 4 2 4 1 1 3 3 3 3 1 4 2 2 4 3 1 4 4 3 3 4 2 3 1 1 3 2 4 3 3 4 1 1 3 3 1 3 4 4 2 1 1 3 3 2 4 4 3 3 1 2 4 3 2 2 2 3 3 3 2 2 2 3 1 3 2 3 1 3 1 3 4 3 2 2 2 3 2 4 2 4 4 2 1 1 3 3 1 2 4 2 1 3 1 2 1 2 1 3 3 2 1 4 3 1 3 4 2 2 4 2 3 3 4 2 1 3 1 3 4 4 1 3 1 4 4 4 1 2 2 4 2 3 3 2 1 4 3 4 1 1 3 2 3 2 1 3 2 1 2 1 4 4 1 1 1 3 4 3 3 3 3 1 4 2 1 3 3 4 1 4 1 4 1 1 3 3 3 2 1 4 1 1 4 3 4 3 2 2 1 1 4 3 4 2 4 2 2 1 3 2 1 4 4 4 4 1 2 3 2 4 1 2 1 2 4 1 1 2 2 4 3 2 3 2 4 3 4 4 1 3 1 4 2 4 2 2 4 3 3 4 2 2 2 1 3 2 2 2 4 1 2 4 3 1 4 1 4 2 4 2 4 3 2 4 2 4 3 3 1 4 1 1 3 3 3 4 1 2 1 3 2 1 3 3 3 2 2 4 1 3 4 4 2 2 2 4 2 4 2 1 2 4 2 3 3 3 2 4 1 3 1 1 4 3 2 1 1 1 3 3 4 4 2 4 4 1 3 4 2 1 3 1 3 1 2 2 3 1 2 2 1 2 3 1 3 4 2 4 3 4 2 1 3 1 1 1 1 3 1 1 1 2 1 1 1 1 3 4 2 3 1 3 4 1 3 2 4 4 4 4 2 2 4 4 2 1 1 2 4 2 3 4 1 3 4 3 3 3 1 2 3 4 2 3 4 1 2 4 2 4 1 3 4 3 1 4 4 3 1 1 3 4 2 3 1 3 3 3 4 1 3 4 2 4 1 1 3 4 4 3 1 1 1 3 3 4 3 1 4 3 4 4 3 2 2 2 2 1 4 2 3 1 1 3 1 3 4 4 3 1 4 3 4 3 2 2 4 4 4 2 4 1 3 4 2 2 1 3 3 2 3 2 4 4 3 4 2 1 4 4 1 3 1 3 3 2 1 2 2 4 2 2 4 4 3 2 1 4 3 2 4 2 4 4 4 2 1 3 2 2 4 1 4 1 2 1 3 1 1 3 3 2 1 1 2 2 2 2 2 3 2 4 2 4 3 3 4 2 4 3 2 2 4 2 2 4 2 2 1 2 1 2 1 3 1 1 3 1 2 1 2 4 1 2 2 1 3 3 3 1 2 3 4 2 1 4 4 1 1 3 2 1 4 1 2 3 3 1 2 1 3 1 1 4 2 1 3 1 4 4 4 2 3 2 2 3 1 1 3 4 1 3 4 4 1 4 4 1 3 2 3 3 1 2 1 2 3 1 4 4 3 3 3 2 1 3 4 4 1 2 2 1 1 4 3 3 1 4 4 4 2 2 4 3 2 3 3 3 2 4 4 1 3 3 2 1 1 3 1 4 3 3 4 1 2 3 2 3 1 2 2 3 4 3 1 1 4 4 3 1 1 2 3 3 3 3 4 3 2 1 4 3 2 4 1 1 1 2 2 4 3 4 1 4 2 4 1 2 2 1 2 2 3 1 1 3 2 2 1 1 1 4 1 3 1 4 1 3 2 3 2 1 4 4 3 4 4 3 4 4 3 3 3 2 2 4 4 1 1 2 2 3 2 3 2 1 1 4 2 1 1 3 1 2 4 2 1 2 4 4 2 3 1 1 2 4 3 1 4 1 1 4 2 3 4 4 4 2 2 4 1 3 2 4 1 2 3 4 3 4 3 2 2 1 2 3 3 1 1 2 3 4 3 2 3 1 3 1 4 2 3 1 2 1 4 3 1 4 3 1 2 3 3 1 2 1 4 2 1 3 4 3 2 1 4 4 4 3 1 3 1 2 1 2 1 3 4 3 2 2 1 4 4 2 4 4 1 2 2 1 4 4 2 3 4 4 3 2 1 3 2 1 3 3 2 4 4 4 1 2 2 4 3 3 4 3 3 1 4 1 3 3 3 4 1 2 4 4 1 2 1 4 2 2 1 4 1 3 2 3 3 4 4 4 4 3 2 2 4 3 3 2 2 1 2 1 2 3 4 2 4 3 2 3 4 3 2 2 1 3 4 2 3 3 2 4 2 
