15 15
1 44 14 16 19 5 4 3 46 39 35 36 9 24 42 
25 44 39 25 42 8 26 30 39 39 28 35 48 50 34 
5 25 26 48 17 36 39 10 46 30 35 5 15 9 28 
9 14 29 15 31 38 4 6 41 31 38 18 41 5 4 
34 29 19 16 33 46 24 39 28 21 30 34 24 6 28 
5 42 47 36 25 8 48 7 16 6 28 6 1 46 17 
46 18 4 39 47 7 21 41 6 47 17 12 35 32 28 
38 12 36 50 2 1 20 5 26 34 29 19 44 13 28 
19 32 23 35 38 10 14 36 49 1 45 44 49 20 2 
3 22 8 16 28 8 4 17 33 45 13 35 8 21 8 
27 29 44 25 19 11 27 2 9 3 41 6 39 25 30 
47 34 39 45 37 1 16 40 43 3 47 35 22 35 32 
49 50 31 26 41 48 25 12 22 38 31 24 32 49 44 
1 29 3 47 43 50 8 42 1 29 22 40 5 40 24 
26 40 2 15 24 5 43 16 46 21 41 2 45 22 22 
70
4 4 2 2 1 3 1 4 1 2 4 2 3 4 3 2 1 4 2 1 3 4 2 1 1 3 4 4 1 1 3 2 2 1 1 4 3 1 3 1 3 3 4 1 4 4 3 2 4 3 1 2 4 3 4 3 2 3 1 2 2 2 3 4 4 2 1 2 2 
