112 92 99 70 119 192 131 100 170 83 88 70 154 108 62 111 120 109 128 84 31 93 77 8 39 70 191 164 71 13 98 88 20 43 51 67 76 51 136 75 52 87 35 178 59 120 23 100 92 86 137 122 57 39 143 113 125 135 42 177 129 
133 28 30 99 162 30 64 145 61 171 119 69 82 66 121 161 113 97 23 105 97 76 85 185 106 143 127 106 26 115 125 121 45 117 47 88 79 22 113 116 116 142 77 72 160 161 123 75 100 92 54 49 118 41 79 181 152 120 177 138 128 
150 31 93 90 58 145 128 112 136 77 33 46 122 57 112 95 118 10 67 137 91 126 110 106 51 124 60 76 85 45 65 107 104 129 130 133 21 83 151 61 98 128 86 117 161 121 136 48 60 21 52 106 47 131 72 106 47 147 86 110 22 
78 139 114 165 159 70 77 145 184 90 11 161 151 106 127 78 93 188 62 133 103 188 28 185 117 116 145 91 184 65 122 87 80 97 186 134 73 94 60 139 27 75 33 99 133 76 108 65 57 106 65 102 110 78 59 101 97 18 133 66 81 
52 110 107 112 79 143 42 31 134 54 88 55 133 81 106 76 126 130 188 55 29 71 54 108 78 87 65 40 154 67 79 94 51 9 82 96 123 89 137 107 62 65 148 66 83 92 100 93 129 94 77 191 94 176 102 73 187 135 119 77 93 
130 158 87 108 90 81 114 59 116 88 77 104 133 142 118 47 90 19 101 107 35 42 122 129 60 74 88 149 58 74 95 106 83 51 34 121 156 152 108 118 94 91 31 130 132 72 132 42 81 126 129 132 27 63 172 163 92 128 150 59 154 
115 40 54 79 134 21 131 43 105 76 129 84 57 68 55 70 108 83 79 159 100 116 119 73 90 118 122 120 36 57 160 142 99 124 103 49 96 38 28 127 131 182 110 127 26 95 144 94 91 108 70 96 149 109 130 115 46 103 127 78 200 
125 34 88 155 111 108 114 55 90 149 112 85 140 86 150 155 27 108 79 137 105 123 156 96 165 74 22 26 23 96 86 134 75 119 85 80 126 126 73 148 85 76 140 101 130 72 62 124 96 103 140 130 29 139 81 93 48 10 108 97 37 
148 148 181 139 94 63 49 57 109 116 33 47 141 86 79 92 185 163 34 33 135 19 130 96 121 101 107 140 42 112 198 64 192 47 105 156 88 85 106 47 108 112 94 105 119 61 96 120 30 128 112 84 53 103 66 79 65 130 31 119 17 
10 135 179 138 61 91 175 75 49 66 101 66 16 130 100 136 108 96 73 121 123 102 107 157 102 141 114 68 65 80 184 136 120 95 17 92 145 146 57 76 91 15 82 129 71 68 79 160 106 98 67 162 96 72 162 91 170 126 93 18 89 
88 36 140 81 131 78 160 137 98 71 60 73 118 114 134 99 156 104 110 69 93 76 150 183 113 22 47 187 69 168 107 68 115 91 20 75 68 113 37 64 97 94 41 99 101 180 121 110 159 138 51 144 142 34 86 97 33 73 65 73 87 
51 118 153 139 70 118 18 106 38 25 36 117 116 84 104 170 119 120 96 71 62 93 111 78 139 168 144 170 107 128 83 68 115 134 78 59 105 115 59 112 128 16 46 51 29 197 159 98 33 166 135 102 163 96 88 108 39 83 105 76 22 
70 101 74 90 133 63 103 37 144 181 129 112 100 71 118 43 133 66 135 85 81 88 188 134 64 126 110 151 126 155 29 32 71 152 39 66 90 15 113 118 82 99 172 87 64 77 52 74 98 66 97 92 93 102 83 83 48 109 31 145 78 
45 130 56 56 89 67 92 182 120 57 107 57 169 123 103 95 108 16 144 39 133 77 135 122 8 67 22 50 55 197 53 125 118 96 24 98 104 34 79 71 49 124 174 141 175 141 171 71 97 91 88 55 70 139 150 86 122 139 79 114 120 
95 67 145 95 73 177 118 121 90 93 31 63 125 97 151 138 56 162 72 57 80 51 89 125 113 139 100 140 120 84 131 90 94 36 114 186 126 159 82 99 54 62 122 102 91 64 154 115 68 105 174 93 111 85 130 171 110 155 177 149 54 
83 142 88 131 71 108 180 139 29 104 133 122 75 104 91 79 75 62 93 50 192 146 186 129 154 117 117 105 17 123 114 107 127 133 72 113 139 196 55 122 57 43 149 154 75 34 141 163 34 138 99 47 169 58 104 103 128 132 111 50 102 
145 90 66 76 137 132 123 70 43 75 105 117 110 110 86 72 67 146 43 160 186 188 75 145 77 104 125 89 106 31 67 144 45 13 141 103 35 94 112 52 117 82 39 95 55 112 130 26 54 85 138 77 59 155 23 87 64 120 110 26 118 
92 50 139 123 105 162 86 154 117 104 32 177 107 101 86 84 87 63 67 142 123 91 120 160 126 52 125 79 76 91 42 92 41 65 38 74 170 81 119 168 95 95 116 80 65 84 97 41 100 37 75 73 107 65 135 134 164 94 40 79 78 
125 145 100 162 50 60 91 98 176 97 95 58 55 70 82 153 107 140 123 151 78 96 194 68 147 72 75 62 51 83 117 16 91 52 59 70 114 73 66 64 38 131 106 68 124 120 34 54 10 138 70 173 78 131 138 124 143 100 128 52 102 
54 140 66 90 93 36 118 37 113 83 129 93 137 113 24 12 50 86 137 155 23 74 135 107 141 42 74 83 86 75 100 93 22 98 88 144 105 144 89 74 69 127 132 77 44 79 157 105 105 82 52 124 141 167 141 103 49 140 6 19 117 
55 102 145 108 136 24 97 134 138 106 151 94 79 102 52 88 112 132 158 86 63 136 122 39 133 126 77 137 58 88 126 181 149 93 48 96 90 104 15 137 128 123 63 97 115 154 4 115 168 150 97 59 171 108 76 182 102 63 114 142 23 
74 94 78 84 142 66 128 102 141 89 179 62 26 80 149 110 78 140 80 45 147 21 146 139 75 139 137 150 160 66 65 59 103 145 20 137 147 36 106 104 130 126 135 46 142 144 78 135 160 84 149 97 89 107 125 101 126 77 84 98 153 
163 67 85 97 116 27 129 149 165 192 128 153 58 90 122 127 166 74 57 163 89 196 16 84 193 141 88 132 85 113 118 119 101 63 115 165 66 128 30 14 129 105 102 176 39 137 84 71 131 84 43 34 127 101 148 169 93 90 124 153 180 
123 126 68 50 134 65 95 81 58 157 52 183 127 51 149 46 78 73 103 96 116 155 112 89 61 78 13 98 137 136 29 93 120 87 142 157 113 44 66 64 67 171 101 47 95 97 107 76 28 76 83 88 137 147 111 92 78 146 127 165 96 
141 92 86 122 10 120 131 99 59 137 41 112 81 134 117 111 159 69 47 108 128 105 110 172 79 34 175 62 134 49 124 150 56 149 140 155 154 113 60 148 116 155 162 160 46 159 161 130 52 137 1 47 6 100 132 106 103 70 93 34 72 
158 77 33 98 95 54 55 121 169 103 173 112 44 93 83 71 121 113 71 89 100 102 89 44 131 97 187 167 87 131 127 137 60 102 146 77 10 54 169 164 67 90 50 148 22 30 172 102 93 88 11 80 29 135 182 113 95 124 13 15 144 
90 77 52 102 41 41 99 162 88 49 80 23 121 116 117 85 87 117 38 92 167 187 130 81 105 185 133 126 97 55 96 78 95 136 90 161 116 138 72 94 121 160 117 90 71 58 111 115 97 122 126 59 103 91 143 97 40 167 75 91 78 
32 44 115 94 60 68 151 114 109 94 143 143 76 61 48 85 133 117 180 19 102 154 77 123 82 18 101 94 106 52 90 99 127 100 62 54 121 149 119 99 91 66 124 167 79 56 117 182 153 123 28 134 79 160 58 125 73 54 104 139 89 
28 161 61 81 94 14 167 91 44 146 103 78 82 140 124 162 187 49 47 86 108 97 141 85 129 155 77 138 43 99 168 114 114 71 141 97 58 150 144 60 113 150 134 123 135 76 70 23 83 133 148 66 153 105 165 161 93 148 22 109 177 
164 96 87 60 127 86 134 121 127 118 24 162 80 168 138 114 104 84 180 126 191 110 83 32 58 49 57 131 54 75 79 140 60 164 123 175 66 115 112 105 95 47 88 39 122 52 96 103 77 63 45 41 74 145 186 120 42 62 135 67 129 
119 102 121 139 29 146 104 63 16 110 132 82 110 167 147 94 12 128 88 137 130 154 102 78 126 82 84 132 93 164 75 157 113 86 98 129 75 92 146 124 158 66 120 106 106 82 29 49 40 25 47 103 126 42 130 125 102 143 92 83 152 
120 75 58 185 104 51 44 106 105 144 92 169 79 82 64 53 70 181 78 100 139 57 87 117 161 89 76 94 94 108 139 171 94 29 88 135 84 156 87 46 136 188 41 58 108 134 142 101 175 137 1 28 78 92 80 87 165 195 122 94 122 
90 123 105 84 53 36 37 118 182 42 144 149 114 85 105 67 81 105 111 46 87 76 136 111 121 159 148 123 107 92 68 74 96 147 131 96 108 28 137 152 99 78 67 115 108 167 158 32 130 107 71 46 65 93 101 67 112 83 127 110 33 
49 151 57 81 106 148 45 98 121 151 95 72 46 110 115 100 66 140 143 81 85 91 146 48 180 78 135 129 99 78 115 28 89 150 33 96 78 173 160 77 108 64 116 65 87 83 40 66 98 145 88 138 61 103 126 67 92 90 58 31 138 
76 131 93 143 145 132 86 127 50 174 45 115 143 140 138 121 123 91 134 9 37 126 92 140 158 77 92 128 34 48 80 112 115 163 76 75 90 31 98 100 44 130 51 105 115 53 146 155 83 75 175 183 58 169 40 110 131 97 146 113 79 
68 128 122 113 123 172 88 106 79 72 30 40 83 89 72 186 104 141 180 148 114 104 35 113 90 70 48 119 95 96 114 164 42 26 149 110 37 121 114 91 177 47 136 45 98 99 47 131 94 73 68 114 133 89 18 87 122 170 112 42 88 
56 126 100 58 126 59 169 37 113 120 110 84 58 113 89 46 68 97 98 90 92 83 104 69 143 119 132 55 19 44 38 104 87 80 73 159 68 108 70 67 186 111 103 25 139 50 124 8 134 118 109 114 39 67 163 72 122 54 172 144 104 
73 72 81 100 43 138 148 99 129 22 76 18 125 83 80 116 116 20 79 74 43 53 50 56 149 57 95 135 81 105 94 98 110 26 163 46 117 122 86 156 142 151 126 42 131 131 89 116 167 77 156 21 142 95 142 80 141 75 106 133 188 
100 79 78 151 7 4 131 134 125 98 73 53 105 185 32 35 102 152 161 138 109 149 149 115 171 88 45 138 127 78 115 96 98 127 113 77 144 74 102 66 117 63 87 52 156 35 113 81 124 25 172 154 56 79 79 100 84 153 183 23 143 
97 28 165 112 127 71 154 186 42 52 115 42 126 125 112 95 165 53 141 95 131 63 121 77 75 81 66 119 56 122 64 179 156 169 85 26 125 19 27 102 94 129 19 16 83 14 88 38 71 69 123 86 43 50 131 58 75 173 121 123 177 
86 108 8 158 172 85 97 131 16 136 190 123 18 153 126 96 78 127 122 64 126 174 138 103 142 161 100 127 114 101 120 156 99 91 130 114 28 124 52 110 124 95 62 29 58 120 129 83 37 154 106 160 34 67 66 1 147 170 132 86 117 
84 106 89 77 30 165 148 70 96 94 89 95 108 58 127 131 163 56 124 108 77 68 84 151 120 57 100 67 101 100 19 36 75 45 139 139 32 49 90 80 133 92 153 83 161 35 136 169 157 112 156 106 95 112 72 180 176 68 111 104 86 
75 105 77 118 179 121 95 82 51 80 85 96 93 147 138 25 177 85 44 112 68 74 142 88 162 71 172 14 130 108 55 138 50 125 89 90 115 110 155 51 53 70 159 85 110 175 104 56 83 118 86 72 73 138 122 118 164 35 127 54 144 
126 116 53 39 74 71 103 36 45 24 98 63 17 124 132 132 100 125 96 80 181 61 118 44 61 50 135 83 128 88 145 83 159 78 115 177 158 166 102 98 121 7 61 110 93 149 105 119 46 143 167 14 132 90 59 72 20 133 70 112 124 
47 68 93 59 128 90 120 88 164 67 126 92 105 69 44 173 148 103 101 97 91 76 57 40 35 146 117 51 164 144 62 104 145 144 193 139 152 129 150 88 103 114 117 175 113 127 137 145 83 63 83 91 105 121 95 84 111 57 115 147 141 
54 166 160 65 24 69 67 32 65 67 89 171 191 40 139 125 132 83 106 64 55 140 133 115 75 142 47 71 12 170 59 54 91 77 95 40 99 85 78 148 121 95 34 95 80 140 122 133 59 100 61 48 184 118 79 48 102 132 28 23 60 
60 104 95 122 178 120 152 86 73 60 74 99 79 72 157 100 27 114 121 76 125 129 137 188 136 153 29 47 120 132 120 86 136 151 148 103 61 53 22 42 38 63 184 90 87 163 81 105 89 168 77 126 118 131 179 140 86 31 79 42 86 
72 159 109 117 132 96 71 153 127 129 61 58 96 146 62 106 77 39 78 81 93 81 141 61 103 70 48 130 155 115 102 129 73 86 183 97 38 119 54 92 78 87 63 80 27 129 178 148 94 152 142 135 61 113 136 57 89 158 155 103 120 
52 24 71 70 94 93 142 122 94 56 146 56 67 110 126 84 93 175 145 100 84 151 150 104 145 112 133 143 27 135 112 84 103 96 156 105 123 67 88 89 94 173 99 118 82 95 186 53 101 79 50 94 149 95 97 110 149 53 136 24 20 
99 134 164 76 82 148 129 57 56 43 112 90 77 162 32 92 44 125 82 108 103 144 82 106 99 125 25 95 131 135 108 118 93 120 137 77 137 33 4 133 56 89 118 47 32 63 174 3 123 81 178 171 39 121 82 63 120 148 62 150 94 
122 72 152 97 91 138 106 95 25 103 128 91 79 95 32 83 56 129 173 24 60 101 138 69 103 17 72 152 155 85 74 84 108 111 99 23 142 60 166 181 153 104 171 120 138 89 105 60 115 93 99 82 144 80 56 54 131 127 34 18 105 
122 128 121 131 20 86 123 140 160 49 96 66 99 32 137 159 109 123 77 134 71 31 60 183 98 173 143 69 152 97 86 133 159 169 112 44 114 82 74 120 50 152 33 44 186 37 172 113 119 42 32 133 76 65 59 101 97 127 169 105 44 
54 148 142 142 147 46 30 106 108 97 93 104 61 68 82 72 152 86 139 146 112 110 49 133 143 113 94 81 158 145 43 73 47 134 108 176 114 101 87 27 126 41 142 154 66 157 199 77 90 179 149 71 82 76 46 72 151 190 129 113 101 
75 116 106 64 109 77 124 117 34 140 115 152 195 16 90 151 143 134 128 112 80 127 42 99 182 108 139 126 91 46 10 88 43 72 127 139 72 71 112 100 91 130 117 141 73 46 65 92 54 49 61 129 57 129 61 102 64 138 82 151 55 
55 59 48 119 88 128 154 57 82 122 103 99 125 85 102 136 126 88 70 103 131 123 92 111 183 91 134 144 63 163 154 156 39 96 107 58 157 108 36 31 71 96 64 170 113 90 86 68 124 133 58 84 84 68 107 75 87 54 127 24 33 
152 112 96 55 20 87 97 95 77 164 98 76 36 17 101 104 103 93 96 81 124 28 80 137 162 121 120 113 133 117 97 122 29 48 118 129 94 108 159 41 157 57 91 103 4 94 176 129 112 71 175 113 151 48 54 38 78 130 48 104 65 
131 133 118 84 135 95 57 133 86 151 59 75 86 82 132 21 22 159 43 106 111 197 101 63 82 57 60 100 76 99 176 155 98 92 137 115 83 138 113 115 34 167 130 68 65 79 11 68 128 98 121 92 54 189 103 67 193 122 98 21 48 
43 115 58 141 116 16 128 163 88 137 76 65 78 56 86 60 118 68 80 131 131 60 81 89 110 46 131 37 65 166 43 86 89 180 99 78 131 14 41 79 125 44 116 83 150 67 85 78 73 92 59 51 74 81 94 149 159 134 179 73 92 
100 79 170 77 101 152 130 48 112 81 93 59 121 87 93 122 109 31 179 156 54 63 106 133 23 164 112 60 134 96 151 88 161 48 129 83 182 155 108 165 110 83 109 40 126 108 96 128 52 101 162 106 92 109 106 94 152 28 110 82 92 
130 20 124 129 83 143 116 96 106 124 57 33 94 177 147 87 48 87 77 91 78 80 102 114 176 59 29 151 142 115 122 127 82 129 158 108 122 34 120 91 62 86 92 26 167 93 93 108 46 65 70 136 159 131 54 105 95 74 95 126 161 
49 109 21 118 118 126 22 113 175 176 83 39 99 118 59 66 105 133 61 95 120 90 126 145 57 110 117 66 54 31 107 152 81 113 37 60 128 54 120 116 79 94 64 113 64 167 121 166 105 147 93 144 37 100 116 151 51 148 177 143 99 
