99 140 73 143 35 168 88 164 121 109 160 33 165 116 103 103 150 135 20 147 28 144 98 134 99 58 88 134 185 5 105 74 151 90 102 5 157 43 42 77 194 84 62 90 90 83 12 147 66 61 191 28 92 99 31 40 122 10 103 161 104 142 47 120 94 148 103 157 80 124 95 66 80 129 74 109 174 76 143 60 46 140 97 103 137 153 66 27 124 33 68 136 47 120 
131 137 41 48 45 98 125 80 77 170 53 67 91 25 76 86 135 152 90 51 35 13 149 95 137 41 111 147 52 79 193 103 51 87 83 23 47 108 37 124 126 41 59 112 156 147 94 150 141 141 79 74 152 65 38 60 181 146 73 56 78 177 143 98 111 53 89 91 84 25 96 108 79 52 24 69 168 39 144 143 112 163 70 173 145 132 44 119 136 118 73 66 121 79 
34 149 113 127 107 62 180 58 100 127 80 89 52 134 79 140 74 80 104 172 0 99 68 53 138 86 150 151 55 65 109 107 129 43 66 119 59 38 113 75 85 113 176 153 126 93 95 146 62 120 75 134 84 102 128 31 9 117 67 53 141 33 124 140 18 108 78 155 52 109 119 114 108 41 109 57 104 121 174 125 113 58 89 34 113 117 183 138 87 105 39 152 129 145 
100 130 120 111 65 76 166 57 81 178 59 130 138 40 127 86 126 108 57 134 107 72 56 73 143 107 21 86 118 86 96 60 127 88 180 59 141 38 58 56 39 134 154 130 113 46 110 148 117 94 159 125 101 60 166 87 177 141 95 36 161 112 100 136 143 96 174 103 125 117 70 170 84 117 36 41 194 142 48 53 64 144 102 150 139 131 65 68 101 105 113 74 125 102 
174 112 144 100 103 132 142 98 116 49 162 127 80 101 39 104 115 141 138 186 107 70 96 129 162 116 86 31 112 156 75 43 128 125 77 110 101 75 115 85 90 144 68 128 84 187 116 131 60 142 61 114 118 85 151 117 136 120 59 121 58 180 178 37 53 99 143 103 126 104 76 99 164 83 56 51 77 114 90 30 14 75 113 89 109 137 81 171 51 60 197 33 45 185 
97 105 118 50 94 21 64 30 154 174 86 98 131 93 18 146 132 131 185 154 121 35 181 106 173 84 146 108 128 100 92 150 109 180 69 87 137 75 132 104 188 159 88 102 47 116 91 80 113 73 53 76 70 145 62 116 112 65 137 126 139 116 149 94 87 111 130 103 132 35 73 122 111 124 74 103 18 44 107 57 113 116 189 139 97 72 112 129 87 139 120 167 166 40 
92 81 109 65 104 86 93 42 59 112 168 148 28 99 105 77 109 58 110 133 27 20 89 142 115 149 94 145 69 172 99 100 127 109 57 123 70 117 84 102 88 153 103 28 117 77 26 169 65 106 87 111 93 98 91 140 85 118 126 36 137 175 82 187 87 121 115 180 90 163 125 83 91 55 63 80 76 119 52 145 75 160 28 56 81 133 96 120 65 124 83 87 50 103 
111 56 134 99 71 50 98 183 89 124 21 77 100 132 128 92 104 95 63 24 127 89 68 182 55 101 124 92 68 81 120 67 35 134 157 168 115 60 110 27 100 124 64 12 167 128 168 157 58 77 183 43 71 45 109 88 170 69 60 86 86 123 131 76 159 106 73 89 40 156 118 138 139 153 32 99 19 126 172 64 45 111 14 101 58 74 135 91 94 173 101 116 147 129 
148 125 137 129 131 68 145 93 96 145 33 142 66 114 120 104 93 56 47 184 172 121 86 147 57 114 139 129 100 126 59 33 112 99 77 19 101 151 26 151 90 170 71 91 133 73 131 154 62 64 99 46 88 168 55 143 164 76 162 118 39 105 141 86 45 77 43 168 88 121 91 117 31 126 90 165 130 137 119 80 90 113 190 121 135 149 72 60 121 83 78 88 31 83 
108 150 45 128 150 120 21 106 145 97 123 118 79 90 82 102 52 108 64 112 161 88 101 9 145 115 73 138 158 153 115 128 83 106 90 9 167 196 59 72 94 114 149 137 185 169 144 110 4 72 49 68 108 97 113 39 82 136 145 24 120 88 155 150 88 151 134 71 111 75 89 27 53 105 70 68 103 155 93 140 52 131 89 75 77 66 119 165 99 168 135 126 138 140 
147 98 52 95 108 52 62 108 124 20 38 124 29 88 83 80 140 112 73 150 108 120 72 73 100 53 113 71 124 111 139 117 115 66 108 66 126 84 146 108 107 38 169 37 43 161 131 135 124 190 150 116 104 176 45 66 61 114 145 23 168 142 103 95 111 84 83 108 76 87 42 51 111 11 63 31 109 43 101 77 107 73 66 28 156 110 106 157 36 98 116 116 2 70 
165 115 113 126 120 78 125 73 86 88 132 10 149 107 98 184 106 132 86 106 113 105 121 80 112 121 91 95 53 56 41 138 108 84 130 102 54 151 120 45 65 124 99 45 53 177 66 117 105 88 81 70 79 77 132 135 79 2 15 137 89 169 77 76 73 72 96 168 31 115 183 97 119 137 67 67 109 72 143 73 117 100 141 91 161 92 102 110 174 114 130 93 54 92 
79 110 155 119 76 116 98 78 115 111 141 169 18 168 150 142 137 70 109 89 146 133 154 114 22 136 115 125 79 77 85 180 93 155 94 27 163 83 101 159 98 60 75 126 66 179 111 46 135 119 104 142 100 101 60 120 63 133 76 77 40 40 120 102 47 113 94 66 74 145 93 94 89 113 126 81 150 75 136 64 102 118 77 107 37 39 85 105 172 110 84 178 118 79 
101 147 144 182 106 71 60 115 132 38 125 21 143 175 136 170 66 91 80 58 59 106 22 138 32 80 70 68 17 96 43 125 75 113 67 147 33 40 98 51 73 56 118 33 31 110 121 117 50 33 94 123 28 120 43 120 115 70 63 101 110 71 75 53 89 18 178 83 35 142 89 154 80 34 63 87 53 156 128 112 38 117 141 81 122 98 120 54 44 116 32 87 144 103 
103 180 95 96 110 160 122 106 68 56 117 69 28 107 118 149 111 190 83 184 97 96 126 154 99 51 37 75 38 102 61 62 143 161 47 95 84 134 161 29 95 140 53 77 64 113 92 88 150 27 39 86 19 21 82 68 154 57 115 120 118 108 152 82 37 90 104 179 95 155 65 77 59 122 57 88 98 113 93 43 51 142 68 100 42 103 85 86 87 63 97 140 86 58 
62 163 61 109 25 24 114 60 108 76 78 64 106 148 132 108 92 146 53 89 130 110 76 173 81 119 132 98 111 137 138 100 89 166 115 92 77 132 92 80 115 19 96 65 76 118 49 186 115 91 120 170 94 121 113 55 72 145 147 33 87 130 145 166 83 25 125 59 24 108 160 137 59 67 85 68 147 75 114 127 38 146 145 120 125 51 118 68 110 104 118 80 155 156 
56 81 151 38 49 69 140 181 123 139 73 46 149 54 102 113 164 103 195 138 48 121 97 133 141 118 101 106 62 92 49 165 103 165 147 64 73 22 94 92 66 90 139 147 116 45 129 140 114 177 65 61 179 91 84 119 104 99 107 124 123 160 112 123 89 124 184 32 111 158 166 99 55 182 94 124 144 104 116 80 63 100 89 179 113 93 167 174 110 102 140 98 170 117 
81 111 100 54 22 35 101 56 134 76 130 95 127 101 117 135 159 73 82 116 56 114 57 26 21 76 39 103 165 30 105 37 102 129 99 145 84 132 114 40 80 112 10 106 80 65 152 80 51 176 26 159 110 59 44 34 138 26 152 71 101 96 55 137 123 87 126 75 36 147 149 73 92 110 95 78 49 172 87 128 94 54 21 50 148 72 37 97 100 135 184 65 123 128 
77 169 93 118 99 113 101 171 27 55 58 92 59 65 85 35 96 101 188 102 78 108 116 75 125 141 99 131 150 38 52 130 154 30 68 61 116 122 56 158 108 31 71 93 56 114 86 146 76 66 139 116 82 137 120 159 123 127 130 55 143 128 70 67 98 157 104 81 153 152 29 30 68 85 125 64 121 59 110 151 153 130 56 115 97 132 115 75 80 162 87 172 136 67 
108 174 152 26 62 50 62 142 105 76 121 143 119 73 60 129 64 166 80 40 51 33 166 81 110 144 68 188 175 151 178 77 50 48 81 55 104 63 76 25 117 46 102 66 54 103 65 38 110 73 142 85 38 122 108 62 67 51 91 92 91 84 93 71 34 157 84 104 97 124 103 126 53 160 79 165 35 151 101 97 161 121 149 92 36 143 124 142 102 149 78 102 44 80 
91 50 152 27 186 69 110 54 132 56 58 101 147 82 172 130 113 103 86 120 38 32 64 76 87 80 81 51 87 82 46 58 154 112 46 55 137 92 117 96 128 19 125 119 127 108 173 174 23 147 105 48 79 114 150 120 157 125 128 43 106 40 106 57 144 138 114 104 121 50 93 101 134 113 102 27 68 170 151 122 135 105 92 53 65 187 117 84 163 118 117 71 149 128 
39 130 101 103 8 98 146 168 116 139 73 120 90 110 53 134 126 39 124 50 74 143 121 43 98 96 117 88 175 49 158 28 68 43 42 74 29 132 151 104 68 93 45 116 145 111 86 111 119 102 150 43 131 190 95 116 25 100 7 158 183 57 104 176 111 83 167 8 36 161 98 61 138 66 130 67 71 142 103 51 49 101 45 137 96 138 171 75 137 153 105 36 75 139 
87 137 93 149 147 50 139 110 83 83 107 74 183 31 31 183 165 143 148 43 127 171 56 93 52 35 71 29 153 29 139 105 134 125 45 157 135 141 98 70 26 51 74 48 136 57 139 74 166 120 142 54 86 78 49 27 77 49 72 120 72 28 113 130 98 89 96 136 161 104 130 94 80 191 27 137 106 82 60 25 122 51 63 71 90 84 69 78 110 112 86 129 69 118 
93 159 65 122 80 136 136 62 105 104 120 65 69 103 81 135 116 114 83 151 151 149 88 102 163 150 140 57 61 77 123 172 23 96 147 56 137 116 45 124 146 84 153 81 199 125 132 35 78 176 125 170 143 159 106 37 125 110 89 61 151 102 88 52 105 16 80 165 104 57 53 87 126 90 112 84 118 97 104 94 73 119 50 102 79 85 148 85 111 94 106 140 110 156 
3 119 90 158 136 61 128 151 105 147 75 34 61 159 35 28 123 111 81 115 90 83 107 29 95 131 126 102 65 150 96 106 83 117 84 123 108 101 154 107 122 78 175 103 89 134 163 48 92 79 33 99 107 85 75 111 110 50 126 100 73 189 72 135 119 81 148 185 121 178 132 51 101 59 58 45 116 178 111 94 93 79 16 76 187 127 33 161 129 113 123 120 61 93 
103 143 183 142 90 176 128 128 116 23 19 150 116 73 87 95 198 125 85 84 67 113 146 161 37 126 70 75 81 58 91 43 56 44 120 115 79 98 107 127 62 80 37 102 87 170 78 139 41 112 107 58 79 145 128 85 45 71 27 187 120 179 151 159 103 71 59 108 132 118 67 92 130 93 84 162 168 77 92 96 65 145 73 54 97 68 108 138 18 78 73 84 108 8 
157 97 17 67 107 124 120 69 147 81 80 48 73 164 102 108 159 98 96 25 178 118 118 152 185 95 120 39 161 100 71 142 156 162 76 94 144 150 68 148 108 93 79 49 96 30 92 141 139 115 60 175 93 84 94 124 86 75 16 67 116 154 84 38 120 91 62 131 32 169 154 119 45 64 97 116 118 79 93 114 118 59 93 26 69 77 27 82 69 139 180 87 147 157 
78 125 49 68 156 68 111 48 108 111 79 75 104 82 86 117 107 141 114 81 127 134 35 115 79 87 21 85 182 142 141 109 36 90 178 116 44 116 96 153 115 118 160 46 77 96 26 140 99 92 67 75 101 60 97 105 57 68 53 153 100 89 58 104 95 91 57 96 121 98 85 134 111 101 60 39 92 24 140 34 178 106 51 73 56 89 38 145 126 16 107 125 114 2 
43 126 144 51 77 112 74 54 51 135 87 87 89 154 131 151 107 80 112 89 168 151 38 117 23 22 102 94 52 123 5 70 115 45 123 158 151 109 102 39 45 90 86 168 181 131 179 168 88 147 18 112 141 121 94 159 91 117 155 123 85 108 62 96 70 130 31 63 119 71 104 125 99 123 105 98 93 155 122 89 119 93 173 112 128 138 74 40 162 97 108 93 133 82 
72 102 85 130 117 87 52 125 83 97 118 47 93 103 119 47 52 44 113 66 97 88 114 101 32 110 32 125 138 60 46 90 127 123 116 95 181 14 50 136 41 58 88 70 53 172 74 73 62 76 67 112 69 8 110 41 127 125 177 150 174 149 111 117 123 111 92 59 79 95 137 110 92 26 77 89 141 156 106 137 150 143 150 58 125 110 57 143 116 61 151 113 96 142 
135 85 58 132 24 150 118 145 68 96 144 135 125 88 64 77 87 83 114 120 112 27 46 187 24 117 65 110 82 48 143 94 156 61 134 69 103 82 60 146 127 80 112 33 50 146 88 121 19 96 58 99 78 133 70 104 109 124 139 79 84 77 103 22 39 51 54 122 193 67 122 44 124 91 114 85 156 29 125 138 136 105 90 84 57 77 90 93 134 64 107 90 142 113 
115 112 82 100 129 103 38 101 67 154 96 101 172 173 115 99 144 144 91 74 117 99 133 155 48 48 152 177 143 184 22 60 178 11 104 98 169 41 64 74 119 52 112 117 111 90 83 103 167 122 74 112 152 79 65 150 43 133 45 39 20 110 70 113 136 36 57 70 84 84 70 166 151 84 67 90 55 49 96 183 169 121 100 167 111 181 95 36 125 70 124 75 122 140 
106 157 93 170 121 85 96 90 135 147 89 59 184 111 37 179 61 167 75 153 109 27 11 68 41 182 95 156 123 46 126 58 131 167 102 52 101 53 23 138 117 76 114 50 113 111 92 119 171 177 69 98 73 122 77 129 99 142 114 147 110 52 120 66 122 110 172 101 133 125 90 118 150 8 57 103 136 166 53 130 89 24 85 100 93 122 133 61 143 62 88 67 176 138 
90 81 136 146 60 91 77 87 21 138 149 84 109 119 159 84 63 85 64 113 108 70 94 37 106 80 125 82 81 105 144 84 30 33 109 118 83 167 27 74 150 121 104 35 105 74 16 21 63 177 119 136 180 84 132 19 127 120 77 130 110 117 65 117 134 70 51 167 108 36 104 156 105 108 86 89 140 104 74 173 100 107 155 74 91 84 89 161 30 124 109 123 144 123 
115 100 97 54 156 121 52 75 153 45 124 152 42 157 159 112 125 70 122 98 51 105 92 77 179 93 157 56 103 71 103 108 101 140 22 168 91 101 89 122 149 195 147 123 100 42 59 69 86 92 83 86 67 92 80 137 139 88 142 195 130 76 64 125 157 79 13 102 102 116 148 185 97 97 114 107 61 144 95 108 109 54 137 125 138 91 109 100 139 62 32 31 129 127 
56 91 145 108 77 66 117 66 104 131 129 188 70 106 110 45 70 130 167 112 43 181 78 148 84 72 72 69 177 76 122 3 61 91 55 151 123 89 138 44 93 102 102 140 67 136 104 124 143 100 65 62 165 35 80 100 63 124 167 102 120 157 109 182 111 72 107 76 65 111 145 32 98 98 109 171 53 131 85 148 25 151 139 145 63 92 115 74 59 87 170 99 120 110 
168 121 98 148 148 92 120 87 99 104 159 87 162 33 86 139 168 72 81 179 145 138 109 64 29 89 138 66 166 136 129 94 154 176 58 99 150 147 106 91 138 121 66 105 108 127 120 123 45 48 128 45 175 160 72 80 52 52 17 128 60 127 110 79 100 89 190 71 16 31 148 113 78 36 66 48 118 87 118 63 94 114 137 183 43 71 28 87 87 165 69 103 91 32 
123 155 120 97 139 75 81 75 67 154 10 98 56 85 92 94 43 156 164 101 131 80 99 72 52 148 118 115 118 89 123 150 134 122 102 123 104 190 101 150 97 133 109 38 89 43 60 163 65 109 82 127 87 101 112 103 128 138 105 83 141 51 47 117 113 101 115 83 140 55 64 166 68 87 25 185 167 123 79 54 51 52 57 103 137 69 84 46 135 150 87 142 68 118 
188 115 131 24 106 185 155 180 84 73 116 66 187 52 148 83 134 68 176 126 75 134 163 75 46 125 62 93 83 52 85 84 91 62 163 144 197 122 106 37 108 69 178 137 97 49 41 152 36 45 115 87 98 108 98 177 55 101 99 92 88 67 130 111 135 18 87 123 93 85 106 68 104 83 94 80 145 74 113 123 27 66 151 111 68 111 137 94 95 179 39 86 74 28 
89 121 124 89 84 43 174 153 124 178 74 91 113 94 90 113 78 53 79 152 62 85 105 116 19 117 183 102 179 130 95 71 110 111 92 111 139 103 97 193 77 133 146 106 79 193 75 46 108 71 86 63 138 114 107 86 42 97 158 55 116 96 80 18 86 34 101 70 38 115 102 162 36 74 74 85 43 104 118 144 124 63 75 106 65 119 48 76 153 156 192 164 52 170 
136 86 168 116 141 88 175 104 102 14 29 101 42 123 60 72 116 165 104 87 100 121 140 136 85 132 53 74 182 95 95 153 50 79 159 43 128 129 140 116 89 89 135 82 167 55 87 157 144 161 75 64 42 95 51 115 48 90 100 106 155 155 152 64 87 95 113 173 7 97 132 110 138 117 82 150 84 160 184 134 155 72 123 80 112 49 103 23 151 75 101 167 64 90 
35 138 87 119 142 121 157 138 48 161 94 121 56 102 165 54 113 96 81 134 79 89 147 52 94 144 75 107 115 135 95 89 160 20 72 129 5 76 177 136 96 57 88 114 97 105 103 97 143 49 133 64 35 108 114 109 30 76 95 92 161 60 56 81 142 80 42 192 19 86 95 118 79 108 124 98 94 87 26 87 40 14 95 81 132 121 106 65 119 31 151 28 102 54 
86 135 105 95 71 68 53 71 174 51 106 33 85 66 91 45 87 63 79 133 136 86 64 180 46 109 70 43 167 107 162 97 154 60 172 161 117 106 128 112 95 42 92 71 136 105 87 139 65 5 136 157 99 73 80 196 86 167 99 52 142 106 112 31 51 107 69 90 110 147 117 54 78 40 49 76 115 88 132 97 172 36 89 156 105 130 181 151 103 7 123 123 158 96 
81 167 105 68 129 109 62 119 48 15 62 135 101 113 138 82 26 111 40 116 120 113 158 131 120 92 105 143 60 131 171 139 48 79 64 73 84 62 62 44 104 72 121 154 64 170 104 143 131 139 40 146 14 31 130 41 106 133 25 119 37 167 116 187 47 108 8 95 70 107 79 36 117 70 152 65 66 144 88 117 52 103 63 170 162 26 82 120 100 48 29 128 78 139 
107 78 64 62 148 148 131 16 158 96 176 121 183 84 136 50 40 143 55 95 133 70 150 131 148 115 113 82 106 100 115 70 34 151 38 113 114 185 104 83 120 115 16 98 66 160 102 123 93 148 55 68 95 71 76 192 140 62 114 146 75 107 76 102 70 125 62 96 73 97 38 110 69 181 139 46 89 83 101 108 155 51 122 145 131 38 37 171 48 94 22 110 86 162 
103 85 161 116 183 17 17 124 84 119 85 64 84 69 61 88 69 166 111 63 76 110 145 176 136 150 42 128 111 117 112 116 132 93 30 129 96 45 67 38 91 45 126 132 53 142 124 46 150 75 28 81 93 115 72 129 174 120 70 73 107 72 57 63 103 111 87 159 157 115 68 159 115 145 127 37 100 103 142 72 82 131 150 100 104 180 74 84 56 94 155 133 87 147 
155 139 166 139 110 191 68 125 100 38 118 80 102 29 29 157 113 121 117 141 96 97 88 84 41 69 97 95 101 97 187 178 163 115 166 194 59 103 90 41 166 77 157 139 45 43 101 173 162 86 102 131 66 46 182 77 95 52 108 66 90 149 88 66 70 109 55 109 76 62 132 97 97 113 100 18 127 107 25 85 39 104 192 141 139 110 69 76 178 40 105 64 181 60 
134 84 195 177 89 134 75 125 58 191 56 123 113 134 94 139 70 96 125 51 140 127 170 41 95 58 65 83 7 161 112 95 113 163 76 115 125 131 51 41 89 80 30 126 68 116 74 146 51 73 29 45 109 163 90 186 53 69 164 69 141 145 99 107 70 102 91 160 124 81 77 151 93 97 38 84 140 109 73 28 142 148 88 42 160 132 115 74 90 123 99 131 128 120 
136 39 106 66 40 89 49 78 104 81 94 136 125 97 104 76 71 78 65 116 64 141 159 140 32 133 106 93 134 136 97 104 94 132 68 189 150 122 69 134 60 156 68 155 62 105 43 95 133 72 100 44 153 79 174 106 111 80 155 124 54 98 82 136 123 104 64 61 179 117 53 174 54 82 149 80 152 91 140 157 95 85 76 162 174 138 76 162 98 119 41 22 77 69 
117 163 53 77 150 151 110 74 177 141 71 63 14 102 22 74 79 70 75 76 180 60 75 34 42 60 15 148 128 63 144 140 41 51 90 56 135 82 57 134 113 92 74 93 106 178 135 123 155 162 172 100 45 104 35 134 50 165 69 155 127 85 27 146 96 84 118 39 84 150 62 178 143 101 104 154 110 129 71 136 156 68 52 96 63 15 59 32 80 56 138 117 103 93 
26 160 125 60 100 116 115 111 96 24 49 58 182 117 69 42 148 161 80 147 175 102 79 89 81 76 118 135 80 104 176 159 71 96 75 191 76 63 96 92 153 39 120 165 103 149 80 73 105 78 127 67 167 140 88 82 60 44 150 109 133 175 17 15 115 110 100 104 65 151 50 82 58 24 142 44 148 102 91 141 12 119 97 117 135 24 38 115 189 163 65 108 12 79 
155 68 43 97 150 147 65 40 155 137 68 123 108 130 167 124 105 127 171 145 99 98 66 164 34 77 82 92 161 75 110 159 65 83 169 95 85 178 152 184 138 78 63 118 112 176 93 49 176 185 104 64 38 128 126 152 33 125 87 141 132 70 98 44 79 93 131 181 63 71 177 119 83 92 54 136 54 147 35 107 112 129 69 125 128 40 156 74 39 75 180 151 77 170 
126 58 83 97 99 171 150 121 72 79 126 133 179 140 137 126 86 112 175 140 146 114 82 186 75 111 19 116 58 107 102 60 20 112 115 160 69 123 109 31 47 90 153 116 102 38 62 12 7 72 178 66 147 161 20 126 84 128 188 96 156 139 112 51 88 110 64 111 65 36 112 128 90 61 108 129 120 76 139 119 47 87 90 122 109 34 62 143 160 86 110 134 131 11 
115 163 12 146 176 147 143 153 130 147 65 99 86 118 154 141 180 76 129 146 31 83 103 43 32 32 54 134 111 110 67 31 126 134 55 103 148 126 80 49 140 142 120 97 134 100 155 161 95 28 150 128 76 94 119 40 158 106 104 110 62 74 82 149 159 116 56 57 128 77 89 150 120 83 73 141 53 55 100 103 106 139 192 103 52 66 83 14 69 92 117 45 93 139 
118 151 31 78 134 75 124 94 105 113 153 55 25 106 97 131 98 78 28 81 10 133 137 73 47 99 101 132 85 164 85 83 145 67 169 104 84 112 89 32 194 142 123 59 157 59 75 36 85 34 91 148 142 170 65 56 90 65 89 85 73 72 71 154 162 170 92 94 81 115 33 118 47 79 119 111 20 57 148 153 121 64 117 147 100 53 123 122 119 126 72 125 129 78 
139 158 96 65 32 64 180 20 121 139 90 109 132 143 55 48 127 122 98 98 135 103 75 120 50 142 69 136 95 142 75 70 27 73 103 109 120 46 107 160 67 49 71 154 158 102 70 71 80 152 138 104 81 153 39 91 39 55 105 88 103 40 114 137 31 143 66 90 89 85 74 149 141 71 66 179 91 50 58 53 128 117 84 99 88 52 37 81 136 64 18 118 44 142 
23 147 98 71 97 41 77 145 67 97 64 91 83 88 135 70 87 116 143 58 115 33 199 71 98 95 138 38 131 101 74 82 64 69 22 32 34 37 124 101 51 106 114 59 159 130 94 51 104 169 150 82 133 100 50 96 124 28 97 112 87 53 43 115 70 58 164 167 47 90 176 151 70 66 117 95 149 89 73 108 134 10 130 58 70 135 92 128 96 67 120 86 168 132 
116 107 56 60 22 76 132 156 76 100 144 58 55 79 150 92 83 63 82 137 115 125 87 111 70 82 77 87 65 125 74 132 49 42 15 111 161 131 110 28 76 75 72 156 165 163 178 107 138 161 127 127 89 84 71 44 138 94 104 57 142 61 39 94 110 120 18 139 89 67 135 145 131 116 134 18 133 57 78 42 154 154 130 154 94 104 139 92 49 10 95 134 116 92 
126 98 66 54 113 62 73 86 87 77 94 80 82 101 99 147 128 148 149 118 128 81 18 119 135 149 61 96 142 66 104 80 21 158 189 76 126 89 131 52 76 148 127 139 154 48 158 73 27 111 46 140 37 163 110 128 131 51 136 130 121 92 78 54 143 38 151 131 163 119 35 102 136 10 90 77 158 94 58 149 112 63 74 24 153 44 164 197 128 81 35 107 180 144 
60 108 134 138 131 80 105 141 109 129 132 65 50 102 187 163 99 50 36 76 160 90 145 59 32 155 53 51 131 39 150 38 28 101 70 97 109 103 115 137 30 99 159 151 178 130 106 69 134 21 91 160 133 72 63 136 122 99 66 126 189 52 138 91 114 159 52 99 69 90 132 78 132 141 136 145 141 94 64 122 171 69 89 65 31 122 139 88 86 193 150 101 83 88 
129 100 97 70 109 64 98 150 73 25 95 48 111 168 117 148 84 117 66 67 176 88 93 105 75 23 37 61 119 119 90 104 86 159 117 96 98 57 84 6 32 132 57 82 63 81 83 51 70 142 138 56 120 161 160 103 160 41 40 100 112 161 92 74 51 50 162 155 106 83 122 102 86 38 111 70 97 86 121 90 102 74 148 139 126 155 174 115 51 29 10 66 100 146 
69 87 145 48 72 135 45 83 107 89 84 82 96 104 45 23 116 59 137 84 115 187 117 86 85 152 94 65 118 85 82 139 108 47 62 116 147 91 59 42 139 141 57 85 113 139 71 77 53 72 114 30 115 36 51 112 43 144 106 121 86 47 80 141 99 76 183 109 134 141 119 88 118 40 13 62 107 98 63 171 126 56 147 62 71 89 114 125 103 135 83 155 90 108 
151 95 32 108 58 72 33 171 18 84 52 95 38 122 186 71 37 66 25 54 130 123 61 114 117 63 120 187 102 118 60 89 175 88 4 94 21 142 104 128 88 39 49 118 96 55 99 112 43 169 50 127 133 141 118 141 98 103 157 72 116 152 79 76 61 143 113 102 83 145 151 132 182 100 121 44 28 53 60 140 52 122 100 47 107 139 126 72 28 164 73 83 155 88 
81 123 150 124 59 115 132 97 135 62 80 53 182 125 57 92 132 41 68 113 76 109 77 130 123 69 105 100 139 28 29 152 55 148 105 38 50 29 32 108 174 65 95 131 150 121 81 39 127 65 119 69 189 14 51 116 100 64 151 114 20 28 27 53 144 32 21 133 91 164 32 76 131 156 166 98 44 116 76 154 114 132 64 55 143 189 12 94 100 152 18 145 92 124 
114 99 41 130 24 195 94 143 52 90 131 10 59 67 94 106 96 85 115 120 193 80 53 166 123 146 123 92 92 172 131 66 134 82 96 52 162 50 173 113 94 129 44 75 70 88 122 99 76 72 105 79 13 90 137 100 122 146 117 112 78 115 114 126 108 88 8 83 111 68 44 35 137 64 101 158 121 52 162 26 127 148 10 123 175 76 108 163 128 163 187 6 113 138 
123 86 36 94 135 167 81 60 130 88 136 158 78 135 64 90 43 128 137 131 114 130 145 65 92 134 37 150 87 133 65 40 144 50 100 64 80 14 107 72 151 61 29 57 10 146 79 175 107 165 72 134 47 146 124 29 114 116 24 55 129 112 127 67 65 134 153 157 106 106 152 98 135 164 131 110 85 98 73 119 90 109 182 59 100 80 137 79 100 24 143 118 76 36 
119 99 77 67 130 119 126 83 105 65 113 116 27 44 141 164 183 78 137 50 85 101 111 109 142 65 83 89 120 164 144 59 91 63 75 100 144 91 106 157 87 48 116 61 95 189 68 81 69 144 92 95 88 141 72 175 120 79 97 58 68 113 101 2 123 21 158 94 84 100 168 98 146 158 80 51 178 52 116 52 128 51 106 165 67 155 133 83 84 154 78 93 72 74 
69 51 119 80 124 129 124 167 82 150 156 46 45 57 101 42 81 47 76 179 31 93 83 107 90 110 73 61 169 173 98 149 24 57 114 84 78 97 105 100 77 116 122 109 154 165 71 155 116 101 165 138 123 136 170 154 99 91 155 118 112 89 190 25 97 140 69 121 127 112 56 101 132 68 75 78 49 74 170 174 125 113 168 189 140 59 41 39 62 31 25 75 54 153 
65 88 65 180 77 15 82 95 181 62 177 45 177 28 82 104 156 77 68 150 90 128 42 147 92 103 42 101 109 130 146 89 26 107 65 26 155 38 55 92 56 167 100 150 111 77 102 87 169 33 54 142 65 92 97 98 192 70 150 35 158 16 141 36 51 145 86 94 149 97 63 56 146 83 139 147 99 78 65 70 124 98 50 87 53 163 69 25 87 60 149 137 152 113 
93 52 95 54 67 164 35 38 126 63 86 79 84 173 82 130 29 119 119 121 71 48 145 155 134 63 108 81 58 169 98 134 165 110 90 81 103 181 115 54 66 99 94 107 83 25 133 167 155 112 125 140 91 154 53 132 163 54 57 32 51 66 136 138 116 95 49 56 142 154 121 74 110 67 62 110 31 73 154 169 104 146 92 86 131 96 25 93 32 62 118 104 50 126 
127 124 113 110 63 8 83 163 111 67 84 89 164 127 82 43 172 53 148 28 151 79 167 138 136 79 25 62 52 76 135 113 167 129 125 73 99 153 79 49 72 148 122 97 147 79 138 33 43 80 154 190 107 131 132 102 85 72 124 48 98 120 134 154 74 33 124 122 104 195 39 121 122 66 159 145 142 86 158 106 54 49 95 67 46 41 108 182 102 95 116 130 174 98 
132 146 99 159 186 103 101 130 122 51 101 115 133 96 153 54 51 88 119 100 50 124 33 105 131 29 145 110 190 129 74 63 168 47 118 62 85 83 195 47 38 80 84 128 187 34 167 182 82 73 75 114 97 130 109 103 90 71 98 120 138 87 74 157 129 86 36 148 106 143 164 127 57 113 170 78 61 157 45 55 167 120 95 113 121 74 92 110 129 195 76 172 159 158 
124 12 161 52 188 156 32 181 67 134 96 120 84 81 107 77 29 56 75 52 177 159 104 62 82 89 42 50 123 45 49 114 53 156 159 106 34 69 52 107 144 29 27 36 84 91 75 21 139 153 131 62 41 52 37 115 154 96 180 159 5 72 13 142 71 100 174 67 165 112 155 49 105 64 77 64 56 105 119 138 170 104 111 104 47 40 114 66 162 76 142 105 125 114 
56 41 64 53 105 25 97 148 135 154 47 78 124 73 110 58 94 185 96 63 143 98 74 105 128 69 137 63 85 139 105 79 85 133 95 10 113 135 178 78 88 77 141 104 97 93 86 129 61 35 72 171 109 134 132 171 78 89 92 87 117 78 101 115 114 150 107 58 104 115 78 52 116 97 135 61 84 125 54 134 85 84 131 58 45 61 58 105 65 111 114 63 100 100 
97 110 55 39 120 73 141 51 104 154 121 101 57 64 122 32 112 131 30 38 79 49 143 102 21 111 95 30 69 101 148 157 102 90 128 170 32 24 139 197 84 108 109 97 113 116 101 45 81 120 66 120 108 57 39 136 114 36 176 64 103 96 25 157 55 27 53 117 122 71 64 65 76 183 90 107 187 110 167 59 116 38 68 165 79 86 132 115 159 170 16 141 138 141 
58 80 124 131 56 79 43 61 143 140 67 187 176 167 39 130 14 136 98 172 109 129 140 28 68 54 106 136 132 104 74 113 116 173 103 51 61 68 130 136 146 69 72 65 82 130 111 152 96 102 36 134 69 80 110 174 151 134 136 106 140 116 193 82 129 40 116 79 103 111 92 23 101 168 133 110 27 66 120 41 114 48 169 90 130 106 91 194 132 100 154 87 161 52 
48 112 73 163 114 46 10 50 118 148 90 112 22 149 136 159 63 156 126 34 58 42 77 106 162 55 119 166 93 132 117 107 79 152 86 76 177 125 24 44 77 120 46 148 36 50 129 107 115 140 142 86 101 132 98 94 76 118 174 107 121 127 137 86 95 45 51 90 112 129 82 68 113 40 58 188 105 128 36 27 128 132 23 88 118 43 186 106 71 128 109 67 24 106 
147 112 92 25 109 177 154 109 127 10 51 105 64 104 82 132 90 152 132 61 86 99 58 100 31 86 59 22 91 58 126 139 82 127 137 15 152 73 67 63 106 177 92 95 60 40 151 52 22 126 135 45 102 138 100 66 136 100 129 134 142 51 172 138 79 82 77 129 24 183 145 125 168 88 116 86 90 106 123 25 74 112 126 95 90 91 150 48 99 24 51 78 133 87 
137 57 75 49 141 70 128 74 106 69 166 82 182 145 54 172 37 121 82 87 68 110 128 9 141 90 125 56 175 68 89 71 125 89 13 114 29 36 12 82 99 113 152 109 22 123 106 175 164 155 92 148 106 79 41 12 35 80 119 103 121 104 93 77 69 68 38 78 27 11 84 108 100 10 88 139 156 68 50 21 97 79 152 100 161 86 115 84 25 42 93 91 95 75 
175 139 28 68 101 158 94 74 99 116 115 62 135 52 72 119 147 81 162 89 109 72 130 102 82 169 28 47 161 62 78 67 19 162 91 106 48 86 68 89 71 139 73 105 58 50 143 101 106 89 107 124 119 102 94 88 131 185 91 103 36 174 130 152 67 111 174 136 140 112 166 17 63 173 140 117 124 48 117 133 96 47 117 157 136 146 106 100 102 110 88 57 143 97 
88 89 109 124 18 55 130 99 82 105 93 81 100 117 104 76 120 123 134 120 99 103 120 75 101 81 89 90 122 100 99 121 169 36 91 98 101 102 180 126 90 92 132 94 72 65 174 79 56 172 89 41 188 124 34 81 91 63 142 37 125 61 133 48 65 138 109 98 119 153 54 89 40 108 103 102 101 164 110 119 112 66 89 109 48 116 43 162 64 74 158 28 155 113 
172 101 149 129 115 55 103 126 122 99 61 175 184 66 60 51 92 72 145 90 109 87 176 118 117 138 92 129 91 106 100 64 48 111 71 34 14 167 111 82 50 82 62 101 104 114 152 111 104 134 96 113 82 103 89 108 26 43 16 33 149 76 75 170 98 132 61 71 164 92 124 119 15 80 25 90 46 133 103 65 134 111 81 95 92 53 138 108 147 129 66 85 92 14 
124 17 60 128 123 147 73 62 57 77 92 50 118 132 47 81 73 177 169 127 97 93 73 97 99 77 55 59 142 172 131 60 118 148 176 80 41 57 107 169 53 39 160 67 78 112 98 181 148 47 104 122 117 148 120 62 77 119 34 116 124 171 32 117 58 28 187 88 82 194 81 70 79 126 102 119 128 103 138 119 142 23 136 52 93 91 72 37 107 71 67 95 71 50 
118 56 71 78 42 165 83 133 66 93 134 98 106 110 163 68 66 50 94 89 61 88 55 150 128 84 149 120 145 110 121 71 56 115 113 48 95 139 63 45 86 23 143 60 158 61 162 165 129 93 177 70 85 117 110 37 34 121 93 88 153 87 87 84 74 94 168 38 97 153 122 192 115 121 159 156 153 107 75 136 129 32 88 33 110 39 145 60 99 39 157 37 188 72 
64 128 51 162 48 81 105 171 132 21 84 105 62 67 83 101 39 118 121 117 54 84 147 74 124 115 175 93 87 74 44 123 123 35 117 49 95 57 79 164 147 179 175 164 167 121 150 109 163 35 113 64 130 69 107 55 89 87 69 101 55 41 127 115 113 27 159 58 75 82 185 125 98 192 121 48 109 81 153 114 132 110 67 56 97 79 104 132 61 53 46 149 168 26 
134 37 60 118 112 150 88 114 85 62 97 86 114 77 53 154 97 114 15 48 99 37 67 141 56 67 139 85 21 87 150 156 174 99 73 108 68 57 56 51 153 97 129 74 94 137 96 86 90 123 59 148 74 124 78 122 87 143 99 137 63 134 64 94 55 120 134 94 72 72 33 36 57 68 62 59 57 73 159 166 145 70 184 96 113 91 97 35 118 155 96 61 92 172 
95 153 91 138 104 57 122 59 101 148 177 130 138 138 51 103 193 118 73 102 91 75 91 85 19 130 76 114 163 96 82 45 158 74 97 104 125 76 65 145 66 104 88 49 79 94 76 107 176 14 92 78 159 157 134 116 170 96 94 147 112 74 61 71 94 52 92 89 112 114 109 19 169 69 76 114 88 104 87 131 114 163 124 74 147 98 123 55 96 168 104 98 130 114 
112 27 75 114 97 77 64 29 107 42 72 146 124 124 140 134 193 88 145 111 90 84 89 153 190 149 183 115 42 126 86 129 67 60 102 29 138 67 55 168 171 138 71 75 120 94 92 40 50 55 130 153 118 116 98 63 120 100 132 51 49 3 126 121 114 79 100 110 142 177 138 64 61 94 188 140 156 57 80 173 76 176 161 117 36 92 167 163 157 183 82 132 69 20 
71 83 92 160 22 106 40 135 142 152 96 168 170 64 25 163 15 67 136 57 54 74 81 49 165 174 88 132 97 49 147 84 127 99 95 144 158 111 68 88 176 147 42 177 97 115 128 69 91 154 151 77 62 39 84 45 38 111 63 154 70 39 29 114 69 43 69 139 113 156 163 100 27 159 126 110 75 94 163 60 73 53 91 72 56 63 86 150 15 78 180 117 119 76 
72 146 160 80 14 119 130 113 65 47 62 88 119 117 138 49 134 129 110 73 86 151 144 39 130 147 100 73 88 54 92 77 31 133 131 67 85 19 75 98 118 126 123 125 153 16 148 66 150 83 128 118 114 83 52 103 59 39 73 80 95 169 66 98 162 143 100 148 85 148 45 166 68 144 28 152 106 92 94 72 118 49 128 76 106 106 46 128 125 43 94 75 160 124 
46 138 129 59 158 60 173 72 165 108 66 125 82 38 114 91 98 135 53 71 92 131 149 122 110 130 75 93 105 128 90 153 65 31 94 81 75 132 61 128 83 164 166 111 160 51 66 129 103 163 174 104 80 155 81 99 61 64 169 36 118 93 155 50 83 161 27 123 101 79 116 118 185 108 122 158 116 140 102 186 86 104 96 120 131 111 94 73 145 28 60 36 132 121 
68 82 88 43 100 115 61 13 55 106 175 158 95 137 85 49 116 105 49 48 43 107 59 53 133 41 133 159 111 174 117 51 101 75 99 139 86 105 61 133 49 127 90 68 147 137 80 113 157 102 125 127 143 170 58 128 96 70 23 133 86 141 124 112 79 23 59 48 163 152 84 27 125 78 97 41 143 158 190 159 123 150 171 110 121 127 102 69 134 90 150 171 51 152 
85 126 78 87 143 113 108 134 92 178 56 122 188 114 153 121 82 99 169 91 72 108 113 13 140 101 50 97 167 129 79 31 103 102 129 192 50 14 110 145 122 153 79 189 81 65 147 60 105 142 100 136 48 174 152 81 98 42 104 153 56 109 41 123 66 143 113 25 112 176 51 193 92 118 174 71 129 116 101 125 81 83 77 55 142 100 76 96 85 100 105 85 137 51 
114 83 138 39 169 48 85 57 125 100 99 124 178 133 107 127 95 80 113 113 114 93 23 120 127 38 85 70 117 188 146 136 79 86 58 178 83 81 157 64 121 109 114 113 82 98 19 98 107 108 83 108 176 49 93 107 150 108 61 43 56 120 52 85 116 120 148 127 101 111 139 142 37 73 92 18 130 58 103 172 123 105 48 35 80 97 179 177 90 117 154 97 92 105 
