108 87 92 78 136 110 23 155 63 102 64 190 77 82 37 73 168 123 37 28 115 99 
82 92 76 88 181 88 81 126 124 164 132 115 86 141 31 75 89 93 163 43 161 169 
73 106 128 78 162 79 64 99 73 121 147 52 115 62 128 65 117 91 97 144 99 137 
120 66 138 190 33 46 134 138 88 45 104 123 125 106 105 97 154 80 175 101 39 115 
150 147 70 86 106 95 186 123 196 49 55 133 130 25 9 158 71 135 65 70 95 149 
73 156 178 47 48 66 69 170 174 112 18 113 57 65 98 53 40 144 94 103 119 51 
131 164 89 49 161 34 71 122 117 99 135 106 50 61 161 82 150 154 177 56 54 90 
102 48 81 83 134 21 163 101 104 159 102 84 156 123 78 90 54 107 76 95 85 116 
85 116 63 77 43 89 87 136 177 58 81 102 85 106 46 52 156 101 68 120 44 75 
109 156 90 112 124 161 124 159 116 19 132 145 100 134 127 113 69 15 97 52 42 128 
181 150 79 114 122 11 134 28 103 122 68 104 53 57 60 46 49 118 136 131 132 135 
73 158 112 164 93 146 121 60 96 152 76 140 47 156 97 97 91 106 58 119 163 101 
115 143 105 156 86 103 68 41 121 24 59 83 50 84 51 147 37 120 116 131 126 108 
185 108 112 71 96 103 136 56 39 163 115 133 67 106 102 146 152 121 20 108 94 76 
38 122 46 20 134 126 146 147 119 88 135 82 184 106 67 98 100 35 65 76 80 148 
121 45 112 81 141 117 147 28 81 129 111 124 102 48 81 125 90 111 89 121 60 61 
120 120 92 94 55 158 115 113 134 160 108 151 67 150 106 54 102 88 89 161 42 146 
153 87 46 14 126 164 111 143 143 115 123 93 22 27 149 123 85 120 81 98 32 24 
63 193 32 39 82 137 52 18 49 38 50 73 85 152 89 72 96 99 70 83 84 150 
75 61 165 141 85 120 26 39 66 99 133 156 122 154 75 79 72 80 88 65 65 121 
41 37 184 134 98 36 157 89 184 73 136 84 131 21 41 120 161 117 45 134 49 187 
91 56 156 73 114 50 57 83 79 22 54 34 80 71 115 107 124 131 93 99 150 115 
