38 138 164 120 106 69 20 80 122 107 155 19 111 56 176 168 76 146 108 133 84 99 83 48 151 125 85 68 63 18 68 119 151 30 112 124 109 99 125 80 109 120 56 120 96 26 58 125 94 62 26 133 141 128 162 
106 152 66 114 96 59 91 118 187 94 96 81 112 81 74 59 91 15 71 68 131 77 104 147 139 54 67 154 132 145 64 93 52 88 186 50 85 116 160 34 180 62 120 127 100 114 84 113 71 67 116 83 63 143 60 
26 76 43 107 153 67 7 84 98 100 126 145 42 121 89 135 85 72 31 112 16 47 37 95 130 79 74 131 113 79 115 143 48 108 27 52 96 123 75 139 49 152 18 132 55 136 171 97 99 129 63 101 128 164 113 
144 18 170 31 113 70 82 55 168 21 100 61 93 65 131 25 51 84 111 104 58 159 111 187 98 166 115 103 140 146 100 136 137 143 91 16 84 83 29 54 121 111 115 82 143 48 167 73 115 98 76 101 53 133 73 
195 164 29 92 79 2 64 59 39 156 127 93 96 85 85 119 141 166 145 111 112 137 49 156 167 94 143 144 117 170 68 96 91 89 98 115 107 86 91 90 87 150 156 118 115 79 21 99 73 133 110 44 57 132 73 
69 88 130 134 5 40 83 63 100 4 42 140 142 187 106 138 187 80 146 71 110 106 54 147 63 50 26 151 70 109 106 41 26 156 27 43 55 147 90 127 154 97 65 177 123 98 104 128 90 152 36 77 105 86 117 
122 52 102 22 174 36 41 60 82 93 117 72 106 75 95 108 176 69 66 66 93 107 9 141 96 90 70 90 135 140 56 96 121 156 91 71 40 93 116 119 131 182 61 116 110 152 128 79 38 111 146 33 137 37 175 
99 183 123 39 148 66 46 102 144 126 107 18 89 78 180 174 23 136 47 108 183 107 63 172 65 53 87 98 120 108 160 128 186 138 69 95 119 153 154 91 133 28 88 117 169 67 140 44 142 52 100 111 171 110 90 
140 50 164 49 126 154 70 110 189 127 125 160 111 85 132 85 80 58 129 26 52 176 153 109 40 61 45 91 58 150 187 104 26 141 24 103 165 33 46 127 62 70 114 171 90 104 107 67 106 139 137 99 29 41 34 
123 160 92 93 120 175 159 66 176 116 64 103 94 82 132 118 141 39 190 184 124 176 102 135 117 92 111 72 28 83 76 75 12 82 167 76 134 116 113 38 74 171 70 71 122 83 92 126 83 93 76 123 90 40 77 
133 151 44 36 63 83 85 58 93 7 75 138 91 125 75 95 152 66 38 131 13 127 105 28 170 78 81 146 131 85 95 99 80 83 157 99 150 79 38 139 171 131 187 82 38 135 180 162 112 111 156 39 124 98 121 
129 109 53 146 32 115 75 183 111 12 23 103 102 77 79 86 41 147 104 53 97 31 50 88 142 85 168 140 111 103 71 36 49 63 126 11 98 193 67 79 128 129 180 145 173 104 93 100 58 120 149 93 101 94 105 
96 135 100 92 92 84 163 133 94 24 113 113 93 120 89 123 100 135 82 155 125 157 96 77 88 59 46 77 108 34 53 79 134 114 140 137 102 16 124 110 67 54 92 30 84 102 41 144 88 190 89 49 175 127 130 
136 94 81 47 3 87 63 154 103 63 123 51 151 38 92 119 81 68 12 102 88 165 66 95 80 27 124 124 162 105 176 88 118 95 34 97 37 104 71 143 149 85 75 137 79 158 9 84 170 40 150 95 93 99 162 
104 133 134 138 119 86 116 114 68 124 101 101 134 86 112 64 80 138 130 163 161 66 99 98 72 46 163 80 90 153 135 54 132 146 53 106 70 115 89 182 172 95 59 137 150 50 52 72 136 141 65 41 147 51 88 
101 140 129 146 94 61 167 106 134 153 110 73 73 130 135 190 132 113 22 50 166 103 131 52 145 86 70 194 146 76 173 133 89 155 81 141 156 144 31 129 112 149 64 112 56 109 133 170 148 115 46 88 85 107 126 
120 156 120 89 48 176 90 61 26 50 95 115 127 96 132 147 108 122 11 96 120 47 78 89 166 27 109 48 121 66 136 128 148 97 134 108 101 110 92 49 46 99 45 88 121 22 78 102 126 119 44 35 86 105 171 
186 94 97 35 63 133 152 121 26 116 87 32 82 156 92 39 63 155 171 105 107 175 113 95 87 53 80 58 163 133 62 73 94 61 101 147 67 142 53 57 12 87 64 133 114 152 44 155 130 97 118 77 123 171 116 
56 189 148 105 71 103 114 125 38 89 55 6 102 88 98 158 96 168 108 86 59 152 161 157 116 66 105 121 177 134 28 53 93 87 146 115 114 32 123 70 74 141 48 101 71 95 90 120 147 175 109 138 47 93 91 
90 62 93 92 79 129 86 104 118 96 64 173 51 126 168 81 146 149 115 99 97 32 109 140 70 82 110 107 120 37 83 85 81 90 124 59 114 66 72 83 176 116 96 136 80 155 178 49 72 89 75 147 26 75 97 
98 111 131 150 100 59 88 109 120 135 59 72 89 70 31 32 89 61 161 56 25 87 58 74 121 42 185 81 18 143 96 171 59 115 83 66 76 105 157 111 105 31 85 145 150 111 78 52 78 85 100 115 21 81 104 
119 124 120 179 90 127 124 102 89 44 125 88 128 102 125 117 70 84 119 144 47 94 24 66 65 143 129 64 140 84 92 168 120 18 41 79 157 61 67 110 59 112 57 153 101 132 109 50 119 140 20 69 84 58 123 
67 152 6 144 140 94 58 73 36 29 105 116 49 31 4 94 144 35 156 103 44 46 100 73 46 136 83 30 60 52 66 133 63 37 132 154 75 139 73 97 105 51 12 122 116 61 120 145 40 119 103 122 91 24 133 
50 107 144 64 114 168 49 120 110 42 98 109 157 74 134 44 60 77 133 106 111 61 92 53 85 44 157 13 44 79 91 136 98 139 115 165 109 105 67 111 127 104 154 171 119 105 30 68 80 169 67 85 108 28 63 
140 99 110 140 85 76 153 100 98 95 62 67 100 126 148 95 12 82 157 71 77 82 193 83 131 98 100 98 84 108 123 14 92 95 98 113 46 92 119 101 95 142 105 168 124 44 126 123 86 96 118 65 128 58 120 
138 97 175 107 114 72 78 103 82 115 102 83 163 164 142 140 142 86 161 105 126 121 119 133 131 72 4 115 97 53 131 33 41 119 192 29 150 153 159 93 95 91 73 46 23 133 145 141 64 117 95 108 103 111 75 
119 101 99 73 187 176 120 154 35 138 134 156 121 88 162 58 171 85 90 80 180 78 90 90 103 110 115 114 70 103 48 110 94 110 78 85 76 157 129 158 91 163 61 94 39 58 69 163 80 76 67 17 84 154 102 
145 72 118 91 104 159 81 124 193 28 133 107 47 140 40 114 38 118 53 4 156 58 137 85 125 117 92 60 104 67 127 172 40 47 120 144 176 147 34 57 60 152 40 65 86 42 177 145 172 101 44 55 11 55 147 
146 74 41 152 93 77 153 119 134 88 92 49 54 57 17 112 110 132 53 101 118 53 58 60 125 198 79 62 87 54 20 158 130 106 74 73 72 99 64 99 59 165 125 33 89 109 170 105 170 87 79 180 114 120 173 
35 193 131 156 137 157 200 52 86 143 93 90 67 87 152 146 84 156 121 127 96 98 101 101 156 66 85 37 36 87 77 75 90 121 59 87 190 105 83 56 97 29 77 127 146 118 138 140 137 161 81 36 162 114 133 
26 149 159 154 96 131 156 145 69 162 115 42 94 40 162 163 51 101 70 73 81 115 121 87 106 67 48 139 54 148 56 23 67 119 142 92 80 120 123 56 67 133 117 111 155 108 35 119 165 53 173 66 8 180 41 
46 110 131 128 61 138 69 29 115 54 48 45 73 74 53 75 73 90 134 103 66 108 106 124 155 131 59 87 115 126 139 111 185 128 32 141 88 103 140 122 69 129 64 134 140 124 83 84 75 169 41 182 84 48 146 
105 93 95 72 93 48 104 194 41 95 43 21 165 127 127 168 102 173 141 141 105 110 134 53 103 66 141 80 97 110 136 133 43 182 112 87 105 171 81 135 29 91 54 95 112 61 148 60 130 132 149 99 90 70 68 
107 75 71 57 120 129 61 83 74 89 86 147 151 75 153 46 55 58 110 60 98 25 46 161 121 43 73 122 110 58 79 48 86 22 35 176 180 91 131 67 72 72 98 172 155 85 142 55 145 95 7 179 22 89 108 
19 48 71 151 37 186 110 70 158 25 54 129 64 20 129 77 123 123 113 127 170 137 55 53 18 86 90 63 128 105 116 143 39 140 118 135 185 90 80 146 138 59 64 41 102 159 125 136 43 23 111 108 133 184 138 
78 109 62 78 80 41 29 54 122 94 90 82 121 159 132 140 180 190 117 29 86 72 149 95 113 83 165 154 95 62 127 119 78 56 154 80 79 61 130 88 85 116 88 140 23 66 166 91 122 72 128 112 97 74 97 
90 186 55 36 110 168 70 46 121 85 151 134 98 108 140 185 135 147 98 124 52 82 21 96 177 89 109 115 159 28 111 55 95 102 29 125 136 22 75 69 100 104 41 77 122 31 133 116 47 93 92 79 69 56 154 
71 67 73 75 99 97 161 99 123 129 85 40 113 70 81 109 167 147 113 138 152 125 40 114 99 9 81 110 138 122 129 91 89 69 137 113 99 46 92 60 146 147 128 76 79 138 86 7 58 85 58 108 23 62 144 
59 152 45 37 122 75 124 103 82 93 128 114 17 131 103 145 131 115 135 95 90 100 144 104 123 114 75 164 181 59 77 176 159 142 110 67 58 69 177 104 79 71 118 112 47 103 51 163 152 70 14 123 90 152 83 
18 109 45 111 118 141 116 95 89 109 180 91 142 108 89 165 78 41 164 47 108 119 127 160 111 76 100 45 122 45 102 131 141 136 11 117 87 137 51 127 163 116 127 112 104 118 105 157 98 145 51 66 154 109 107 
80 76 65 135 117 71 185 119 48 98 77 23 160 108 73 19 65 92 98 191 135 172 101 83 106 153 66 67 50 69 153 145 51 69 90 57 54 124 94 66 82 45 123 132 134 86 117 71 92 99 181 122 148 33 121 
84 49 155 100 89 114 50 144 41 92 19 133 93 18 105 124 106 161 156 64 40 170 105 89 55 169 25 97 123 80 50 105 69 110 140 45 141 106 63 139 92 109 82 180 116 105 110 179 94 98 125 109 97 133 115 
77 115 41 34 94 142 93 54 39 94 93 65 111 94 110 43 150 90 92 130 32 46 139 107 125 187 95 69 168 96 123 139 22 92 46 113 125 171 83 149 72 111 92 109 114 167 40 103 149 23 116 58 98 154 86 
137 88 35 132 132 66 79 76 172 128 124 97 68 151 51 80 111 4 71 180 73 85 125 151 122 70 82 38 89 97 49 41 10 51 88 76 71 37 34 58 83 56 46 96 129 146 73 149 87 104 122 114 78 60 80 
126 154 104 147 103 61 54 99 140 12 60 90 82 72 122 98 74 111 128 93 129 47 92 169 86 98 94 105 142 69 86 93 85 23 102 99 38 139 107 106 45 100 119 184 83 39 72 154 160 65 125 91 62 96 183 
122 26 135 56 62 91 114 120 67 83 128 76 17 155 103 101 28 159 96 190 109 101 101 150 128 87 31 187 167 53 72 13 159 40 61 33 132 71 199 127 56 9 37 94 75 48 162 93 68 115 105 93 100 141 105 
22 101 61 164 112 143 39 191 99 55 127 114 127 148 85 33 81 160 87 92 86 144 102 42 45 174 84 96 113 91 90 22 72 91 24 87 61 139 44 89 157 136 123 98 101 141 108 50 67 24 174 4 39 89 77 
94 135 140 68 111 87 112 123 47 188 73 151 103 152 69 72 132 117 68 99 93 73 38 9 105 79 44 160 59 105 79 125 90 144 110 107 68 120 88 98 93 66 160 48 80 60 51 118 98 116 68 62 50 124 68 
139 69 19 159 73 114 87 174 80 124 63 174 72 52 170 144 158 96 117 15 162 162 127 93 55 95 102 98 49 195 94 150 130 44 103 54 74 95 54 132 160 109 99 66 171 122 53 99 28 116 156 155 169 162 44 
101 146 149 134 69 36 117 80 102 101 148 47 67 57 103 133 109 65 86 60 72 42 109 50 71 121 132 109 130 80 65 71 79 33 105 74 36 132 87 42 41 158 121 87 76 53 111 106 58 85 111 170 122 165 115 
101 75 132 46 113 149 144 132 122 131 46 37 102 106 178 42 98 80 85 127 162 9 25 62 19 128 90 65 156 92 146 116 100 121 139 184 114 160 141 92 70 150 101 136 101 127 48 93 124 128 157 51 121 142 70 
73 79 165 35 54 59 106 131 157 104 116 107 89 65 62 86 145 152 133 92 114 66 94 60 122 155 91 128 99 124 96 122 131 47 112 163 101 130 134 99 156 130 66 85 132 131 102 130 66 57 172 103 109 101 55 
56 183 87 72 39 101 140 38 147 96 149 7 94 153 126 95 62 102 152 72 108 100 85 70 55 101 40 154 100 78 117 100 118 100 76 71 119 108 147 186 148 99 163 91 139 77 113 152 68 59 106 133 89 106 110 
105 83 66 115 165 135 100 141 67 159 176 137 86 174 91 30 99 57 43 32 94 89 66 72 118 99 61 84 42 32 83 97 93 62 153 150 86 40 77 100 38 27 74 143 109 96 44 90 87 149 105 59 47 125 30 
189 149 171 114 144 96 124 86 150 65 185 120 178 98 140 132 140 50 108 141 25 132 168 187 31 108 124 30 2 180 106 105 56 153 33 93 93 180 34 94 76 103 168 101 87 73 134 109 108 77 118 88 78 41 49 
