93 97 84 97 25 50 48 165 189 103 177 73 84 166 81 183 150 173 138 44 139 156 102 120 95 40 102 109 93 158 143 174 38 137 124 96 150 96 111 147 88 81 69 109 59 58 91 130 60 142 125 146 92 133 52 50 105 63 105 169 14 121 68 75 39 149 80 148 92 94 152 82 
101 105 125 59 180 33 104 93 107 63 62 51 56 115 70 70 132 39 134 67 44 165 112 68 92 81 75 141 62 76 93 164 146 156 107 34 170 90 72 122 109 17 35 68 144 37 116 163 71 131 73 87 57 141 118 149 43 51 161 101 76 83 135 168 99 76 110 84 155 137 129 157 
142 54 159 146 68 53 131 103 76 64 29 46 132 122 109 101 95 38 114 97 49 80 157 65 86 75 160 100 69 102 85 126 133 87 75 70 153 31 31 56 147 30 141 109 49 89 85 99 102 91 142 139 103 142 118 19 188 131 106 114 145 29 132 51 163 93 156 73 114 56 116 182 
41 90 72 175 97 46 124 112 71 20 181 77 61 60 151 183 34 181 128 98 116 177 133 147 167 120 98 125 81 127 57 122 71 64 17 86 162 108 183 96 62 102 91 100 49 144 70 92 117 133 135 66 127 117 37 112 30 176 132 33 180 59 109 117 96 43 100 130 33 5 94 98 
90 182 66 140 98 115 67 86 71 59 60 70 117 141 67 40 95 137 111 154 142 185 101 95 33 83 66 125 110 89 73 157 121 167 126 67 39 112 113 84 92 98 170 106 134 155 124 119 53 146 118 73 102 49 142 175 54 103 97 140 86 120 110 102 74 32 116 96 110 92 53 103 
123 52 52 107 127 78 88 117 152 109 165 28 98 117 120 64 179 91 198 78 166 75 71 153 23 119 113 178 148 21 116 146 64 91 32 50 148 148 117 103 90 100 92 90 69 63 98 166 81 96 100 86 48 154 108 18 197 130 119 105 95 90 103 109 67 150 56 50 52 16 47 132 
121 57 67 175 161 185 122 68 92 37 69 149 43 162 143 101 68 39 67 113 98 97 99 78 138 127 100 165 98 152 194 47 49 85 86 132 119 89 9 155 193 99 94 94 163 127 79 92 74 85 118 75 104 60 61 130 133 89 168 90 48 37 148 90 137 53 71 161 93 100 64 95 
117 128 94 91 117 190 99 175 101 65 58 110 66 11 132 132 65 69 92 65 67 72 79 86 93 96 77 94 37 59 60 53 154 139 115 146 123 106 162 118 84 53 105 170 37 101 124 142 97 63 135 69 122 71 139 151 84 117 183 111 108 124 55 82 42 112 31 8 101 49 105 88 
118 78 102 52 178 89 35 108 48 133 83 119 185 64 51 96 26 80 96 127 62 165 81 126 79 92 48 68 73 110 145 39 46 44 21 96 44 59 36 69 89 108 157 77 129 97 122 121 96 18 154 99 166 69 152 119 111 92 95 156 65 88 75 115 168 13 65 78 106 105 79 55 
142 184 97 142 132 132 35 113 113 132 21 25 81 39 55 85 137 88 131 39 5 106 168 50 132 116 61 117 125 138 93 87 85 117 182 156 176 46 151 54 158 182 91 45 78 95 162 42 9 122 143 135 128 197 71 73 145 50 167 171 75 81 84 76 47 135 108 100 142 31 108 16 
159 98 184 139 30 70 116 94 139 102 47 90 167 111 117 97 62 79 166 139 130 81 139 123 114 127 107 97 118 99 125 61 102 75 47 125 111 15 143 39 81 102 87 101 159 116 110 131 96 126 172 163 63 94 19 120 119 50 35 110 93 170 96 40 23 73 61 63 99 94 45 66 
52 162 134 97 148 94 134 72 110 88 125 124 157 91 69 151 153 28 81 41 61 86 196 97 13 120 29 56 75 90 104 152 118 85 88 55 74 41 154 108 120 123 97 41 91 165 106 88 58 147 157 137 17 100 74 165 16 105 85 47 124 98 76 63 195 145 176 90 91 72 107 20 
96 155 83 80 157 17 29 97 132 60 104 181 62 186 63 68 129 188 90 117 131 30 99 164 55 175 55 55 45 116 14 176 161 174 109 41 36 170 114 31 120 89 93 98 96 128 71 122 98 189 133 88 192 118 90 100 128 76 110 48 194 114 74 136 92 136 131 170 128 158 115 138 
126 14 122 54 26 130 82 32 130 97 134 125 94 100 140 114 88 19 51 2 90 130 59 152 117 61 127 149 124 132 62 150 105 90 118 58 161 109 61 95 76 68 35 31 37 140 120 139 68 36 122 98 96 137 24 63 120 38 111 102 123 60 69 96 64 129 134 156 111 99 153 95 
150 122 116 156 124 109 81 93 156 125 87 51 176 128 101 104 136 21 117 97 127 125 123 94 67 114 155 35 92 47 73 113 111 42 73 79 53 101 150 92 83 50 145 121 93 108 98 97 153 126 115 36 141 25 90 50 25 93 88 126 122 122 124 116 74 81 39 28 33 120 132 37 
45 142 122 106 120 101 103 54 112 135 96 171 70 74 14 65 9 78 75 96 121 100 182 61 110 56 72 73 73 88 111 23 187 96 68 145 129 146 82 82 109 101 84 83 130 102 120 126 37 46 83 155 113 181 99 99 139 148 60 119 86 41 49 136 103 72 167 118 95 94 79 71 
93 36 30 105 131 153 108 113 85 146 105 53 128 72 11 68 134 105 116 14 85 137 87 147 43 101 24 46 96 17 116 111 165 124 12 103 91 88 157 97 179 181 66 84 93 103 29 102 125 141 82 48 92 139 142 125 115 70 81 93 116 100 195 73 76 110 138 86 131 85 122 139 
97 130 118 178 44 118 143 119 90 135 131 151 127 33 110 125 70 40 103 56 38 142 90 129 137 105 142 104 73 135 41 191 175 134 36 105 118 173 117 31 67 31 60 89 116 122 65 94 123 135 79 83 154 59 60 132 107 87 85 149 46 145 28 92 97 97 133 81 153 42 99 144 
141 143 98 177 86 117 62 171 133 144 135 155 150 85 141 30 100 101 61 149 78 140 74 79 104 95 143 59 92 117 11 45 152 41 99 63 68 151 29 182 16 19 120 94 23 168 43 164 83 154 89 76 102 157 148 175 89 62 128 32 82 103 58 123 93 72 147 142 99 70 76 146 
44 85 110 67 73 168 159 60 75 120 116 45 53 151 96 92 97 105 182 37 173 118 16 49 111 142 52 145 114 139 90 73 138 127 114 78 99 64 55 39 50 40 116 106 173 93 148 137 25 90 23 48 114 102 45 90 5 122 56 144 154 133 36 63 72 96 62 73 104 53 82 113 
135 121 96 53 100 69 104 104 28 153 102 81 63 105 181 101 131 152 125 154 62 147 157 110 76 110 121 140 94 145 162 79 106 134 85 122 83 80 150 79 10 94 94 94 80 96 138 27 90 136 157 28 87 190 174 90 131 151 78 103 82 63 100 31 100 113 145 84 68 144 43 38 
129 78 103 81 124 58 7 7 143 42 72 64 178 87 85 78 72 168 154 133 80 151 76 151 98 164 61 56 108 91 125 152 96 38 162 84 162 92 61 66 102 110 125 96 86 179 70 136 87 76 93 134 105 165 50 111 40 52 52 96 157 71 109 175 175 71 31 80 59 110 148 124 
133 137 97 99 171 121 83 116 16 55 71 159 175 75 61 74 121 116 62 99 173 48 90 156 84 39 101 87 88 144 93 88 154 91 94 91 88 84 160 164 155 151 92 96 113 72 23 95 81 151 63 101 116 103 43 135 94 172 187 67 124 138 103 59 35 104 155 130 104 57 111 113 
49 74 86 74 45 61 31 118 121 22 156 81 50 27 120 40 129 161 134 19 41 155 59 125 103 74 143 112 83 44 124 88 100 101 111 66 102 58 158 79 92 63 67 159 44 136 46 95 66 68 117 84 126 73 123 68 33 166 49 78 193 62 71 106 161 75 56 183 113 100 52 104 
97 68 57 90 68 154 132 109 33 118 135 146 155 84 135 159 59 106 98 107 2 45 97 72 138 104 138 175 114 38 142 6 196 100 108 77 95 121 161 82 117 100 18 23 119 96 112 59 163 92 35 118 94 145 25 184 92 62 95 35 44 138 34 98 95 186 33 59 100 99 96 110 
50 73 26 183 106 33 47 21 82 183 41 72 141 125 161 128 135 88 104 99 144 80 14 73 62 119 177 17 164 57 80 72 126 59 42 125 110 36 118 88 107 104 119 71 125 167 81 83 32 86 63 138 57 165 145 123 112 58 104 174 171 88 135 44 82 44 82 97 128 161 74 94 
80 49 102 57 130 66 147 118 105 129 100 69 134 102 65 123 114 28 114 90 103 93 52 89 119 84 86 80 157 75 145 164 99 74 153 112 145 38 95 93 124 150 170 145 23 22 95 44 93 19 33 170 53 94 114 62 83 95 126 104 100 69 140 109 113 102 162 158 58 110 140 158 
114 53 159 162 79 70 133 48 124 189 115 54 112 127 71 110 77 63 97 30 64 43 144 140 124 20 143 59 67 123 73 153 156 106 77 158 58 107 50 84 136 54 141 131 74 43 57 65 155 39 28 70 55 116 121 149 88 86 145 20 167 139 69 108 78 140 65 108 21 105 104 95 
11 104 19 121 40 108 182 58 126 139 73 67 88 121 114 125 117 117 142 88 154 132 177 148 68 155 94 132 32 158 124 112 87 92 90 92 110 107 134 104 49 142 115 112 74 106 145 144 68 98 134 45 137 91 121 83 63 116 158 85 55 173 120 58 50 137 19 48 188 137 180 111 
42 97 165 132 134 35 111 76 160 82 54 20 118 126 110 119 53 50 184 170 63 172 181 147 43 121 101 39 81 112 63 78 173 118 59 96 87 92 87 78 59 84 60 179 109 54 25 45 83 157 121 123 125 91 70 81 61 93 158 149 103 60 109 94 159 80 67 115 58 171 132 100 
89 88 36 129 122 117 133 51 150 94 154 126 18 87 32 157 152 171 140 107 167 130 117 139 74 30 84 139 76 82 75 80 122 141 100 118 172 64 67 110 104 91 90 99 123 128 91 158 15 32 126 81 89 180 65 82 48 178 131 57 169 155 130 154 87 156 91 135 77 167 151 187 
48 139 68 104 19 99 44 161 109 25 123 80 89 85 114 86 160 198 162 4 172 31 84 35 165 112 83 9 161 106 78 137 141 94 152 142 93 101 73 133 137 63 167 53 92 142 94 102 41 129 53 153 119 69 107 143 90 155 74 113 146 85 124 109 90 185 136 57 31 50 132 30 
60 121 118 93 124 154 123 173 80 79 116 112 53 144 142 73 47 94 92 153 61 17 140 141 60 96 142 132 28 78 156 100 94 144 70 129 114 46 91 28 116 22 83 138 116 144 112 125 80 108 90 83 141 137 158 59 65 85 118 90 76 32 56 184 105 38 142 133 96 57 67 96 
140 94 120 125 55 75 122 77 180 135 153 94 115 86 85 84 75 72 44 96 73 78 126 106 112 182 80 116 105 42 100 87 98 98 118 108 117 59 151 107 92 84 92 119 124 130 110 125 114 42 25 156 121 90 31 89 87 112 162 132 78 72 115 109 91 105 98 61 55 31 154 77 
119 27 147 131 107 148 98 81 55 49 96 114 121 167 124 144 58 135 87 73 163 30 117 155 69 148 6 102 26 145 69 146 112 106 85 143 108 129 91 144 126 110 18 158 82 116 124 68 105 23 93 76 100 120 87 110 36 127 121 88 189 67 112 158 76 20 102 109 73 87 110 93 
112 106 83 114 115 62 138 55 57 115 136 114 37 57 86 154 53 109 147 114 101 82 73 48 70 143 124 128 156 43 54 104 43 87 109 50 132 50 45 90 104 109 104 101 131 176 52 152 131 124 114 119 30 88 124 47 109 108 100 131 105 142 103 35 112 67 41 75 49 135 107 140 
81 76 14 94 132 124 103 62 131 172 87 81 46 99 112 71 54 16 113 95 178 136 111 43 56 128 56 138 86 89 59 172 82 151 112 90 99 63 32 135 73 113 151 121 118 149 65 130 128 137 70 38 34 98 112 69 71 12 56 126 65 100 120 37 50 130 169 127 92 77 114 106 
129 75 125 98 119 79 87 122 98 99 107 118 37 118 117 50 104 135 71 71 114 72 82 184 85 80 185 81 78 58 97 107 121 54 154 111 128 53 162 36 90 102 89 132 52 94 117 110 55 68 163 146 161 125 116 44 137 133 88 71 121 118 11 59 125 111 110 103 125 151 49 55 
83 110 109 18 48 49 80 63 77 158 116 158 136 94 74 146 111 83 36 56 93 82 166 72 174 67 96 55 93 60 91 50 108 51 89 59 96 116 152 118 78 111 47 61 176 130 84 4 164 94 115 137 65 94 43 48 48 116 140 90 120 93 103 81 46 120 76 71 70 144 57 170 
118 101 100 48 118 97 51 127 3 93 137 52 118 110 109 181 86 114 100 171 94 174 79 102 138 77 48 116 152 98 100 107 107 67 146 52 104 80 164 113 98 72 142 83 27 105 104 150 176 83 62 98 110 39 95 54 71 50 10 95 117 162 58 108 114 117 84 48 78 175 78 47 
62 194 101 52 79 67 147 131 60 110 141 121 63 148 103 174 91 129 97 50 54 29 92 143 56 117 144 49 91 94 141 112 67 76 111 121 56 101 137 87 136 48 77 121 52 67 30 82 92 72 68 65 51 115 139 66 107 105 80 111 89 68 168 176 134 115 98 92 50 127 151 175 
49 119 141 23 180 189 87 96 124 101 114 162 97 45 112 33 92 84 178 29 129 142 56 98 140 63 114 111 152 79 140 36 105 104 130 97 50 108 59 20 192 105 153 103 84 65 107 184 88 121 148 40 166 72 184 131 113 144 143 159 56 111 138 112 158 55 72 46 176 150 110 153 
48 140 130 94 113 132 93 46 129 148 132 20 61 37 101 114 139 41 92 60 163 89 54 126 12 89 121 120 165 143 82 78 105 123 119 81 79 22 120 45 98 64 97 89 77 128 140 183 149 112 102 84 73 96 81 94 136 86 160 104 132 140 97 75 123 39 123 148 89 128 116 93 
134 135 143 102 81 151 110 156 134 172 38 32 91 130 80 128 139 93 98 128 96 101 52 111 118 43 71 121 148 51 86 193 25 88 90 61 43 128 99 150 35 104 96 54 124 106 98 22 88 123 177 62 79 111 124 145 57 149 124 170 64 16 115 35 120 121 95 105 135 99 74 66 
149 59 95 35 185 152 159 68 106 156 59 115 104 163 68 24 163 139 65 97 52 161 63 110 113 94 138 11 132 117 78 102 121 52 88 104 84 114 162 45 167 32 44 37 98 69 119 92 7 162 111 55 25 36 72 90 155 135 127 104 12 51 133 40 54 63 53 130 42 52 86 125 
97 167 154 122 94 57 185 78 123 130 103 131 106 113 159 39 48 136 100 43 161 86 139 160 101 140 97 119 79 144 90 167 76 130 139 97 123 71 55 102 187 124 113 154 111 74 119 117 51 53 123 131 59 124 74 23 173 94 156 125 117 80 109 121 138 165 78 139 121 68 100 76 
33 88 141 94 69 119 29 67 74 113 189 109 100 79 95 90 125 103 89 34 83 171 155 134 168 77 181 158 130 21 164 104 52 31 112 62 107 65 140 130 78 104 17 62 70 85 36 108 174 108 93 80 106 135 119 135 105 141 82 107 92 123 68 77 182 134 82 110 55 142 84 131 
79 80 163 114 167 87 112 114 86 121 83 134 121 117 174 47 144 92 45 83 153 75 15 81 113 32 136 129 50 97 67 91 148 63 99 28 86 153 9 38 81 14 108 108 61 67 165 88 129 134 162 119 62 101 88 88 96 37 83 51 128 92 79 120 105 139 134 111 129 56 101 101 
134 130 43 53 67 158 120 160 59 137 54 90 72 36 142 165 129 19 164 151 130 106 82 116 26 57 100 107 101 93 32 10 168 72 93 65 81 73 141 59 188 134 68 115 38 34 113 165 166 121 46 141 97 131 123 71 42 140 62 104 108 75 128 171 62 113 89 77 147 117 111 71 
117 26 182 147 120 63 117 136 109 142 127 75 80 178 19 166 132 166 109 128 161 26 92 170 152 88 90 64 115 4 89 74 106 181 98 85 78 106 144 114 121 154 27 49 127 70 73 72 131 86 160 147 71 89 107 191 20 102 85 141 136 68 118 32 168 127 50 168 76 159 65 128 
112 93 103 98 91 49 60 155 127 114 60 68 156 120 29 106 106 122 91 165 164 58 110 106 64 163 99 173 83 140 131 94 149 159 131 100 28 72 137 164 62 130 86 43 34 192 100 81 104 82 152 130 157 137 60 144 15 51 135 119 71 78 167 121 149 119 122 69 100 108 137 44 
28 79 141 58 132 90 33 168 55 81 138 175 76 84 145 82 91 122 71 169 114 122 76 110 183 105 111 166 166 147 72 131 75 74 153 146 171 122 23 110 58 186 152 77 86 96 110 155 115 166 157 118 89 28 44 149 75 116 62 86 92 89 133 150 101 89 84 177 182 105 42 46 
66 126 123 156 53 81 88 180 63 44 61 112 75 180 133 119 105 13 173 69 149 56 86 114 60 171 121 161 95 76 39 100 83 96 105 68 149 68 86 67 167 84 89 132 157 164 179 91 103 30 57 95 106 182 80 132 59 122 78 151 48 84 144 88 64 61 86 118 43 99 88 20 
108 73 169 96 21 92 99 128 52 159 168 183 40 113 138 100 159 120 100 139 78 95 62 119 22 149 77 141 118 30 58 132 124 70 57 73 58 89 92 81 91 57 82 193 130 118 62 106 71 102 57 160 25 93 78 88 120 150 122 19 150 136 138 82 104 97 40 62 60 93 128 95 
108 56 104 128 54 77 134 26 162 75 152 86 37 174 54 85 74 124 88 77 121 104 148 47 91 39 132 10 124 160 61 1 47 145 68 128 100 88 111 32 48 8 109 32 159 151 134 189 155 96 72 74 17 141 83 91 79 54 75 101 47 60 21 125 106 80 136 77 153 162 131 183 
107 140 85 156 142 52 133 67 85 158 101 113 130 65 122 67 120 58 139 59 33 81 116 82 133 86 95 98 103 127 109 128 161 170 167 47 39 23 150 84 40 162 26 37 48 113 119 121 113 136 121 53 89 24 130 76 131 50 65 54 146 127 38 107 87 64 63 150 110 26 58 87 
50 131 134 32 171 137 105 190 13 139 48 88 19 109 129 106 157 129 92 50 178 121 89 152 121 59 117 136 112 31 14 121 99 153 29 122 93 102 90 99 131 81 177 112 141 167 54 55 117 38 49 132 98 84 11 86 43 153 96 124 111 35 148 114 119 79 54 173 118 92 165 66 
25 46 87 110 64 48 28 104 75 167 38 82 9 108 135 120 95 107 198 72 171 142 67 90 101 128 72 188 151 106 92 99 112 181 90 115 109 117 149 120 47 165 90 30 121 97 162 58 63 54 144 81 61 75 162 165 86 85 79 116 98 157 120 97 158 96 126 93 96 54 192 161 
101 47 63 142 38 174 178 95 198 89 90 88 57 71 97 39 70 97 96 144 71 74 69 48 184 72 59 55 49 156 111 74 57 100 145 124 76 74 143 12 91 73 117 74 31 86 16 111 99 81 76 98 83 105 42 32 164 153 89 153 96 132 41 104 91 67 47 126 49 154 100 88 
95 134 134 61 166 88 42 61 76 17 95 49 153 107 118 122 124 146 34 75 68 112 94 178 30 65 116 35 77 80 165 86 114 61 178 110 140 163 176 70 54 51 162 5 101 58 154 177 45 129 47 156 98 37 57 117 55 71 19 183 81 136 34 65 103 16 114 20 140 110 92 101 
142 97 109 116 149 50 83 146 60 42 111 64 123 66 99 34 101 131 159 136 86 124 84 169 73 121 34 38 155 46 151 112 98 132 101 172 124 193 121 74 57 92 129 118 80 74 166 134 155 55 159 106 121 56 64 36 187 65 64 45 174 104 86 51 137 96 29 104 156 107 159 94 
173 51 138 166 117 152 78 106 53 120 177 148 115 168 109 96 160 104 51 165 93 31 109 57 127 102 114 82 178 31 66 29 101 55 103 105 176 101 40 134 195 65 95 48 104 102 123 66 60 56 73 163 10 90 112 58 86 121 101 121 125 123 91 195 87 111 115 69 108 44 132 94 
122 101 126 43 126 124 96 57 113 112 137 144 127 160 163 74 89 96 66 72 137 151 160 93 131 185 93 134 166 119 110 150 137 98 108 105 120 109 192 170 91 120 176 53 145 33 8 15 160 132 113 128 156 99 75 20 83 112 88 116 102 77 111 57 90 96 110 147 131 52 53 192 
23 98 50 77 71 23 176 83 79 99 75 125 127 71 121 63 48 92 75 70 77 85 151 164 90 98 127 123 105 62 103 106 94 129 55 43 119 54 65 68 180 135 110 136 98 83 156 99 87 93 57 97 54 130 119 104 93 175 184 129 93 66 39 84 33 63 106 120 97 167 161 52 
146 42 107 78 121 68 118 94 8 45 69 31 96 107 87 107 113 61 131 100 147 102 140 91 33 114 151 115 126 118 20 109 117 90 183 105 152 175 127 106 77 146 171 154 172 32 104 89 115 160 50 114 124 127 61 77 133 60 62 176 22 182 84 102 84 11 79 113 46 168 75 83 
111 158 151 83 152 136 98 162 115 35 151 85 83 112 136 87 25 50 145 94 110 144 165 83 93 106 72 42 66 124 135 66 82 108 126 179 9 64 71 121 88 20 66 73 86 146 177 55 162 92 130 98 14 110 158 100 41 139 160 69 176 141 160 183 112 93 41 40 124 79 108 58 
157 115 63 175 100 130 72 107 137 65 76 60 65 99 135 86 80 141 172 112 143 127 75 155 78 70 71 111 75 57 69 55 98 80 136 128 93 82 93 159 108 111 171 91 93 45 147 167 115 108 63 28 135 113 92 92 112 67 116 71 146 93 94 82 146 45 102 114 136 141 82 114 
182 137 130 41 135 102 121 60 101 102 122 120 29 136 94 98 96 173 105 144 123 92 100 100 80 107 10 153 105 51 168 72 15 117 95 107 127 132 63 172 49 51 59 26 100 157 144 63 65 144 96 91 97 80 83 162 141 124 42 103 78 82 48 21 125 91 140 118 112 119 161 100 
127 48 116 28 25 149 82 71 111 103 176 116 60 97 116 109 117 22 99 69 136 112 107 139 73 164 63 50 134 61 175 33 145 154 163 149 92 99 133 95 75 38 57 65 8 98 151 79 52 95 116 89 63 39 104 92 82 106 93 118 141 70 145 152 77 89 97 148 185 113 90 100 
153 102 81 122 143 154 118 93 144 98 53 49 148 77 72 43 123 154 86 177 82 176 90 123 146 148 42 129 89 11 30 140 93 115 120 111 165 151 124 68 139 156 103 171 79 52 29 39 120 108 126 121 115 122 110 107 126 83 154 137 102 130 109 59 98 60 69 100 76 92 157 7 
42 156 79 116 152 109 68 124 154 138 125 86 93 168 178 158 148 116 114 53 115 119 57 97 22 89 59 95 91 94 178 109 110 52 132 193 62 105 60 127 153 75 124 52 178 91 146 113 94 36 132 106 28 148 86 77 75 116 141 42 117 92 134 58 150 64 131 41 111 116 154 70 
105 120 90 136 131 81 148 107 99 195 44 158 145 96 183 118 17 124 97 132 71 134 141 134 24 79 80 52 101 133 77 66 46 135 121 95 21 147 92 162 53 109 120 13 167 165 114 26 164 59 141 91 172 84 100 103 48 147 112 48 38 62 35 119 68 151 41 128 117 110 66 92 
