31 164 87 126 128 76 106 174 96 47 85 62 57 84 75 103 87 30 183 39 107 43 127 145 28 142 119 139 84 152 71 126 111 51 179 41 27 55 90 111 169 16 114 173 122 111 58 120 129 63 67 76 94 88 52 71 163 108 69 35 109 110 149 172 10 118 31 130 135 129 109 37 108 102 126 123 114 140 151 159 84 
149 153 96 110 33 110 94 63 95 87 117 144 89 86 111 142 133 129 39 25 94 177 58 61 58 23 51 59 114 98 78 59 51 83 53 49 95 102 150 123 100 88 75 86 100 65 82 108 52 79 28 20 83 79 38 69 125 132 109 129 116 119 92 60 18 27 112 161 124 1 128 134 104 108 114 80 87 42 78 114 121 
110 68 188 65 80 99 175 128 96 153 139 155 102 179 90 85 177 46 133 102 55 84 186 175 104 149 14 134 143 55 58 59 71 137 144 139 109 123 111 73 187 51 153 79 111 69 44 168 39 36 105 150 79 130 161 64 156 100 131 52 163 28 140 179 37 118 48 40 69 51 114 58 93 82 83 174 78 60 119 66 50 
77 64 17 163 136 42 106 64 100 111 92 73 70 152 72 102 112 114 41 135 86 14 56 129 31 90 150 112 104 108 69 66 171 142 94 167 133 111 120 52 91 190 36 116 114 83 120 80 123 93 44 55 88 37 31 25 95 177 161 187 114 99 45 61 124 118 103 26 112 39 111 168 124 142 103 105 51 123 83 112 169 
90 89 48 75 111 28 42 80 95 90 53 62 179 151 38 160 118 97 43 123 104 166 73 157 94 146 124 137 156 109 56 172 156 149 104 130 52 79 156 98 145 58 133 81 128 124 115 108 15 67 99 173 72 160 62 162 120 148 30 79 62 28 95 168 84 131 87 188 82 98 65 75 70 120 119 59 130 189 136 6 130 
40 36 132 111 148 142 114 138 32 55 50 121 59 133 99 120 77 130 147 113 85 93 46 65 160 76 49 158 153 165 104 128 73 80 25 82 73 47 106 12 155 99 80 107 99 93 21 153 165 40 168 59 22 82 153 68 103 142 58 87 109 88 58 125 60 121 43 148 60 31 133 161 102 33 57 90 33 126 95 121 102 
97 62 27 80 99 145 67 106 124 160 88 31 115 38 79 129 124 30 165 119 173 101 138 99 103 131 144 131 98 92 108 137 149 111 124 109 131 88 94 57 105 77 127 86 75 118 100 143 124 93 85 45 166 129 52 107 125 110 129 145 103 93 144 147 119 148 151 47 187 50 130 86 135 102 68 114 122 83 140 95 30 
95 62 119 33 141 59 116 88 160 110 13 53 91 107 45 100 167 108 115 96 114 100 51 141 79 73 46 27 130 102 121 123 62 142 101 119 173 157 52 154 109 147 57 83 84 22 82 161 122 91 119 114 67 80 45 117 117 99 98 89 64 133 83 154 78 68 142 183 66 93 181 153 44 95 186 50 182 62 140 136 28 
92 47 115 111 90 99 31 79 102 67 23 97 128 83 44 87 86 72 112 80 161 94 88 110 108 186 133 101 42 134 136 159 102 76 94 52 97 73 127 93 132 136 73 55 129 155 92 90 130 108 116 174 104 124 140 113 136 34 132 72 131 117 142 144 109 63 72 111 117 67 114 42 37 74 96 170 24 63 165 151 137 
151 122 121 109 133 51 115 24 91 69 133 137 174 108 76 93 51 88 111 109 11 75 73 64 130 78 81 151 116 100 88 140 86 82 104 110 123 144 141 19 100 190 129 21 123 161 108 138 170 105 92 83 74 168 186 55 41 123 43 90 148 111 85 64 83 70 114 89 24 110 74 161 88 59 117 92 22 94 150 119 129 
107 100 93 52 118 145 49 29 158 16 72 130 179 183 139 96 82 150 75 109 114 158 85 171 66 162 98 59 78 69 111 24 101 87 43 84 126 71 183 97 134 70 72 69 59 76 86 164 132 125 43 74 89 93 127 142 121 37 40 55 55 98 87 38 112 122 79 137 163 149 86 136 119 86 113 107 79 129 125 108 61 
156 116 59 143 40 18 184 55 133 167 70 37 123 112 34 93 178 99 116 71 15 90 117 108 151 65 116 138 158 72 37 130 73 164 135 55 122 88 62 123 35 68 96 8 194 153 63 114 136 146 57 169 75 124 100 116 62 146 107 104 39 141 42 121 115 99 104 76 117 59 128 97 153 88 157 124 115 171 57 69 90 
107 34 39 83 108 126 77 132 118 22 122 112 141 99 38 27 88 110 131 64 54 115 79 95 110 115 116 156 124 34 175 145 120 54 144 62 63 123 153 71 94 141 105 172 79 169 108 69 140 22 111 164 93 143 87 85 171 64 81 41 168 100 65 109 67 159 112 91 109 101 121 112 28 73 140 73 61 93 79 107 110 
53 85 72 192 115 60 154 49 35 93 58 55 138 104 106 80 120 146 104 55 156 84 88 26 68 83 135 85 3 123 115 103 43 91 109 60 117 164 142 176 92 94 150 136 119 67 165 34 51 120 101 117 66 169 145 41 105 65 127 152 115 129 178 68 71 40 49 110 122 82 98 122 32 103 121 155 101 163 125 155 96 
82 138 100 99 117 35 69 99 90 85 52 21 112 91 105 46 13 130 146 87 122 83 111 87 105 35 155 22 113 136 112 132 150 131 8 101 99 126 156 101 28 4 182 108 8 58 157 116 65 147 72 51 113 65 111 26 161 14 77 108 63 156 123 74 112 155 148 105 105 89 93 95 27 136 126 140 75 93 11 59 123 
54 88 143 104 124 138 149 101 145 58 67 186 155 53 67 31 144 111 129 44 107 119 99 105 92 70 68 93 117 112 92 82 68 93 169 70 43 52 91 131 164 30 93 168 107 112 95 143 92 96 73 52 71 118 65 150 143 97 129 62 164 40 62 114 160 77 123 102 123 165 22 124 174 127 61 123 101 60 174 50 54 
96 126 83 85 125 83 121 121 86 140 106 72 28 155 61 65 133 84 120 68 130 149 26 35 172 136 85 132 102 51 132 144 98 54 115 58 119 72 155 116 113 106 69 95 155 85 135 74 47 114 58 94 152 109 60 68 91 162 111 106 88 116 37 131 90 118 45 113 23 88 155 76 150 117 120 92 145 5 122 141 106 
62 80 126 78 73 114 153 106 69 178 138 119 84 89 149 54 51 96 176 115 123 97 112 65 44 147 133 71 105 78 75 89 158 166 98 108 53 151 128 133 73 187 50 139 112 77 186 69 81 110 86 112 101 131 193 127 147 60 95 153 102 135 148 74 16 119 54 82 88 105 88 89 74 56 78 142 86 69 95 113 114 
153 95 183 80 76 143 99 62 93 68 55 153 91 88 37 140 65 148 93 155 84 94 84 57 134 63 67 129 103 84 58 143 109 58 137 157 127 152 140 19 99 150 92 146 20 88 152 111 153 141 76 164 66 161 129 87 82 60 100 97 85 23 75 144 88 142 38 154 147 64 106 130 55 146 123 106 169 94 83 100 150 
105 118 61 101 66 127 118 90 129 175 82 96 142 30 77 20 125 94 138 170 88 54 84 61 72 156 91 50 115 99 160 149 121 146 24 111 144 81 86 167 140 71 9 90 126 91 191 159 91 57 104 107 88 135 65 135 157 142 94 56 118 61 128 62 80 38 70 89 89 90 113 142 175 15 140 90 124 116 111 176 138 
132 83 138 188 92 134 119 133 82 42 145 131 130 125 126 84 23 144 102 57 52 105 69 122 83 65 94 141 61 156 168 68 163 142 112 71 74 139 179 146 25 97 149 138 60 58 95 138 69 130 87 60 59 151 125 82 93 117 68 44 84 120 153 96 46 77 54 81 121 113 98 149 64 54 73 87 107 120 50 164 95 
144 156 73 100 126 104 163 116 156 156 159 135 90 71 45 125 25 162 21 71 72 185 105 141 43 93 82 118 83 91 89 66 137 86 126 61 88 24 82 62 80 65 69 164 132 83 148 86 55 100 155 60 117 69 88 41 131 57 188 143 109 139 150 95 96 135 112 27 80 130 67 95 123 81 120 113 96 73 148 65 68 
108 100 18 32 103 79 102 13 84 26 22 141 141 93 40 40 126 81 81 131 180 55 123 149 162 114 28 19 46 94 46 102 98 40 78 90 58 69 105 24 66 84 101 105 61 76 108 125 155 146 96 51 58 92 101 57 131 114 45 123 29 150 58 128 53 114 61 142 132 59 77 135 169 102 112 117 88 166 51 138 93 
175 48 37 174 133 131 85 90 41 103 111 173 84 76 53 128 123 194 127 139 161 96 143 21 180 93 173 132 134 169 104 79 95 108 70 51 42 60 101 11 80 134 72 44 176 24 117 48 123 194 68 118 90 82 86 38 183 174 51 126 167 108 179 128 99 44 116 144 95 88 109 136 68 65 81 141 115 70 94 14 35 
177 72 32 80 105 35 95 127 82 124 121 56 61 54 123 32 21 121 18 73 55 147 81 8 126 95 174 101 34 94 97 36 56 31 63 166 80 97 43 96 43 135 94 108 171 159 121 103 102 122 74 172 49 86 30 61 139 56 80 141 78 161 137 62 145 122 115 196 72 10 105 28 80 122 144 132 121 150 150 77 143 
136 123 92 110 34 147 143 123 93 121 49 114 170 48 111 147 102 115 26 89 149 75 122 111 103 88 51 148 125 110 83 101 164 104 145 118 133 58 132 98 114 73 55 96 36 118 138 67 119 110 126 89 120 122 35 152 81 68 97 132 112 73 103 28 94 74 51 103 56 68 169 176 116 142 94 132 106 105 56 107 100 
71 67 74 67 82 188 114 146 48 110 99 177 84 186 75 97 117 44 145 115 50 147 169 179 149 112 171 59 138 44 165 58 90 37 97 169 169 52 108 66 113 139 27 117 58 131 186 130 34 60 166 155 153 127 83 66 140 61 112 10 120 32 133 194 80 132 153 33 160 169 140 101 169 145 137 62 84 104 103 132 152 
49 136 152 91 122 126 126 85 108 99 113 22 116 104 86 79 52 86 109 112 132 112 89 143 94 94 84 120 130 68 126 114 72 175 120 159 109 97 193 72 125 125 147 93 148 66 104 143 112 88 76 151 94 125 157 89 168 15 180 98 88 118 22 92 95 144 107 113 121 96 83 114 95 128 32 149 38 105 97 50 33 
198 47 75 174 75 113 179 50 65 88 22 122 186 115 176 94 56 94 92 53 117 98 143 110 94 123 78 60 103 100 105 152 96 174 54 142 159 52 105 40 50 176 167 32 101 77 176 159 70 99 100 160 152 124 113 70 156 104 42 144 138 33 27 104 120 36 129 132 63 52 84 144 127 49 78 80 92 76 128 81 91 
69 113 153 92 133 105 88 91 100 176 79 84 102 168 42 146 157 113 139 78 76 55 75 97 149 177 84 84 54 87 70 70 93 83 103 121 76 115 85 26 164 81 116 118 92 86 129 98 82 92 111 88 71 179 162 111 44 153 23 96 44 133 139 108 87 30 43 124 97 166 87 138 87 36 61 107 79 76 30 49 102 
124 61 173 167 137 136 167 146 170 139 147 60 64 112 47 107 47 66 78 16 99 36 41 95 91 88 119 17 149 127 19 35 137 60 109 181 131 40 105 94 60 126 51 102 103 123 83 139 100 18 62 144 79 181 6 46 165 120 115 51 33 107 176 40 132 39 75 112 87 131 118 66 133 42 122 153 92 13 155 106 125 
113 148 70 94 76 146 136 49 145 157 104 87 66 128 104 82 85 143 146 155 68 142 72 65 107 168 79 98 37 47 65 30 117 106 173 151 91 120 88 111 109 99 188 85 115 138 152 132 48 79 50 102 124 60 56 107 93 92 138 107 57 95 108 98 60 105 112 79 102 136 67 82 120 99 96 127 66 10 39 99 137 
150 79 120 80 106 99 182 138 99 162 28 143 77 60 80 28 108 134 134 95 149 71 177 40 106 110 131 149 103 62 71 117 119 71 122 128 156 115 81 135 86 173 94 174 122 79 101 71 75 169 87 65 160 130 169 97 68 90 141 94 112 46 109 117 145 46 144 65 134 152 73 140 152 77 58 39 101 62 158 95 167 
29 135 116 115 108 113 73 129 85 119 49 85 154 145 22 82 113 141 103 112 89 95 65 87 65 92 141 138 137 117 62 135 16 95 63 12 5 32 111 132 28 52 169 120 181 182 79 188 59 93 58 108 149 54 85 84 111 197 187 98 66 119 103 132 112 108 130 92 57 22 114 11 35 149 112 53 156 96 93 108 63 
101 161 88 78 35 131 26 174 187 92 98 46 77 99 108 82 135 147 144 131 51 144 107 7 137 56 77 43 138 126 92 81 86 148 62 165 91 94 102 94 103 86 96 10 175 95 106 78 158 57 102 28 158 22 48 129 68 80 123 144 23 104 83 60 93 165 93 28 45 26 86 103 110 107 103 125 66 95 68 140 84 
114 50 90 153 130 166 70 117 177 74 90 46 110 122 127 89 68 84 124 95 140 60 110 91 98 73 89 80 161 35 83 140 77 116 85 120 107 83 86 76 145 158 50 69 85 45 94 61 127 89 139 111 100 97 112 52 116 109 139 117 115 43 117 176 115 178 120 113 154 125 114 64 97 151 126 30 33 90 57 19 111 
5 97 133 140 67 90 22 25 159 143 45 140 24 26 58 110 57 135 59 128 110 77 121 51 175 153 134 114 185 101 97 107 83 157 73 47 140 109 50 100 17 105 111 176 108 88 86 50 124 106 59 48 155 81 106 138 98 103 58 149 158 88 146 8 114 108 117 69 78 15 107 24 130 163 27 123 122 58 69 134 96 
140 182 93 72 120 102 91 140 80 57 118 134 172 42 119 137 79 122 114 46 48 86 90 82 90 83 41 87 81 47 169 36 81 167 98 174 67 114 63 58 127 153 59 137 83 84 151 140 130 113 148 100 20 105 101 115 92 136 150 126 81 77 70 156 108 33 161 63 85 167 109 67 114 139 173 85 144 91 125 159 55 
93 96 98 139 99 68 108 110 15 26 156 171 39 67 111 32 165 137 49 17 110 95 20 151 82 15 93 54 103 72 71 85 135 46 90 87 129 111 93 19 126 110 89 43 137 94 108 102 119 39 29 94 115 97 125 80 21 107 74 105 185 34 108 82 79 41 26 37 74 162 146 133 142 97 138 184 92 98 96 96 127 
47 102 127 71 101 127 180 68 123 36 166 119 61 142 146 44 87 153 147 140 58 92 91 108 43 110 49 51 132 75 132 91 191 63 115 94 99 127 161 103 99 89 94 115 112 196 109 17 146 113 52 48 154 100 174 144 168 111 94 185 60 88 56 84 63 101 139 120 97 68 67 81 132 133 31 100 54 136 137 160 40 
147 80 47 102 90 93 140 41 141 47 78 55 129 157 150 120 107 66 104 107 40 81 28 76 67 101 24 68 180 31 100 155 90 140 106 73 125 99 56 103 99 129 46 102 34 49 108 171 65 149 28 153 83 117 142 145 91 114 163 39 87 129 42 128 76 122 115 146 15 172 128 144 181 140 20 92 91 87 149 188 57 
121 93 64 81 124 92 115 97 163 6 166 171 100 63 165 139 106 85 103 122 127 60 118 77 65 58 125 31 59 29 101 163 102 122 86 65 84 19 116 76 25 75 52 82 46 109 21 100 154 52 144 147 115 30 139 179 178 135 12 135 85 87 101 158 95 160 66 114 116 39 144 116 169 105 115 127 109 97 123 88 111 
71 72 145 122 89 78 71 129 50 76 128 122 124 139 113 193 73 65 53 173 35 147 100 33 155 79 53 61 121 42 123 108 121 103 113 67 158 68 137 60 125 145 81 59 119 21 100 61 152 54 56 138 67 140 111 55 108 80 159 109 142 123 123 159 100 61 98 103 128 100 156 95 102 157 118 123 119 119 186 164 106 
110 140 34 62 91 126 150 168 59 87 96 94 162 102 64 31 80 91 119 65 21 104 40 146 160 103 71 44 157 29 38 170 121 72 17 120 30 119 13 61 71 26 98 85 115 72 109 57 102 33 136 108 145 56 90 143 114 152 97 89 123 96 112 94 85 65 77 116 48 64 34 133 179 116 125 93 100 43 160 146 181 
111 111 62 140 81 119 102 186 122 130 116 64 142 95 160 110 180 35 94 194 131 81 55 152 39 123 68 93 120 68 182 175 56 137 111 132 46 89 154 150 124 131 62 187 118 83 62 111 119 52 172 74 183 105 118 71 127 70 132 129 103 173 74 57 150 37 107 111 17 46 150 93 9 97 35 54 78 154 123 116 141 
20 135 57 82 146 134 131 56 81 78 104 95 93 156 9 16 72 73 123 54 19 62 111 82 59 117 93 68 69 82 55 43 65 45 69 89 125 139 28 52 104 73 171 88 136 78 120 136 36 106 177 115 123 91 109 90 82 55 85 134 81 106 180 75 150 36 98 60 147 88 73 87 121 55 144 180 91 17 87 123 59 
175 34 155 56 51 100 25 66 76 75 116 17 79 37 129 171 112 88 47 104 63 84 78 49 134 95 157 133 70 21 47 102 118 25 123 100 184 107 132 146 75 166 52 98 109 95 147 155 46 43 103 72 62 91 92 40 90 159 105 120 154 140 124 64 151 132 70 125 48 63 99 88 120 18 79 21 24 124 116 170 90 
132 72 109 109 128 140 79 77 24 112 197 110 68 114 76 52 99 40 80 132 112 60 98 150 54 129 75 78 107 172 114 160 72 100 60 47 43 80 87 19 145 155 87 100 45 125 104 82 130 77 103 137 103 100 112 74 155 27 26 145 134 96 19 150 51 125 53 43 93 119 118 15 130 112 106 108 117 111 148 166 87 
120 12 89 98 46 100 179 161 105 130 116 106 116 156 20 111 86 101 85 145 111 60 135 49 158 48 141 138 77 44 2 194 103 115 41 167 75 70 115 69 81 125 111 135 109 123 111 154 118 99 184 69 52 137 16 133 63 96 127 172 71 162 66 29 59 99 62 89 111 61 113 143 77 134 68 37 95 58 126 139 51 
131 69 155 93 106 74 68 96 113 115 95 88 103 97 36 120 138 45 53 123 150 69 97 108 165 49 145 146 134 45 187 113 160 97 93 24 159 91 103 22 47 77 89 170 6 111 115 110 90 106 60 129 144 157 110 87 107 135 94 75 154 121 79 132 38 142 87 88 123 127 46 103 136 106 48 107 146 96 126 54 97 
79 115 191 86 115 119 126 138 131 132 148 57 174 156 126 100 102 50 170 157 106 165 95 94 19 74 136 126 110 86 72 87 23 136 119 55 59 19 131 118 63 117 72 119 100 113 115 64 95 104 104 57 131 184 56 126 153 79 140 89 84 75 182 69 120 149 73 62 77 170 106 92 182 115 106 45 65 112 116 32 63 
80 72 154 73 187 139 117 166 184 147 111 121 131 96 39 70 90 156 56 25 83 51 88 154 102 152 83 110 169 141 95 172 117 101 109 78 122 90 140 139 118 138 101 93 50 127 79 99 105 18 16 134 134 166 18 73 62 61 105 142 59 98 121 102 65 65 22 60 91 160 149 76 121 133 103 50 90 80 51 52 147 
161 161 105 56 143 85 53 91 130 126 146 121 95 69 164 87 88 126 107 59 86 84 103 145 105 97 107 65 64 104 97 183 23 135 112 145 74 66 131 91 103 89 74 48 135 78 82 47 137 86 78 49 113 171 164 145 70 94 56 53 78 171 23 81 104 125 100 152 148 28 61 178 71 76 52 98 116 75 112 127 25 
105 5 144 74 117 129 90 95 143 160 88 121 170 144 130 138 49 187 87 150 126 126 172 74 101 81 83 36 170 124 111 119 117 94 183 106 15 87 58 191 24 48 62 88 100 89 17 110 162 60 125 162 91 127 104 94 114 128 79 91 154 112 97 124 94 115 68 36 146 154 35 11 56 132 30 71 151 117 149 54 148 
85 93 62 144 84 119 64 96 33 117 69 106 93 92 96 139 118 62 96 67 59 119 168 189 84 105 59 90 104 132 150 130 92 186 129 89 46 65 61 66 114 90 58 90 104 112 140 91 123 183 105 128 163 112 109 104 56 57 38 74 149 87 22 165 85 148 31 115 180 103 114 76 154 150 42 53 106 80 104 124 118 
109 87 56 141 131 32 125 171 21 93 41 173 45 147 141 143 92 41 94 72 103 91 114 109 108 105 125 81 131 85 145 69 80 60 69 94 99 88 103 119 87 101 117 118 44 141 84 114 84 125 83 135 42 114 99 110 137 21 123 133 110 128 196 7 95 140 64 143 151 64 25 67 104 140 106 49 135 71 155 117 153 
145 126 100 110 48 86 158 62 69 45 85 169 18 152 143 110 135 128 132 129 102 18 50 182 82 103 55 71 153 144 146 86 163 44 123 104 106 65 125 78 119 180 189 170 100 24 151 141 157 126 126 84 190 34 181 90 99 184 41 123 46 81 64 129 134 154 180 30 148 60 156 131 38 92 110 84 51 161 83 165 109 
111 113 80 157 168 135 56 158 110 140 65 159 129 110 87 112 43 68 107 80 131 66 129 96 35 143 95 5 136 61 18 95 121 103 86 86 41 169 172 122 25 102 85 43 81 88 128 49 96 109 57 57 67 47 139 51 50 97 92 141 168 79 94 115 76 125 84 104 117 105 79 153 163 102 77 2 72 81 173 93 74 
144 120 78 99 158 89 65 157 110 74 81 103 104 149 63 82 133 64 84 89 141 86 7 134 136 146 86 65 40 107 88 24 37 135 92 86 28 64 93 162 138 152 98 123 172 93 133 28 101 123 148 185 43 162 143 37 121 105 85 162 88 74 75 82 74 58 90 24 167 113 90 155 59 143 109 147 194 102 116 92 128 
71 162 67 53 127 107 57 98 80 43 94 121 77 93 59 62 53 117 146 146 138 105 111 175 76 81 124 48 108 96 130 130 125 141 134 84 170 51 60 27 101 49 31 106 77 177 60 133 93 57 11 14 102 84 93 8 89 126 41 91 102 59 184 48 114 45 119 15 132 120 100 94 111 140 76 83 96 57 68 136 58 
148 123 94 133 71 41 102 27 100 118 149 34 84 83 46 173 85 85 108 18 55 108 101 61 97 67 63 14 66 155 143 41 69 113 75 110 108 85 124 49 113 109 116 118 50 139 107 149 116 34 86 92 97 109 77 114 148 74 27 73 27 72 51 43 52 151 19 179 132 138 161 118 15 102 62 121 132 46 137 97 137 
102 50 74 80 106 71 137 70 104 134 71 62 60 78 72 68 34 165 139 177 95 124 110 108 122 129 71 97 88 164 81 99 157 71 46 138 89 54 112 88 97 109 167 94 142 162 48 43 105 117 153 73 39 43 110 137 25 128 60 116 129 138 77 97 103 93 51 99 130 119 127 69 128 48 80 136 121 62 2 146 130 
55 141 50 36 75 110 95 105 145 35 53 116 130 167 75 77 29 86 93 190 79 183 132 106 24 187 103 94 63 71 90 116 31 82 33 136 92 13 123 186 34 102 70 84 135 144 122 53 170 113 140 106 73 182 141 73 181 23 105 134 169 101 141 102 68 118 44 72 95 134 107 130 129 129 26 154 66 111 71 37 171 
151 62 110 58 45 104 109 130 89 48 100 106 152 106 62 160 147 102 64 100 91 83 131 124 142 77 124 63 78 111 70 164 77 76 110 114 99 81 127 57 38 37 39 122 85 145 107 72 124 19 116 51 118 30 118 94 124 175 83 85 68 168 29 151 131 96 103 144 79 74 69 124 187 73 180 88 82 57 75 146 69 
113 114 110 156 77 157 82 123 168 103 112 111 119 122 106 107 133 68 71 29 37 123 57 106 52 136 95 25 97 147 90 161 191 30 161 153 98 145 105 143 102 36 146 147 90 93 77 65 95 70 41 106 167 97 160 134 71 104 57 109 161 132 87 133 158 123 113 68 116 114 150 146 121 27 114 123 49 122 82 119 86 
157 23 173 107 147 106 162 121 66 111 37 192 76 90 82 117 132 92 172 96 31 77 55 65 97 62 100 118 122 110 44 110 61 107 101 151 152 141 43 88 90 113 23 181 60 127 162 69 80 151 142 158 98 117 54 171 157 57 44 57 38 22 77 61 101 104 76 137 133 80 89 59 25 145 90 167 100 94 188 114 80 
162 164 159 51 73 83 72 98 92 136 181 55 156 109 139 77 146 191 151 144 116 71 117 110 104 69 135 42 162 33 142 23 118 35 112 160 121 44 98 198 78 57 43 88 113 95 133 178 89 41 125 68 107 121 139 60 119 102 114 72 71 32 143 91 36 64 171 27 108 99 179 118 150 107 155 189 174 49 32 71 112 
145 138 32 87 128 100 182 130 140 86 106 37 77 107 143 55 65 37 93 52 165 35 106 61 90 63 37 84 142 24 112 11 117 16 90 164 41 176 61 6 142 76 96 43 119 118 127 135 162 64 132 45 122 191 192 194 122 69 159 170 104 93 40 110 90 134 30 109 171 134 75 36 177 53 130 150 69 56 75 56 89 
147 50 50 110 61 90 44 25 118 104 121 128 115 181 48 103 110 180 74 185 141 179 133 126 40 26 81 98 100 101 124 92 127 88 101 125 64 101 37 136 102 161 103 165 68 38 94 102 111 96 80 109 60 11 126 75 101 144 42 138 125 109 163 122 97 126 104 25 109 108 113 93 62 153 155 122 26 109 132 47 52 
174 119 33 154 102 70 22 49 169 105 74 103 79 120 42 93 70 138 28 107 78 39 52 83 34 83 68 161 65 171 105 92 39 155 104 74 59 144 77 146 24 114 160 103 184 66 125 98 68 153 110 61 64 103 174 98 100 170 35 36 72 141 50 140 58 22 124 182 179 43 153 95 174 85 99 89 71 92 50 145 99 
172 104 74 4 12 28 89 73 167 9 119 174 94 172 149 124 133 161 122 139 90 75 153 105 107 162 127 85 111 8 9 76 86 108 148 120 100 97 182 114 98 37 68 98 106 62 121 68 63 137 144 103 126 82 116 147 40 176 72 145 158 101 119 47 164 74 74 115 18 171 49 117 162 25 43 162 69 127 103 157 167 
139 92 119 114 115 136 62 119 123 83 156 88 137 42 97 142 116 150 179 142 146 113 111 123 141 99 62 105 81 91 88 66 108 109 120 40 130 106 44 144 154 12 110 82 32 99 140 30 107 61 88 66 133 142 58 24 107 85 83 51 147 126 100 57 49 134 120 113 189 64 23 93 172 112 82 139 19 154 129 10 80 
99 100 113 49 46 157 77 110 151 90 171 56 98 56 109 121 98 123 60 62 101 67 115 39 126 132 83 134 120 148 36 26 43 57 120 123 93 138 66 93 42 136 44 53 142 62 159 148 137 112 136 35 52 72 128 184 99 102 58 120 55 119 132 98 78 89 50 89 87 169 146 61 101 158 80 89 38 54 17 110 78 
158 111 101 198 173 124 84 73 123 30 37 66 95 95 104 77 107 189 94 84 148 144 75 67 174 105 124 120 106 171 46 48 114 81 156 65 34 67 86 184 105 88 150 106 65 195 115 116 105 39 94 187 112 159 59 76 90 167 127 61 121 171 158 69 19 65 111 32 162 92 90 66 147 140 32 174 154 70 59 68 66 
32 54 143 130 63 93 59 97 136 79 187 40 146 101 60 97 100 86 120 90 107 58 153 130 18 71 115 117 137 126 98 156 118 147 48 105 101 119 149 166 106 171 62 139 93 97 140 52 45 112 98 90 89 111 69 119 180 158 125 46 78 165 72 120 65 57 46 75 85 137 68 156 93 97 108 126 84 123 118 79 87 
23 183 67 91 127 144 63 95 96 143 69 48 79 152 96 170 76 126 114 104 105 44 108 132 67 88 145 162 115 108 51 128 171 136 162 136 147 95 99 64 97 155 148 81 40 96 100 147 110 123 127 117 44 96 152 81 100 111 173 39 68 115 131 93 9 168 148 117 69 143 45 108 85 97 73 70 173 161 134 132 65 
122 155 52 32 140 94 122 119 136 123 105 142 144 60 32 108 134 132 102 153 4 104 64 90 149 78 194 59 97 86 87 66 153 175 116 8 90 135 155 62 166 143 114 49 94 71 117 139 141 158 30 113 92 64 100 51 139 125 90 47 156 128 91 143 91 94 80 68 58 151 106 74 153 111 98 63 65 177 137 88 137 
102 110 130 113 96 96 19 141 112 80 142 81 113 48 34 62 60 91 69 153 108 120 110 95 42 58 122 152 172 106 52 119 178 126 36 74 58 63 157 178 72 148 104 18 82 83 91 136 150 66 126 77 153 65 133 137 91 169 113 41 40 163 134 132 128 129 131 80 191 128 128 117 72 54 58 105 61 143 69 30 76 
99 114 33 120 30 14 70 137 73 94 128 49 161 146 67 35 148 167 29 116 40 112 174 113 132 87 181 159 95 139 110 87 47 69 19 26 129 143 134 100 91 176 93 50 183 110 62 113 80 58 122 147 75 98 109 31 183 31 75 65 131 75 85 165 47 85 133 73 92 104 12 134 112 27 120 77 129 161 1 112 94 
80 46 175 125 182 133 95 82 94 122 161 162 167 116 123 106 115 63 148 177 104 141 125 96 82 189 49 21 136 119 12 133 65 199 80 107 68 103 112 77 33 47 105 122 109 106 114 97 71 100 119 57 152 97 93 76 130 72 72 108 90 89 136 108 106 62 125 159 75 121 118 87 69 76 147 170 107 108 124 72 129 
131 143 138 168 106 98 57 120 145 134 154 79 141 131 108 53 124 157 38 125 135 86 103 83 129 114 79 76 121 70 154 115 137 158 135 79 42 128 117 160 75 105 148 178 144 84 87 121 62 104 31 155 142 127 87 10 24 123 53 140 88 107 33 22 99 87 93 130 25 107 103 19 131 45 101 59 120 119 76 177 159 
