160 175 133 103 145 118 24 104 87 126 87 95 71 75 112 164 100 144 121 123 36 35 50 88 46 141 165 162 52 19 19 25 49 55 85 142 8 92 127 142 121 67 65 127 
76 83 119 151 61 121 140 105 172 123 51 74 95 73 99 99 89 86 121 97 90 137 49 185 191 50 158 47 123 58 143 115 63 73 185 177 123 79 60 74 131 170 142 163 
61 43 71 123 35 112 159 27 121 87 40 73 83 137 107 152 9 60 106 170 143 70 111 117 156 51 117 76 115 57 104 58 147 132 39 91 60 112 176 121 47 102 113 157 
95 73 58 34 66 65 83 98 141 178 87 107 98 97 84 59 40 148 17 119 116 39 99 64 147 78 113 136 137 106 60 84 152 157 184 131 139 91 140 115 97 77 96 131 
51 103 77 75 43 76 48 55 102 101 87 109 95 81 94 84 127 50 120 108 92 167 42 29 43 85 86 35 71 128 112 27 84 86 53 78 170 62 55 32 101 76 86 94 
119 70 141 133 117 115 66 85 75 58 90 173 58 120 71 81 133 168 96 89 131 92 106 126 184 100 87 69 75 155 111 87 148 71 58 99 76 110 118 75 70 66 172 151 
30 101 185 73 173 113 105 60 192 91 177 79 63 162 183 33 156 52 124 64 28 90 150 55 135 69 131 140 66 101 119 114 172 58 155 138 92 56 81 38 128 84 39 103 
106 99 70 50 132 13 25 104 124 108 101 125 90 60 105 146 166 53 159 161 157 50 153 103 112 71 160 75 74 101 114 164 22 140 72 98 68 115 55 85 110 88 95 86 
108 74 77 60 188 92 106 147 29 64 91 102 68 107 68 75 127 98 59 132 37 93 99 105 87 54 96 91 180 67 102 69 116 132 27 56 63 163 168 177 99 118 122 68 
110 91 21 95 45 59 76 81 95 143 151 156 80 163 70 110 141 166 85 161 7 83 75 109 47 88 40 111 137 51 36 42 103 133 27 146 159 101 103 87 153 52 122 84 
104 97 40 30 118 77 95 93 148 104 83 95 102 73 112 63 83 140 69 64 132 113 83 90 161 161 123 131 82 63 94 82 80 145 111 147 153 175 76 162 159 100 152 97 
109 97 59 98 143 80 94 78 91 98 179 47 109 108 55 93 72 96 142 91 97 117 24 153 97 112 60 105 132 105 20 99 66 19 153 136 87 102 125 32 96 126 91 85 
129 41 64 61 130 48 27 106 109 57 67 149 125 16 175 123 127 81 74 189 85 77 51 150 51 161 117 78 73 116 91 127 110 87 51 126 73 95 107 178 134 36 64 139 
120 98 132 63 64 15 137 155 93 185 105 162 38 39 66 69 68 66 138 49 109 98 160 76 139 92 126 107 156 151 82 25 87 42 138 130 136 29 69 93 136 34 155 152 
13 52 110 61 143 152 83 80 46 157 74 108 78 71 120 48 126 129 126 18 143 113 88 79 193 167 78 100 70 99 131 154 12 40 123 115 71 25 169 104 110 72 19 122 
58 142 15 111 58 123 145 131 122 53 71 117 156 100 108 76 172 129 158 150 133 69 126 95 144 18 24 155 151 81 161 117 61 92 131 56 138 16 127 75 72 83 64 109 
111 135 144 124 132 150 145 178 38 137 73 166 68 141 76 122 88 53 104 99 86 191 174 98 109 121 98 70 158 101 134 169 107 97 10 149 56 66 96 130 162 68 67 98 
67 181 136 147 106 79 95 176 147 78 140 103 187 176 130 38 161 186 141 164 165 49 79 161 168 64 7 49 94 16 147 63 78 102 107 124 154 85 22 57 73 183 122 93 
147 44 31 103 75 88 133 17 63 76 155 72 102 105 61 135 99 164 90 139 56 50 85 104 45 18 12 160 109 102 98 143 34 25 156 90 14 143 48 102 152 93 84 99 
111 27 33 35 104 116 121 102 171 148 155 185 64 59 135 97 15 115 140 77 60 41 88 31 106 63 122 47 42 141 57 161 66 52 90 55 101 113 98 136 105 94 92 120 
53 114 98 93 71 80 105 77 98 42 66 161 191 136 172 134 116 93 103 178 151 73 86 151 46 19 126 126 61 66 63 121 28 17 51 69 66 132 150 75 90 109 159 113 
129 130 110 95 116 46 93 75 165 167 70 30 167 29 44 160 155 123 126 146 64 135 86 51 108 186 13 160 142 47 80 31 92 88 140 18 154 28 36 82 122 83 78 59 
150 165 138 127 118 98 128 108 104 53 133 171 21 130 29 69 125 96 185 155 73 37 54 143 106 96 85 129 157 155 39 52 149 72 131 24 99 103 107 74 159 95 62 59 
43 136 122 94 79 116 64 132 176 78 136 63 112 131 131 48 113 89 72 78 88 33 88 151 59 130 91 167 101 106 87 53 131 152 104 82 106 101 157 112 121 89 59 126 
82 44 105 82 154 73 86 161 52 53 113 103 181 46 102 155 71 63 61 92 52 2 82 133 176 70 33 147 45 130 91 129 87 77 83 68 57 174 183 73 92 65 53 89 
53 102 49 68 76 70 178 117 194 94 49 96 122 72 14 90 103 137 187 127 166 97 176 49 118 32 49 145 126 133 95 113 91 119 133 184 187 58 68 73 56 107 93 77 
145 83 54 103 159 123 88 24 122 99 141 74 43 70 71 158 137 145 165 86 118 103 45 134 38 87 110 110 58 102 91 137 112 107 50 46 96 80 138 181 127 108 69 93 
161 88 117 45 73 121 130 122 175 32 68 106 137 146 118 78 31 117 108 83 52 78 143 85 17 79 58 109 116 74 101 57 109 61 51 98 150 108 99 35 120 171 75 36 
46 149 148 134 23 70 103 82 65 156 7 87 35 71 71 173 88 81 109 124 144 148 126 54 46 180 121 148 124 153 27 120 105 141 95 32 101 54 125 50 114 28 65 121 
80 79 84 91 112 134 112 151 37 80 85 9 108 139 186 183 76 96 81 98 109 95 99 36 141 143 113 161 124 115 76 66 98 111 96 35 120 172 66 104 78 69 65 111 
147 17 123 61 81 92 181 70 24 12 34 9 38 87 95 34 92 57 38 94 50 149 96 29 108 56 70 147 68 7 88 58 140 75 102 117 157 116 58 88 84 121 22 121 
106 117 95 151 75 32 95 90 115 51 168 154 142 83 64 148 127 62 71 106 128 99 138 79 39 116 43 56 81 77 122 137 69 37 121 138 1 38 128 34 184 162 78 136 
150 72 25 78 86 79 123 59 121 103 79 85 78 121 153 131 79 66 133 133 70 138 76 180 60 107 58 117 167 194 192 61 127 72 74 116 98 82 34 79 91 131 120 71 
141 36 90 123 106 102 93 86 168 77 151 112 109 94 49 24 186 45 159 67 132 60 173 136 129 174 100 78 78 155 94 80 108 48 157 197 154 126 85 176 132 98 130 24 
68 88 106 152 82 89 24 43 94 141 20 121 57 135 93 123 87 177 74 156 79 118 138 168 82 105 131 184 155 20 86 162 127 100 70 94 111 178 124 133 101 149 60 54 
81 127 84 132 90 121 76 44 64 88 13 106 117 138 92 96 140 45 84 15 138 71 129 49 42 140 77 134 115 146 75 24 114 82 134 75 122 44 155 99 97 177 155 136 
44 151 172 103 108 144 77 37 121 75 6 23 65 82 101 93 155 19 86 124 183 120 191 183 83 33 104 73 117 78 20 134 125 97 112 96 93 174 113 129 60 108 68 119 
80 95 103 116 110 89 58 142 29 29 93 28 43 98 62 124 85 71 62 25 76 58 99 172 48 164 125 44 106 96 124 145 104 140 75 157 135 100 97 78 116 84 78 46 
35 79 107 110 181 109 19 98 87 43 55 126 41 127 142 93 176 94 118 113 72 58 109 23 151 128 46 31 116 135 63 121 56 147 53 95 90 121 128 185 110 194 150 60 
53 50 181 136 46 186 37 139 133 71 78 183 41 71 90 107 120 105 61 91 73 95 62 46 124 17 7 174 163 172 84 183 82 102 148 186 70 180 115 139 151 80 52 145 
58 165 58 108 136 104 179 45 114 50 130 134 102 86 72 106 129 174 5 98 44 25 143 112 158 15 117 136 106 57 90 79 18 163 14 147 82 115 106 130 174 65 99 128 
65 94 26 79 58 122 105 119 167 145 155 135 86 161 54 53 95 61 141 109 103 154 68 33 98 98 28 141 114 122 148 106 64 83 166 39 67 66 106 158 95 158 164 128 
102 110 75 17 130 23 144 106 61 52 168 85 136 94 123 130 163 127 97 47 172 177 72 89 34 85 79 132 92 148 39 18 114 88 174 163 35 155 130 102 107 102 199 120 
65 122 52 98 113 120 109 133 69 74 124 81 108 87 134 164 132 69 144 86 97 144 80 16 58 144 121 73 118 71 94 160 70 177 176 104 120 64 84 148 60 154 88 124 
