125 136 71 76 114 135 118 99 122 40 137 34 115 178 110 81 58 130 91 69 89 159 67 146 91 78 93 68 144 123 88 128 100 128 110 
98 65 159 166 101 139 111 162 120 87 115 103 129 114 170 96 82 89 20 70 115 6 155 110 117 36 72 76 130 32 27 106 110 163 24 
105 134 135 125 81 65 72 61 169 80 117 32 60 156 109 54 12 14 122 39 158 60 26 111 46 153 125 75 91 90 134 108 123 46 94 
41 119 101 46 119 143 148 65 125 120 93 92 117 110 47 62 103 111 102 54 175 16 10 65 137 106 67 44 152 63 90 89 143 3 105 
117 163 122 142 135 68 19 48 123 38 139 109 146 138 55 93 99 75 64 112 125 94 100 17 92 171 132 112 177 132 75 100 30 36 165 
71 91 110 116 118 115 120 31 94 65 54 85 130 69 97 23 63 60 154 132 60 111 52 89 52 94 132 83 159 165 160 85 140 84 15 
70 146 19 137 80 95 107 93 104 56 13 90 93 68 111 47 72 166 65 58 163 155 67 90 84 95 132 125 59 150 45 77 158 124 119 
32 141 100 134 109 24 64 112 184 125 128 105 124 97 147 57 118 130 52 106 177 150 179 82 90 122 100 92 106 60 92 133 26 122 94 
99 182 71 92 76 74 136 136 151 155 94 67 124 136 36 80 102 181 54 116 94 91 67 85 128 133 70 137 12 106 96 57 139 113 175 
124 58 132 98 89 141 137 162 137 134 86 82 69 132 114 85 169 186 134 150 97 137 116 90 88 46 33 96 72 171 26 76 91 39 98 
146 77 54 84 104 110 92 118 26 147 60 113 138 139 105 95 180 126 89 132 129 128 57 42 109 112 99 67 127 72 39 187 70 86 154 
36 138 89 137 48 90 137 131 132 120 80 141 125 30 158 41 79 108 79 99 137 87 49 112 101 86 93 109 80 125 103 87 153 88 126 
143 170 51 59 75 148 43 92 110 44 135 174 132 78 56 118 63 92 138 55 84 18 23 127 135 141 120 107 84 115 88 115 115 143 152 
133 107 163 134 120 65 147 81 154 83 73 113 62 73 60 28 96 70 130 119 90 137 95 125 78 162 127 83 101 97 103 86 74 128 96 
24 55 97 97 122 76 105 27 128 80 90 59 88 135 114 67 161 152 72 145 72 90 119 114 126 72 64 158 113 93 119 94 58 139 127 
132 167 12 88 129 158 84 106 83 105 131 141 85 144 122 28 61 151 114 141 24 76 169 130 85 149 98 151 20 88 157 111 60 84 36 
110 84 68 137 49 94 124 142 160 61 78 62 132 90 107 20 97 27 110 72 136 134 70 97 75 164 176 142 142 62 101 112 32 126 37 
144 81 29 150 20 66 193 179 80 38 149 152 175 141 113 105 114 163 128 111 190 28 132 191 73 41 92 108 103 100 103 50 159 100 98 
150 120 141 99 71 128 143 24 152 138 108 96 53 73 125 160 68 76 30 56 112 79 73 73 152 174 142 93 103 85 137 79 46 85 144 
124 90 106 171 179 133 172 122 111 55 72 69 95 95 52 191 90 33 135 30 102 36 77 73 90 100 69 54 23 24 63 125 130 83 61 
82 42 183 130 88 113 121 84 79 174 105 111 95 109 153 58 42 147 131 72 92 112 54 107 54 157 29 96 115 103 100 89 77 121 45 
67 99 83 65 127 72 103 72 143 121 108 78 18 171 146 58 7 82 99 91 140 71 72 161 119 32 50 105 130 83 89 28 33 128 121 
19 66 98 167 128 135 124 106 127 131 113 115 105 136 109 12 41 57 72 140 81 68 178 104 72 172 165 97 93 75 137 150 19 114 44 
117 63 70 150 146 126 154 102 135 114 97 126 135 49 94 61 97 114 178 135 113 83 149 121 162 65 137 166 112 115 128 129 77 131 129 
125 86 114 99 103 61 88 137 69 174 164 132 176 55 137 73 75 150 27 42 85 76 128 159 45 75 159 116 108 46 40 88 162 113 135 
119 117 123 92 93 159 154 46 101 85 98 93 83 50 112 109 82 25 104 122 178 88 128 118 29 70 94 61 22 55 133 46 117 78 19 
47 102 98 124 68 178 97 79 80 130 101 15 135 145 145 181 152 129 92 180 65 170 137 60 123 104 188 73 110 41 56 121 136 97 78 
57 8 186 52 26 58 132 49 99 125 49 77 112 178 143 136 61 89 81 67 158 115 100 122 84 102 189 55 71 96 108 172 46 56 93 
24 140 44 106 102 124 109 167 96 78 118 48 87 28 81 158 53 71 84 74 109 137 107 100 114 86 132 59 138 104 111 17 125 86 117 
65 50 172 125 13 105 132 54 71 96 55 143 140 20 157 138 90 82 24 115 166 103 152 99 76 16 68 78 124 94 111 113 121 72 48 
120 152 144 92 129 133 96 40 88 15 130 144 44 106 160 165 131 122 28 127 121 79 137 97 76 121 111 128 28 79 126 180 153 91 187 
158 136 50 108 102 139 118 77 131 27 76 145 92 64 52 34 141 73 85 108 172 30 67 89 122 121 144 156 113 187 88 41 92 136 142 
132 83 127 27 90 91 74 155 122 67 138 87 94 99 94 108 127 92 79 66 173 53 103 116 92 119 100 149 51 136 45 17 58 44 91 
73 135 68 130 89 165 71 80 102 118 175 81 58 73 84 66 70 44 49 50 93 148 90 178 120 95 99 143 88 159 72 183 129 108 77 
97 127 127 108 33 23 50 114 91 45 109 93 45 77 120 13 97 71 20 141 112 101 80 163 64 60 88 174 160 117 41 109 39 9 48 
