11
78 50 89 51 57 96 69 34 0 71 99 
78 75 19 14 92 79 59 87 69 29 9 
63 28 88 16 27 54 97 17 15 27 17 
58 50 28 15 61 74 75 8 7 6 10 
80 81 38 61 44 74 49 34 82 82 14 
9 6 6 19 67 22 57 25 36 84 31 
31 66 69 91 32 48 29 77 74 55 73 
41 54 60 88 67 11 47 40 11 5 55 
68 8 93 84 68 93 28 70 74 50 67 
15 23 95 36 12 99 30 5 10 87 55 
70 10 67 1 31 91 54 33 44 90 35 
35 49 7 85 76 18 93 49 12 90 40 
20 81 59 11 62 93 54 32 45 22 18 
69 100 63 69 54 9 75 15 23 88 72 
44 99 15 3 18 0 38 39 36 8 45 
50 46 68 82 57 25 37 58 88 61 25 
70 56 88 36 36 62 78 46 20 70 84 
75 91 18 78 27 29 70 46 97 19 1 
22 90 32 87 77 97 27 40 84 2 24 
5 51 42 0 15 71 31 39 55 26 15 
29 7 71 33 79 66 57 90 2 25 89 
69 3 15 15 41 42 14 0 53 76 57 
