22
87 6 49 7 37 67 20 81 52 42 3 100 16 4 5 10 81 96 11 21 77 98 
50 3 59 81 93 51 66 100 77 72 90 100 74 78 1 36 32 7 79 26 86 92 
4 90 93 49 69 38 42 75 70 34 63 51 97 10 100 2 62 35 51 65 81 64 
96 50 49 100 24 20 44 69 76 3 61 80 46 17 64 7 97 79 87 43 0 22 
58 89 5 47 94 87 86 72 99 21 15 66 83 19 1 82 56 47 44 15 80 88 
9 60 80 21 47 40 50 71 78 31 3 61 29 5 47 22 8 66 86 34 30 47 
92 73 41 8 81 25 3 35 89 86 44 25 42 37 65 43 64 76 82 46 54 62 
31 24 41 73 66 18 97 3 32 90 47 51 88 67 41 58 14 98 47 15 31 61 
82 48 13 46 14 33 66 83 86 15 17 75 27 34 25 3 90 69 8 67 1 62 
58 77 19 90 81 64 49 78 75 19 38 91 53 88 73 30 59 10 34 35 42 57 
92 68 74 100 36 9 40 28 93 23 39 8 53 51 54 22 19 41 97 50 58 37 
37 79 92 68 57 53 93 23 2 98 49 98 20 83 9 43 6 100 38 71 87 82 
39 66 27 87 18 36 41 8 97 0 18 10 6 64 27 81 11 70 41 49 52 10 
94 32 96 27 80 86 42 50 28 73 33 43 43 98 36 59 71 48 17 32 42 48 
35 47 6 18 100 55 46 90 82 59 42 30 85 58 28 65 88 25 63 4 47 83 
87 22 98 67 70 27 91 23 48 35 81 61 2 42 23 49 51 25 55 61 33 57 
77 70 16 93 44 72 56 55 52 73 90 55 60 85 43 2 95 3 74 91 26 65 
94 78 5 9 36 89 20 95 59 99 79 39 2 2 61 79 47 51 74 94 28 16 
13 100 13 34 15 42 50 10 38 29 27 6 30 85 24 37 59 5 26 39 7 77 
41 3 71 52 44 73 0 9 24 53 81 62 26 84 48 46 4 67 67 43 23 58 
35 9 86 58 84 2 67 67 85 36 83 81 92 8 26 52 75 78 45 39 17 89 
47 14 93 62 59 9 45 3 70 13 19 10 35 63 44 58 30 70 41 9 72 97 
21 81 43 71 99 43 3 74 11 60 61 90 61 78 32 63 87 27 26 7 38 1 
32 89 17 7 88 37 15 26 47 92 42 15 12 63 30 39 57 86 84 17 75 77 
69 16 35 29 93 41 22 24 3 87 84 1 18 52 28 63 55 56 46 79 18 73 
24 16 89 90 9 26 90 69 12 42 43 43 79 89 41 90 57 1 88 58 39 93 
92 58 65 39 12 8 100 51 97 28 40 67 47 6 8 76 15 88 21 55 15 61 
64 96 98 26 1 26 19 99 96 81 15 52 28 60 51 31 32 78 8 69 89 4 
39 91 48 41 80 9 68 87 28 13 91 81 8 24 96 39 86 78 95 10 0 28 
71 24 40 10 68 3 66 98 72 69 55 33 68 56 37 32 40 9 29 80 54 55 
3 68 50 31 29 56 21 53 91 43 64 27 58 72 21 49 66 32 60 53 43 13 
51 79 71 22 43 97 75 81 41 0 94 54 47 46 54 83 10 5 63 17 0 71 
89 82 5 14 86 2 94 0 10 99 29 96 0 6 6 24 30 77 39 81 74 98 
36 79 20 96 36 93 28 37 94 54 27 42 27 73 88 54 85 6 20 48 76 19 
76 77 78 69 68 67 27 33 24 24 41 73 44 20 24 66 26 50 75 82 74 98 
91 76 16 44 16 17 94 6 11 90 82 90 24 8 66 87 81 73 3 76 52 28 
3 75 40 2 34 71 100 57 37 29 93 52 99 48 39 33 12 10 2 72 33 65 
34 23 14 14 71 90 56 5 33 94 30 63 100 6 58 76 39 86 34 60 27 4 
43 50 76 1 11 86 59 58 82 87 18 96 7 65 63 52 7 85 15 70 16 81 
59 9 41 5 90 75 91 48 84 16 44 54 20 25 88 44 38 69 7 4 4 8 
50 93 19 5 67 95 2 8 11 9 23 67 55 67 65 35 37 94 44 44 77 73 
34 58 94 89 41 47 26 30 42 46 52 94 96 70 27 33 68 13 21 22 42 63 
6 28 98 76 14 34 90 22 99 37 53 3 39 13 15 68 86 39 0 95 32 98 
44 42 63 11 55 41 12 80 9 9 35 24 45 8 71 49 94 61 52 90 78 18 
