35
97 52 27 67 73 72 43 19 80 12 97 30 55 78 99 5 34 66 42 12 51 83 47 62 53 27 48 60 88 85 10 87 9 89 51 
83 36 64 81 46 48 43 85 71 2 20 43 82 24 96 24 44 71 3 8 51 2 55 46 30 1 17 39 99 11 9 92 80 98 8 
98 57 55 74 32 8 8 37 87 80 78 29 46 67 9 25 7 10 92 38 98 51 18 91 15 73 50 41 27 37 89 57 87 0 89 
38 44 47 40 53 90 96 14 43 24 51 56 84 63 19 54 31 18 96 37 89 1 9 63 59 63 66 7 81 42 35 77 64 0 78 
78 64 65 83 38 59 2 1 65 36 96 63 64 88 1 20 72 68 11 65 76 80 29 11 14 71 60 28 88 77 57 70 18 34 79 
53 47 42 50 53 54 57 26 38 31 51 18 61 48 54 10 57 4 68 85 51 35 39 36 52 27 94 49 80 70 100 47 75 24 4 
63 74 5 46 77 47 7 66 15 39 10 42 17 57 52 34 14 96 57 18 72 89 40 30 84 43 58 68 36 77 45 2 64 67 65 
19 75 100 82 68 14 59 12 99 99 99 14 32 28 87 33 61 65 28 12 97 50 82 20 13 68 44 72 41 3 66 42 15 43 15 
85 90 16 6 24 61 76 68 72 62 65 1 83 39 19 66 67 97 10 98 7 84 12 19 57 65 56 39 11 91 11 18 84 60 98 
52 31 34 21 13 98 70 88 48 85 47 38 9 65 32 4 76 86 96 93 2 41 69 25 86 10 25 9 45 86 0 11 46 29 98 
58 40 51 45 89 69 86 99 25 70 10 99 47 85 35 37 83 53 54 91 40 40 43 17 66 35 37 30 86 24 32 98 60 8 82 
25 84 37 94 26 88 68 42 87 33 77 50 65 7 87 16 14 56 66 74 86 15 38 22 63 28 4 65 51 55 41 30 90 18 61 
84 85 34 32 41 82 31 86 39 8 45 78 35 68 55 63 34 69 91 13 67 7 20 88 68 48 21 14 22 67 62 80 91 49 75 
99 25 68 86 29 22 64 24 58 7 26 45 62 17 28 27 24 33 69 22 56 95 46 87 66 76 27 12 67 18 13 20 12 53 19 
21 4 38 2 25 18 21 9 64 28 84 42 62 45 24 46 69 76 14 75 35 88 97 89 93 27 31 93 84 25 20 10 35 97 36 
61 81 4 51 81 72 58 54 11 35 55 82 33 73 97 9 31 98 31 79 14 52 100 60 23 79 96 65 8 4 71 81 49 75 24 
61 52 57 82 16 56 86 44 86 22 23 50 76 86 58 7 8 11 70 55 96 59 23 93 61 76 81 74 50 46 40 39 5 79 35 
61 19 18 55 7 56 99 85 51 24 79 54 82 57 32 47 98 99 78 32 91 23 71 93 37 36 2 66 70 27 60 47 92 80 58 
88 51 51 42 0 97 79 20 72 80 88 77 14 65 90 75 27 73 3 47 44 75 46 38 90 97 57 44 62 2 76 57 27 85 69 
29 88 67 78 89 51 85 51 89 28 25 54 67 27 30 96 54 19 84 0 44 0 55 17 20 74 54 50 17 21 30 46 32 43 25 
74 37 83 36 87 55 73 82 42 92 55 61 30 35 75 43 34 81 40 40 15 27 4 40 9 61 18 15 58 17 37 16 35 85 7 
33 26 13 55 70 69 5 35 73 78 30 47 15 96 78 2 3 53 47 1 88 25 30 66 74 20 46 17 71 41 23 21 32 86 41 
13 58 10 87 93 80 47 74 46 45 47 39 31 57 15 5 39 57 31 89 16 50 88 78 10 99 87 15 67 46 75 64 8 46 10 
33 53 4 88 97 61 60 67 35 22 66 82 76 19 39 29 18 23 96 52 63 16 95 81 92 43 48 88 52 32 69 74 62 47 76 
87 23 56 72 44 7 23 58 17 77 68 59 80 22 39 68 46 51 13 36 46 54 98 67 12 21 98 93 72 12 3 32 71 75 72 
73 86 69 34 16 78 71 39 76 11 25 21 35 40 86 57 82 20 76 30 90 22 33 49 15 38 44 54 19 6 67 28 40 8 2 
5 82 6 67 15 80 14 70 26 71 45 5 77 76 54 100 94 63 82 94 54 72 71 35 31 91 97 12 16 33 47 60 39 54 37 
19 2 95 46 22 14 59 10 43 81 43 12 38 90 89 42 53 9 25 33 85 72 7 87 16 9 93 48 67 89 90 92 27 34 77 
23 66 44 88 24 29 53 92 75 76 73 28 47 10 37 73 51 13 10 38 59 81 55 44 74 14 61 3 83 34 72 14 32 5 79 
56 13 88 55 13 34 66 50 0 27 6 85 47 14 61 85 61 36 4 76 95 98 68 11 68 9 31 1 31 18 67 82 70 46 40 
22 82 99 31 80 82 1 29 27 10 79 89 36 60 78 79 73 35 9 61 50 13 62 54 37 81 94 95 18 42 26 100 72 53 88 
69 70 5 81 11 68 59 63 76 3 27 86 92 23 39 14 98 36 29 19 82 17 51 34 56 56 95 99 78 91 68 39 40 83 65 
61 32 34 21 48 23 30 64 98 27 82 61 27 54 81 61 48 40 10 62 80 37 62 57 48 81 48 49 0 83 29 9 30 13 81 
60 83 54 61 77 93 63 77 41 82 75 49 11 6 1 9 68 34 43 6 66 96 8 87 100 37 1 75 46 66 24 90 70 78 7 
40 83 88 74 16 1 22 76 54 43 38 82 33 54 65 1 61 67 4 60 26 9 25 71 35 43 32 80 68 79 6 48 16 6 38 
28 84 44 9 41 63 75 80 42 28 40 4 60 100 11 76 24 64 49 57 38 76 20 84 38 51 45 8 56 38 78 41 91 39 59 
15 29 95 85 55 91 68 77 49 85 95 60 47 90 74 72 38 18 17 62 64 4 100 64 87 35 55 37 31 21 18 14 30 65 16 
7 77 80 51 49 57 64 24 82 0 39 3 14 89 100 29 5 4 30 1 60 9 8 20 31 80 75 34 64 53 45 51 36 46 5 
3 75 54 6 66 53 52 51 82 96 42 36 33 47 28 8 72 93 6 17 86 15 1 2 78 43 1 37 71 21 55 12 79 3 27 
39 99 57 59 97 9 17 47 58 2 43 46 82 50 54 73 27 7 53 47 49 14 71 6 78 100 72 84 89 55 18 30 12 2 86 
18 44 68 66 65 61 63 5 56 34 3 67 69 21 43 13 6 56 86 47 9 76 13 53 0 67 38 34 79 95 60 38 65 60 11 
7 72 14 91 3 48 100 27 89 17 3 48 76 11 59 13 58 70 8 40 91 66 27 60 0 52 74 57 23 73 0 75 94 57 54 
13 66 0 52 41 10 5 100 85 26 29 91 92 69 60 24 57 65 24 94 80 100 97 62 77 54 56 20 65 57 26 91 11 79 79 
14 92 55 86 52 13 60 68 79 93 29 66 41 97 17 14 35 84 44 18 87 7 55 66 71 68 14 98 1 15 85 39 55 53 77 
72 27 98 77 76 43 67 74 89 49 39 44 60 67 82 81 93 100 38 57 95 96 47 65 2 36 8 87 27 85 26 65 45 10 0 
88 37 3 39 15 41 6 19 1 77 50 14 91 54 70 58 97 73 35 41 89 88 14 25 43 77 62 37 41 48 7 89 10 78 72 
11 54 52 43 22 2 69 89 45 87 3 91 60 23 71 25 65 52 13 25 51 72 11 90 38 58 89 44 29 70 62 57 63 70 65 
59 85 17 27 34 66 12 6 71 36 90 96 97 10 1 55 29 23 47 42 17 11 3 39 67 93 99 93 62 48 26 35 24 94 77 
34 82 95 48 91 43 83 57 96 76 47 68 0 56 32 1 72 37 61 97 34 42 49 38 12 86 100 71 34 79 90 66 62 75 77 
3 51 59 95 97 58 84 18 64 52 6 17 26 90 90 21 92 76 58 70 37 2 22 25 33 45 33 65 29 68 99 84 23 42 91 
71 86 8 37 48 86 26 52 72 70 76 59 52 71 25 19 30 53 83 62 10 24 69 70 62 70 2 86 12 84 86 30 11 9 12 
49 32 11 55 33 38 38 98 74 39 55 12 56 4 49 13 89 16 40 17 40 75 47 4 14 88 95 68 92 16 61 73 27 47 2 
83 62 11 95 13 10 94 94 29 14 70 98 93 84 81 58 16 64 50 79 99 5 61 98 36 5 90 42 33 73 43 3 67 20 40 
62 69 90 57 71 31 64 4 80 58 20 19 39 8 35 85 41 3 27 9 68 4 27 35 62 77 85 49 41 83 61 22 19 0 75 
95 2 39 93 90 82 87 71 22 27 47 15 28 68 22 95 36 14 51 30 58 36 22 56 70 26 15 4 6 3 33 79 98 40 36 
8 5 100 94 1 58 48 2 37 82 50 50 65 74 78 15 8 66 91 32 77 85 50 67 45 96 11 81 57 86 63 73 42 36 38 
34 73 70 10 57 3 98 37 70 43 78 31 3 75 68 56 4 29 52 90 52 46 42 95 45 12 4 88 59 42 66 7 1 42 80 
6 8 88 80 35 55 77 32 81 86 66 76 74 79 94 7 2 0 41 51 65 18 90 26 62 73 78 82 26 29 62 86 11 68 34 
84 10 66 62 49 65 94 35 100 92 31 44 59 30 55 32 79 91 82 83 50 67 54 40 70 22 89 78 60 83 59 55 15 84 53 
38 63 58 27 59 54 65 79 52 97 96 73 96 33 98 5 29 99 14 6 39 22 30 92 33 54 61 23 36 34 37 56 91 38 63 
46 31 54 58 77 81 83 7 25 74 73 72 48 10 26 52 0 5 28 92 88 66 95 69 14 32 50 7 3 49 66 18 77 70 17 
42 20 92 57 53 98 83 9 54 59 56 10 58 69 91 81 58 66 10 86 11 98 66 25 92 13 91 61 94 8 9 61 97 43 41 
38 6 91 6 4 44 73 39 56 44 6 65 74 88 54 94 8 80 56 34 73 43 93 35 68 93 96 7 4 7 18 80 19 22 16 
1 74 0 18 78 95 56 75 21 2 45 20 40 18 44 85 2 58 74 36 50 56 52 56 40 72 71 56 55 70 39 3 93 81 38 
9 37 84 70 0 71 66 4 71 69 49 58 93 6 96 53 29 46 20 39 71 5 84 88 8 7 37 77 93 76 44 31 51 26 8 
98 70 45 61 49 51 95 11 61 5 51 55 8 46 82 86 58 87 19 66 71 66 75 43 39 40 17 33 10 37 100 80 81 38 99 
89 66 45 27 91 71 59 14 55 24 49 59 0 41 13 20 43 37 56 89 90 13 16 55 66 65 49 57 35 96 20 2 52 53 77 
71 51 93 6 42 68 44 91 24 40 56 26 67 45 13 47 79 52 69 4 93 16 41 59 44 38 52 100 51 53 16 8 28 31 10 
13 52 14 69 12 72 8 3 61 36 100 32 47 67 83 57 2 10 6 44 27 52 82 91 20 58 98 68 42 93 48 93 59 30 70 
57 44 39 34 17 22 28 38 37 2 71 11 12 23 55 12 36 4 16 81 86 92 55 92 29 17 56 94 92 38 35 61 23 3 10 
