81
7 93 67 91 32 20 20 84 15 27 69 22 45 7 31 28 7 19 98 34 69 8 51 81 26 85 28 76 32 62 22 91 24 18 81 5 8 50 59 52 88 11 21 91 26 71 14 37 91 29 43 19 17 69 29 30 84 44 31 11 96 21 58 74 9 26 3 47 60 78 81 17 52 85 40 89 41 60 96 74 19 
70 90 16 67 17 87 81 50 35 55 72 65 36 84 71 62 45 63 0 1 5 92 45 23 48 16 6 37 44 9 55 56 4 27 12 32 77 28 88 78 66 26 24 67 71 8 62 62 15 59 1 1 27 41 28 45 66 61 38 69 33 88 72 50 4 15 44 91 60 1 28 54 6 92 37 34 28 37 0 74 97 
62 39 91 25 27 83 97 68 4 79 98 74 56 94 31 61 85 1 74 68 1 11 99 95 17 83 6 52 67 19 43 57 12 54 56 69 91 55 88 45 100 25 93 53 36 65 12 75 35 23 72 91 66 69 64 30 91 32 34 22 93 27 100 82 21 35 40 18 18 15 64 57 18 75 32 98 45 7 89 64 38 
3 34 7 80 60 35 76 18 59 74 60 3 7 57 70 70 28 47 23 41 62 1 22 53 26 2 71 96 19 40 58 35 86 66 87 72 71 31 60 28 40 90 23 85 23 8 34 8 25 36 20 38 19 8 27 16 83 97 79 94 76 27 2 37 64 32 88 19 15 1 76 69 51 53 12 16 11 32 1 60 75 
25 38 31 38 29 20 41 46 15 62 43 28 95 56 27 86 54 55 40 32 31 78 7 70 44 65 74 88 90 13 16 73 91 92 88 97 38 15 82 19 67 4 41 4 69 92 56 50 11 24 2 86 37 88 33 79 51 56 27 42 24 23 39 69 65 87 22 98 43 89 10 10 69 27 83 8 61 97 47 6 41 
21 14 71 67 89 54 57 70 3 43 44 62 1 62 63 40 17 93 73 84 83 22 26 46 90 55 21 62 72 93 56 39 59 35 3 3 30 0 90 3 60 84 36 12 30 87 9 65 67 3 80 36 1 30 75 30 92 42 0 49 32 56 52 59 41 64 32 62 23 21 60 64 20 4 40 66 7 88 10 47 6 
3 0 4 15 71 67 62 72 24 82 80 6 71 0 10 58 49 27 91 44 86 55 70 16 57 53 100 43 7 22 51 100 87 47 28 58 98 15 89 6 76 74 96 39 40 56 63 93 82 88 70 35 84 63 47 22 90 50 69 64 61 51 99 96 95 56 81 27 87 33 67 13 66 66 19 87 39 26 42 12 0 
38 12 100 27 73 32 47 45 80 15 9 32 57 71 34 10 91 66 83 32 36 59 48 62 19 60 20 11 72 33 79 88 31 65 6 46 76 66 42 61 71 62 31 75 49 6 43 67 40 21 52 51 40 38 3 21 77 4 25 72 3 78 39 72 45 5 89 91 64 0 96 71 27 14 99 14 89 1 42 38 22 
17 24 80 64 83 15 2 54 27 2 4 83 76 30 26 85 48 43 32 32 92 37 1 27 62 92 46 90 8 36 45 80 57 53 74 28 79 55 56 45 83 64 67 25 85 80 69 81 35 29 64 76 7 32 80 30 76 7 36 16 40 21 55 82 78 57 11 54 23 35 28 20 9 39 83 95 21 0 65 92 46 
74 97 92 21 88 22 68 10 54 18 87 65 83 80 25 47 16 88 63 17 6 61 26 27 67 49 9 58 99 23 1 91 64 62 80 14 50 44 50 3 56 100 67 11 94 77 33 67 79 21 82 72 59 92 86 41 5 31 38 26 68 100 23 10 54 14 39 75 1 56 64 75 51 58 77 65 18 47 55 72 54 
50 36 4 20 52 99 36 24 66 0 15 89 92 93 83 61 25 72 2 69 63 73 27 92 37 88 67 8 39 66 29 16 32 52 43 60 70 41 83 5 61 69 72 35 47 74 16 65 88 83 0 11 65 16 46 43 57 22 18 3 46 70 40 2 45 61 19 85 69 67 32 49 93 67 100 67 56 59 53 12 16 
75 82 33 57 9 0 85 3 56 79 36 6 94 36 16 89 93 77 41 68 4 19 66 8 70 62 32 54 65 66 12 44 57 68 74 31 46 41 11 34 12 64 24 3 95 84 23 80 80 65 14 80 61 63 83 27 2 79 72 22 35 63 37 25 36 87 12 73 96 2 31 77 70 48 76 65 55 81 54 60 56 
39 27 13 17 63 39 35 45 28 13 88 40 85 25 35 21 75 70 66 3 1 66 31 57 63 89 68 83 60 2 89 57 67 45 74 34 1 90 93 25 47 73 22 78 2 78 67 25 76 1 85 92 38 52 65 55 99 49 29 14 84 28 44 20 20 70 61 48 47 2 27 26 27 57 43 71 23 60 37 61 42 
6 2 60 95 40 16 95 2 33 15 10 51 53 28 85 80 42 68 69 46 59 38 80 21 60 12 71 84 1 81 42 32 19 88 85 36 94 95 61 80 4 35 60 91 63 60 90 34 43 87 87 32 57 96 71 39 66 38 53 58 97 53 84 15 16 2 16 11 92 81 89 95 17 46 79 65 10 82 77 80 93 
2 67 20 6 38 34 46 49 74 20 47 2 29 5 66 11 5 84 51 26 23 63 67 13 47 7 69 8 54 90 21 48 97 52 5 32 77 59 69 70 18 4 90 41 8 25 68 57 49 94 69 4 43 24 76 26 86 13 32 36 58 74 71 9 44 60 71 71 92 83 90 82 13 61 55 98 4 64 10 45 84 
26 61 47 30 62 59 75 52 94 15 37 97 76 48 11 17 86 77 78 32 97 49 23 51 73 45 22 56 43 94 8 53 41 8 88 46 16 9 70 84 68 12 18 91 43 80 31 83 0 71 18 20 42 44 24 64 49 96 30 19 89 24 16 96 72 72 76 20 81 80 9 63 84 50 49 83 25 2 84 2 54 
81 73 47 14 33 3 31 26 75 98 72 23 16 80 48 32 97 74 56 0 81 83 16 16 87 67 37 73 60 22 34 70 18 36 75 58 29 69 80 68 84 67 12 76 92 45 39 7 11 58 23 71 81 67 17 66 16 69 34 40 1 40 31 50 78 18 34 71 3 15 79 62 56 45 59 74 81 0 95 65 26 
21 66 39 3 26 84 61 63 19 80 81 88 69 41 73 37 41 27 99 87 30 44 24 57 2 49 48 21 74 34 44 35 67 95 5 34 18 79 56 85 44 97 50 85 81 6 91 55 42 28 44 66 88 36 99 88 73 43 30 59 30 76 63 13 14 94 21 13 86 10 29 73 36 28 5 67 86 67 37 74 73 
79 58 87 51 62 52 80 54 19 53 47 74 30 15 20 97 14 87 41 61 34 91 50 51 39 6 17 32 57 18 21 98 92 43 51 74 74 82 98 8 77 51 47 49 3 74 100 61 81 57 73 69 48 72 74 6 14 13 25 9 5 18 3 96 50 53 20 97 67 8 39 64 36 61 27 39 98 85 74 69 87 
38 25 19 97 35 32 87 58 89 89 45 36 99 11 60 9 97 13 52 84 82 36 9 37 20 67 65 10 73 51 96 96 86 70 12 71 66 48 39 97 96 14 4 70 97 21 99 93 29 6 59 13 77 51 0 40 69 48 88 35 37 22 30 42 9 36 39 4 78 76 76 74 99 14 95 21 25 89 32 94 62 
35 27 88 95 80 55 25 47 64 8 58 56 60 76 30 70 14 77 79 11 3 73 58 66 12 59 2 76 52 98 79 55 90 55 85 64 52 56 95 99 15 66 63 83 21 50 35 77 49 94 19 33 52 69 33 66 35 82 17 15 35 42 81 20 21 28 27 39 28 51 69 67 10 38 29 48 44 85 2 95 45 
46 99 36 73 68 7 67 22 86 69 86 43 31 7 23 37 24 86 2 5 50 89 97 65 42 30 58 49 25 47 39 63 80 30 40 53 38 5 42 16 32 53 9 64 42 32 78 3 8 74 62 10 27 18 37 2 35 35 97 43 32 54 75 23 30 79 91 11 11 77 63 71 23 60 82 68 66 1 53 42 34 
50 51 1 23 38 36 55 11 8 23 11 78 81 20 2 21 50 62 0 84 87 5 46 98 80 76 9 8 33 66 36 46 19 32 75 40 52 44 62 5 9 76 25 50 54 46 36 65 96 53 4 14 25 45 11 34 93 42 23 90 11 88 23 76 32 92 54 45 82 12 70 93 95 66 36 52 69 73 17 64 15 
89 39 29 99 59 42 51 77 6 31 44 96 40 1 46 84 45 98 69 71 96 34 84 12 83 82 99 93 73 96 10 50 22 56 14 35 28 21 6 6 72 34 18 10 96 24 66 14 32 100 7 83 48 18 30 10 95 79 19 64 70 81 83 89 33 38 24 85 32 42 96 48 17 16 75 55 81 3 36 11 21 
82 19 2 27 92 23 29 42 29 60 90 40 39 51 66 27 1 73 14 53 4 54 68 0 46 91 97 72 11 45 4 6 2 29 32 90 33 94 4 46 16 77 47 11 95 74 60 35 94 42 16 76 13 57 22 53 75 55 73 97 75 71 71 6 52 22 98 97 30 9 68 2 8 43 86 62 28 98 95 17 96 
77 98 86 87 15 67 84 34 73 94 34 81 80 32 70 52 52 43 9 75 78 47 82 55 44 23 22 81 59 40 59 23 84 90 69 45 84 52 78 41 61 36 16 71 29 56 70 59 33 34 90 71 47 64 35 89 81 49 75 50 84 11 71 22 36 41 15 20 53 21 100 95 53 51 25 48 62 55 6 61 45 
56 2 26 2 36 88 23 68 22 53 91 87 68 93 74 71 24 15 52 53 15 86 77 96 56 97 71 14 86 7 80 31 14 14 61 69 78 40 59 33 73 42 16 72 15 89 89 89 29 59 86 55 71 53 51 48 41 15 58 7 54 24 69 100 34 93 98 10 95 73 76 19 100 79 99 30 5 50 14 55 68 
41 75 66 17 93 66 85 68 19 83 55 5 38 15 22 64 6 71 31 93 41 37 83 73 50 65 45 33 97 27 97 70 57 83 35 82 75 52 95 65 98 78 57 35 56 38 35 68 25 21 73 69 75 91 94 34 98 2 86 41 71 39 8 89 1 79 48 85 42 21 82 33 91 35 5 83 9 91 38 34 23 
98 16 19 85 65 37 94 12 57 14 15 46 95 46 96 74 40 30 44 17 70 61 44 91 2 79 32 59 59 95 71 74 56 83 32 54 73 12 32 36 29 77 88 19 69 30 84 74 53 49 72 100 76 63 38 41 86 44 12 90 59 32 3 51 62 31 92 45 9 32 0 65 80 13 35 14 73 48 65 1 10 
5 75 63 2 34 28 37 49 62 100 15 42 44 83 32 88 61 80 97 52 22 22 44 26 51 82 83 49 46 73 60 13 45 57 58 92 31 95 27 13 76 13 75 94 86 74 98 11 8 71 21 62 24 88 72 45 4 95 2 71 39 61 54 72 48 15 14 73 29 91 7 60 23 19 33 29 78 67 25 22 51 
35 12 82 93 61 97 70 80 88 77 47 4 2 89 0 37 43 35 54 14 39 29 25 28 29 85 99 3 71 98 16 3 39 36 38 98 73 19 91 71 19 37 19 83 92 73 25 71 30 1 29 88 31 95 5 4 99 46 83 13 14 98 97 22 45 38 40 20 26 93 58 62 93 40 60 79 42 13 79 50 59 
71 73 64 31 55 52 56 29 64 98 17 47 10 74 100 8 38 81 60 97 20 78 24 58 70 77 63 90 22 0 12 10 79 44 73 72 16 78 73 69 10 90 93 38 22 68 70 82 34 34 27 25 57 15 19 9 36 7 69 89 12 39 35 58 35 84 57 58 34 49 36 7 85 42 81 79 20 4 3 12 100 
57 46 27 11 94 98 87 77 24 94 13 96 49 36 73 26 15 74 63 17 95 17 86 10 66 86 79 96 20 12 43 86 91 58 87 41 93 100 76 54 32 99 61 88 96 69 19 17 47 96 31 24 98 75 84 40 9 76 69 37 56 46 10 20 58 14 58 56 51 53 6 59 70 9 47 5 49 29 58 49 67 
7 78 66 100 57 31 53 49 84 100 39 62 95 50 5 64 84 66 18 64 75 55 8 6 16 6 67 89 51 45 36 48 8 87 5 2 0 1 52 100 6 43 95 98 86 89 22 100 47 5 41 86 74 41 44 46 74 98 94 2 6 31 75 46 12 14 56 62 31 12 71 2 5 91 100 28 87 50 28 35 1 
43 89 28 44 33 37 24 99 96 5 85 7 64 34 99 46 86 84 95 65 29 65 38 4 54 52 28 3 55 55 24 54 13 79 60 71 42 83 10 72 98 25 37 4 85 60 26 52 97 5 74 6 60 21 15 93 66 50 78 82 16 14 6 31 22 78 9 28 25 4 5 41 22 79 72 89 30 77 32 87 14 
91 31 49 61 49 78 23 79 94 68 6 44 92 100 69 48 6 62 80 85 52 44 16 6 92 6 88 33 84 3 18 74 59 54 75 31 87 0 14 65 85 94 0 44 50 7 19 35 36 59 76 68 100 95 71 8 92 67 70 21 57 10 32 84 82 91 56 16 100 94 45 17 28 62 26 17 30 16 48 1 88 
1 60 69 52 56 43 7 7 87 43 17 50 3 25 19 84 46 52 7 77 98 63 51 28 86 86 58 47 94 36 35 37 49 60 24 37 62 36 0 71 8 53 41 92 18 10 30 40 81 14 40 36 87 75 100 92 84 20 58 94 91 77 93 8 18 96 19 10 77 14 7 13 82 85 4 89 73 12 32 76 17 
80 96 22 69 56 15 25 87 8 3 40 42 79 2 81 82 77 83 55 1 10 67 70 63 63 18 24 67 73 15 70 32 78 100 5 84 42 75 41 29 71 76 31 65 64 63 83 72 99 88 79 65 16 39 76 18 51 85 55 84 44 36 51 61 24 26 82 3 36 71 49 56 63 53 90 59 68 43 94 80 49 
54 17 33 93 4 68 20 51 5 19 91 97 25 2 99 25 91 77 35 3 20 63 18 84 6 15 6 42 81 46 51 3 48 33 2 61 63 85 50 3 74 28 35 10 80 55 97 77 56 38 15 73 58 96 78 68 3 83 73 49 86 23 93 25 78 13 3 7 34 66 96 92 82 71 50 85 71 95 63 61 30 
45 16 38 39 65 100 92 8 45 5 69 37 61 67 69 0 75 97 85 60 54 54 33 13 12 50 27 36 56 67 53 67 99 43 58 40 87 60 69 78 30 37 94 86 46 96 78 16 58 80 5 1 94 28 87 50 96 32 64 88 27 30 13 65 30 30 52 58 82 43 52 67 43 81 30 51 16 57 82 72 30 
80 49 39 27 32 50 69 37 76 32 5 47 39 95 66 97 49 8 7 69 38 33 23 67 32 98 23 62 88 3 58 88 59 58 76 2 85 61 40 35 46 86 39 6 32 37 61 79 1 76 27 73 45 45 92 58 72 32 64 24 83 51 11 51 9 40 33 68 13 95 31 58 87 92 9 48 7 69 85 89 23 
69 74 14 70 58 11 54 61 82 3 96 95 25 14 69 60 66 54 72 54 66 3 56 27 29 9 64 22 9 14 61 82 65 25 22 27 80 17 64 46 9 44 21 32 12 95 14 68 71 0 67 49 29 15 54 79 95 99 0 91 66 78 58 79 5 79 20 39 60 39 78 54 93 57 97 64 91 24 90 27 53 
56 4 51 77 19 52 36 96 10 55 84 35 44 70 47 99 53 39 36 87 2 58 96 21 84 70 15 25 21 20 62 77 24 39 18 42 64 29 76 56 46 76 30 2 29 12 54 12 86 8 56 86 29 48 65 0 37 40 71 72 50 63 31 68 28 28 17 95 92 40 59 12 79 62 20 43 94 28 99 83 37 
59 43 23 34 65 37 50 100 58 72 75 17 97 24 19 12 27 22 46 42 14 26 15 51 65 97 20 44 86 12 7 86 24 53 3 28 2 72 1 25 26 15 68 79 29 66 86 40 96 16 45 49 60 5 31 76 90 64 87 32 80 61 48 30 39 45 72 19 31 11 3 35 99 61 72 33 95 12 87 98 95 
90 80 41 63 2 38 36 89 82 85 54 33 43 32 92 40 90 8 9 100 81 17 25 80 22 100 25 52 53 5 89 86 40 79 43 82 10 29 87 70 70 45 53 95 88 50 9 65 62 38 96 32 87 16 58 27 72 51 44 90 8 89 39 32 73 7 76 55 2 13 51 90 4 88 16 40 59 56 44 54 49 
20 69 27 20 93 68 50 40 15 25 20 35 50 94 0 1 71 54 96 36 10 23 58 19 22 77 70 53 69 76 46 42 55 19 64 54 48 60 8 15 72 49 84 19 63 18 57 49 14 88 95 50 56 69 36 7 46 12 12 100 72 6 86 41 82 29 96 44 100 7 12 44 88 42 48 83 69 0 69 43 22 
84 19 67 0 21 36 18 46 46 23 59 10 57 16 55 80 78 52 29 80 58 27 29 19 75 4 79 71 45 7 21 16 43 12 92 5 88 22 59 100 47 84 27 96 69 84 100 64 38 40 31 34 25 68 33 13 65 74 92 37 80 44 28 59 63 95 13 51 43 10 97 71 30 1 31 3 3 35 98 93 80 
44 55 21 96 99 76 4 72 1 42 100 52 50 17 51 33 62 1 27 33 68 53 15 55 11 31 73 44 19 83 61 67 22 88 16 25 39 33 16 4 61 81 54 28 2 48 32 43 89 10 41 75 12 10 77 24 74 20 5 94 87 93 2 60 12 99 6 40 58 40 62 14 52 94 60 97 76 89 81 73 24 
77 11 53 14 7 86 90 78 25 69 74 89 75 92 13 27 40 94 37 78 92 44 100 0 96 42 65 49 16 16 2 95 19 72 26 97 40 65 46 36 3 95 28 80 85 40 78 57 50 93 84 69 36 52 3 59 39 89 62 100 15 95 4 2 41 71 21 32 65 25 34 92 48 78 20 14 85 0 99 67 45 
35 16 57 84 68 13 5 5 52 36 10 76 12 46 27 25 71 35 45 93 66 40 9 82 78 35 49 46 63 17 100 26 64 44 18 0 59 63 46 11 47 57 62 98 5 92 26 41 47 36 13 95 77 96 85 62 17 75 43 46 58 71 75 80 38 43 79 10 86 33 13 5 57 12 40 89 47 0 31 39 90 
62 65 99 34 76 37 80 85 65 54 72 53 90 90 71 29 64 18 95 94 45 67 68 23 14 29 64 51 27 51 51 4 21 79 90 5 3 14 57 31 50 45 18 57 2 14 49 24 22 67 95 20 71 91 14 56 91 16 47 70 21 72 95 7 93 86 12 46 46 91 50 72 96 79 86 16 29 100 48 22 9 
7 6 91 24 97 92 27 92 91 67 95 27 56 69 31 25 70 68 2 16 65 47 87 87 19 85 18 90 71 83 38 84 72 86 19 66 24 78 74 89 42 65 57 85 42 55 24 39 65 15 7 72 65 68 18 28 33 33 86 95 29 52 100 75 46 46 10 1 38 89 97 73 62 85 25 31 45 16 45 23 56 
73 86 15 43 69 76 48 87 55 85 55 54 35 51 83 68 59 55 81 29 67 59 55 45 83 9 96 58 2 68 37 83 13 47 96 80 35 30 91 50 85 18 72 0 98 47 77 24 53 37 0 16 92 92 66 85 19 56 5 49 43 83 12 31 72 95 6 82 87 17 23 94 62 28 45 0 85 59 99 55 14 
26 2 44 74 87 58 79 66 52 83 64 51 92 49 45 38 18 87 82 77 37 33 91 37 96 70 62 26 72 58 52 88 82 74 84 58 0 3 24 100 23 42 22 21 10 17 14 60 97 20 39 90 54 28 12 66 41 34 71 35 84 36 58 76 54 45 32 20 55 95 20 4 36 98 24 33 72 60 85 44 100 
39 39 44 95 34 37 12 24 22 88 6 7 86 68 37 79 94 16 71 34 44 70 76 93 56 44 48 18 87 49 54 83 16 97 92 53 0 40 49 43 16 51 17 71 26 27 92 86 44 85 51 89 85 74 14 37 19 32 10 10 81 56 12 95 72 49 14 84 95 100 56 36 91 75 28 13 52 34 14 90 63 
15 36 30 70 38 27 51 88 18 47 20 94 3 99 70 73 63 30 8 6 98 21 80 16 51 84 91 24 37 38 96 65 13 35 36 75 67 34 56 53 5 68 36 48 41 49 32 30 30 88 9 42 13 40 90 59 48 9 72 76 38 56 98 6 8 88 48 91 69 57 11 4 76 67 57 37 71 61 98 99 70 
69 37 33 31 16 19 81 8 15 39 8 89 14 80 94 58 68 72 34 53 29 18 25 86 17 100 24 46 85 68 81 28 90 2 28 36 61 65 37 55 92 92 98 93 23 13 74 45 82 77 38 29 92 12 96 70 79 92 41 71 34 34 24 77 98 83 97 14 93 57 81 84 14 39 86 5 45 61 43 82 69 
96 59 9 91 74 90 39 93 79 94 1 76 79 20 13 73 17 29 54 39 69 59 69 41 6 87 34 3 72 41 4 0 26 72 7 84 18 78 82 83 15 55 46 36 70 6 65 28 12 35 43 35 11 14 61 11 35 85 38 79 87 52 75 83 30 71 39 33 100 25 60 55 76 69 64 1 69 66 82 11 35 
47 75 22 35 85 89 49 76 34 26 9 34 7 86 53 33 73 21 11 15 93 14 0 43 51 66 12 21 27 42 1 19 14 39 52 28 3 53 60 98 60 61 91 30 83 51 80 25 14 71 98 97 36 63 91 17 86 14 69 67 63 52 8 62 9 32 81 19 99 37 33 82 58 55 77 84 100 15 69 60 51 
9 78 17 5 99 80 13 29 24 28 30 92 42 79 22 22 49 77 76 95 96 40 23 93 74 81 90 23 49 55 56 60 57 48 89 49 92 8 57 5 60 7 27 79 70 89 26 67 88 12 3 10 62 35 33 1 34 70 32 66 47 7 94 38 38 9 63 6 88 95 92 12 39 79 62 33 21 49 62 75 45 
69 48 61 48 55 34 88 2 72 86 86 32 27 20 3 76 74 28 17 12 44 71 14 30 75 28 9 6 3 84 98 23 36 95 56 38 20 64 30 0 73 13 84 55 50 45 94 98 60 14 13 63 42 67 49 55 83 8 6 64 27 8 9 24 12 67 0 97 34 75 75 97 15 67 8 91 43 42 66 31 93 
90 21 17 59 62 23 83 50 74 72 57 28 16 2 50 0 25 94 63 82 32 39 15 100 88 53 41 5 50 100 4 6 61 65 27 45 55 14 39 82 86 96 76 50 54 92 6 15 74 33 53 32 16 9 31 85 5 54 37 70 72 93 50 42 75 63 24 37 57 69 98 39 93 12 40 66 28 9 1 77 52 
8 60 36 21 44 69 87 40 98 33 3 72 64 99 51 15 28 11 53 96 5 87 44 35 4 92 83 15 10 41 12 40 7 53 28 55 70 5 80 100 10 11 4 82 54 85 90 8 71 74 91 8 12 82 75 39 99 1 41 51 69 36 60 56 10 78 25 40 88 71 96 82 69 81 3 97 21 45 22 16 95 
70 36 52 48 15 65 22 66 68 13 36 81 99 63 59 95 57 26 12 63 44 25 72 91 78 66 73 46 15 23 41 100 35 55 94 40 66 10 92 24 13 5 38 59 39 73 46 33 89 14 22 37 59 14 46 42 62 88 35 28 34 73 26 80 82 95 15 89 69 61 40 36 88 55 85 41 75 49 51 94 50 
55 33 18 99 70 69 32 23 100 69 89 43 59 50 25 99 89 14 63 6 27 54 9 68 34 71 82 20 60 52 38 93 97 25 86 98 54 94 17 78 63 24 68 83 80 33 23 52 51 0 1 15 76 4 97 58 46 54 56 94 82 61 25 45 70 90 91 42 89 64 98 65 74 17 28 97 37 34 54 83 79 
99 16 84 32 55 98 88 29 55 62 13 95 31 8 12 88 34 51 72 52 10 20 54 61 26 50 30 45 51 93 9 53 47 87 50 78 56 55 13 52 61 15 0 93 56 36 76 48 78 59 76 82 54 76 39 85 95 35 29 23 20 11 28 35 98 64 5 54 48 58 17 16 20 54 77 73 67 54 95 30 56 
75 96 71 5 0 42 40 28 5 43 99 17 78 9 73 18 67 92 60 61 41 9 59 49 33 67 43 33 100 4 97 17 30 23 73 63 78 10 52 99 4 19 6 58 53 2 94 90 89 1 51 12 85 26 47 23 33 96 15 65 9 15 91 25 25 5 97 14 34 19 82 40 95 10 91 97 96 32 9 6 92 
82 41 11 12 30 82 86 49 91 14 10 13 16 42 55 32 36 11 36 42 69 21 53 58 69 2 24 57 99 14 77 5 28 2 53 97 10 97 42 1 80 70 57 35 71 61 100 94 64 42 97 20 87 95 100 99 49 0 75 86 81 86 24 33 90 64 23 51 83 59 64 27 93 17 32 98 22 40 63 22 88 
72 49 32 27 60 7 40 6 51 19 26 32 83 86 47 67 13 97 37 90 67 85 86 62 5 1 15 86 56 63 100 59 43 37 86 71 9 69 27 100 29 67 15 86 49 11 91 10 97 37 62 100 53 2 57 20 86 69 0 58 69 35 79 79 55 97 35 25 65 37 22 86 18 68 89 47 9 69 77 24 16 
98 77 9 84 80 39 2 20 79 60 8 20 24 83 2 64 48 80 23 85 33 11 26 6 10 75 0 73 34 89 62 33 20 79 40 54 43 52 45 78 13 96 85 34 94 6 34 84 2 64 26 56 39 100 83 93 22 99 8 30 3 81 30 66 36 8 40 98 83 37 86 35 97 3 10 18 16 12 32 89 62 
79 20 1 4 11 20 83 69 81 6 55 82 76 87 91 64 56 85 76 54 53 64 78 87 78 88 64 84 36 3 8 14 57 19 77 39 93 2 91 57 35 9 4 92 70 42 43 14 52 76 85 75 82 21 97 86 5 93 43 99 82 9 31 39 81 64 69 20 9 98 38 30 73 7 18 68 25 55 14 84 76 
42 55 28 23 99 94 33 70 78 12 78 23 62 3 4 76 19 98 86 47 73 52 73 100 68 19 61 80 40 54 61 51 38 47 61 0 42 77 5 50 76 10 53 6 23 28 66 13 79 17 41 13 99 73 7 17 33 11 34 36 60 70 22 45 46 57 83 53 97 61 20 19 93 60 71 46 9 68 71 9 64 
14 53 34 46 42 96 21 24 83 64 72 31 28 32 74 72 10 71 44 8 70 35 48 10 63 90 29 86 42 52 26 18 5 54 57 89 15 39 5 37 5 43 32 20 53 44 96 52 69 63 56 27 37 45 100 91 8 84 11 70 27 35 70 17 45 40 49 0 51 77 55 46 32 78 33 46 23 3 15 47 25 
61 91 4 100 84 33 69 67 41 19 33 59 32 94 59 15 71 98 58 18 88 53 0 0 86 62 80 80 42 84 45 5 33 71 91 6 25 5 58 90 63 49 95 30 45 96 70 35 71 11 38 94 91 77 26 28 3 75 41 19 82 95 60 68 11 41 39 11 82 66 49 13 66 67 28 92 66 17 1 55 28 
19 22 60 42 0 27 18 78 100 5 96 32 91 31 4 90 64 5 78 5 61 7 57 80 12 58 51 75 48 33 56 96 69 89 10 39 93 82 55 70 32 98 21 94 56 28 40 27 22 47 77 87 30 76 20 48 92 59 77 39 22 72 55 88 29 22 43 15 15 46 6 57 43 94 67 55 22 44 30 48 22 
20 86 56 11 73 89 29 83 60 91 19 16 48 100 87 90 4 66 47 28 53 23 28 68 21 61 94 67 100 67 39 88 87 92 81 36 96 28 95 34 38 76 62 58 22 73 36 61 23 94 46 87 12 39 89 16 61 88 77 11 41 71 52 62 7 89 71 31 16 89 32 65 25 72 3 13 79 89 44 71 64 
50 66 39 9 70 56 67 43 93 61 23 43 100 1 11 44 78 71 18 84 4 41 63 2 77 69 100 29 93 85 72 15 66 97 31 6 13 63 68 52 77 91 14 5 40 69 22 62 70 69 16 22 89 36 89 3 45 74 76 12 66 93 33 69 79 70 3 42 53 56 40 20 99 100 44 54 14 97 98 26 82 
89 36 36 40 45 70 13 91 20 49 94 20 70 46 15 37 56 91 32 53 96 73 35 77 10 13 44 77 93 66 6 39 95 89 3 40 11 8 70 85 2 68 64 2 80 21 49 93 62 23 68 60 55 25 33 85 37 72 53 12 28 73 70 75 91 75 79 52 91 74 60 56 1 29 42 89 53 92 64 9 36 
29 18 5 24 28 3 56 79 12 90 43 39 84 88 30 18 96 94 23 53 5 24 91 88 76 73 92 82 7 56 56 66 28 29 0 5 83 88 81 27 76 86 20 27 88 32 53 59 44 58 84 85 15 54 33 22 93 27 55 22 41 24 10 77 38 21 43 14 59 77 7 62 46 0 29 54 91 78 1 34 9 
56 43 83 84 93 86 52 13 2 55 96 86 68 59 33 72 93 10 84 99 15 42 51 52 20 89 49 20 99 39 1 78 48 99 62 63 33 9 17 14 24 1 88 53 89 94 39 35 18 64 57 12 99 50 51 69 59 49 3 24 73 37 61 27 74 28 47 74 23 22 43 18 42 36 47 77 89 16 39 31 51 
49 94 84 73 51 10 17 55 94 74 72 78 77 49 35 47 92 81 8 59 99 46 94 35 35 87 9 73 36 13 59 16 93 66 64 36 26 63 63 73 39 80 50 95 46 43 72 60 32 16 30 92 72 33 53 5 6 84 26 46 69 85 11 20 3 61 76 40 12 34 16 7 35 6 69 4 40 59 2 79 77 
24 71 20 35 96 56 86 90 81 20 16 40 12 77 44 75 80 11 85 5 38 35 76 64 2 57 91 63 52 90 49 35 87 33 98 36 19 5 31 59 81 5 93 82 96 40 44 83 38 34 24 57 77 19 23 41 79 64 38 24 13 89 91 98 1 92 28 83 75 51 28 20 56 17 86 34 73 80 55 85 65 
79 63 80 43 16 23 13 13 60 32 45 79 53 2 40 80 88 66 39 24 89 85 13 38 10 7 45 22 70 89 23 3 47 56 41 17 18 74 62 45 34 62 51 19 29 57 20 46 37 20 27 19 56 38 10 24 59 71 71 60 83 31 20 10 14 12 68 70 64 0 100 80 98 16 77 46 59 5 78 40 24 
48 29 97 40 53 16 78 60 92 74 41 81 46 85 59 24 92 45 59 34 54 73 87 80 87 66 8 82 76 36 15 2 59 83 88 70 18 68 23 28 87 26 60 26 75 4 32 93 4 13 33 59 13 61 97 34 65 68 97 30 70 1 40 97 16 83 8 22 51 36 50 1 75 7 51 76 33 53 30 2 12 
74 30 10 83 76 7 30 46 41 37 32 70 63 95 2 32 84 67 18 94 24 13 34 76 5 88 79 16 85 68 11 31 85 76 7 95 62 80 60 24 51 100 13 31 91 75 86 72 98 57 24 17 69 29 4 9 12 80 82 93 38 72 43 24 60 86 15 7 97 38 35 99 73 89 91 89 40 91 82 52 94 
65 51 17 37 82 8 1 34 80 28 10 34 84 95 11 74 64 42 3 91 73 88 66 87 50 81 50 49 66 96 40 99 65 57 16 33 14 64 74 79 78 54 92 77 59 32 59 58 4 43 97 87 35 72 29 83 69 92 3 37 38 5 56 99 19 44 65 90 39 9 55 65 1 93 36 51 69 92 89 0 89 
19 22 61 44 59 88 57 68 29 12 6 59 58 71 36 80 60 37 74 29 2 71 20 19 70 21 28 96 81 72 48 89 14 45 22 79 43 47 16 9 95 15 44 95 69 6 12 88 98 37 88 23 21 52 78 38 11 100 58 38 77 32 6 66 19 57 11 86 37 10 73 97 82 29 17 24 26 38 85 74 96 
94 62 23 65 28 78 5 34 100 78 8 25 44 38 69 71 75 3 74 75 87 46 68 83 46 78 44 88 91 70 57 37 62 64 96 51 33 73 5 51 29 3 31 47 35 62 37 50 42 5 15 10 82 66 5 85 35 60 60 81 42 42 45 51 24 92 70 20 100 17 63 73 69 36 49 27 83 57 98 83 30 
57 50 19 6 68 27 69 43 80 95 4 21 34 36 11 90 76 42 32 64 78 41 3 79 60 13 26 16 58 69 42 35 31 77 95 73 97 91 10 93 38 85 26 8 35 16 39 94 82 70 67 63 27 42 42 96 40 95 73 17 61 55 44 82 33 63 53 92 2 93 85 82 17 81 87 36 93 61 98 98 6 
75 23 35 47 7 84 29 25 75 65 19 14 52 53 18 2 38 29 80 48 69 57 87 83 46 94 87 11 34 98 91 79 45 23 20 24 18 18 71 48 49 72 6 30 44 75 23 9 95 79 52 98 97 92 60 83 60 27 96 56 91 96 87 62 31 6 61 57 94 32 86 22 28 35 13 75 3 63 100 59 91 
77 25 29 88 45 29 47 14 37 51 46 72 91 28 51 46 35 0 48 92 5 14 47 37 63 29 72 93 17 77 87 49 22 20 24 96 73 100 91 16 44 90 62 10 29 84 75 71 91 84 10 11 15 76 100 14 36 92 5 64 80 11 62 54 29 56 75 14 23 54 10 86 37 1 40 27 4 47 95 47 75 
57 64 89 32 66 46 13 5 92 16 57 41 87 90 56 35 57 78 73 40 51 85 58 79 29 74 31 51 39 3 82 8 69 35 0 24 56 30 100 92 73 1 0 34 12 2 70 99 44 42 43 63 24 77 81 99 64 15 22 52 9 28 47 36 67 61 60 52 94 82 54 87 26 19 13 40 23 70 72 96 45 
81 34 26 86 31 18 99 52 77 88 34 31 29 76 18 4 85 22 75 3 11 71 51 100 81 3 84 84 93 6 25 86 16 96 61 24 76 47 51 89 23 4 72 5 99 69 40 34 56 81 43 89 14 61 17 89 60 67 35 82 4 78 5 96 79 12 92 3 21 57 97 20 83 40 81 59 60 90 3 9 34 
68 7 26 66 45 87 42 87 90 9 34 72 56 74 3 6 13 40 65 61 53 49 48 38 47 26 48 73 64 32 86 88 53 9 70 28 62 33 60 46 47 68 83 94 77 91 41 44 64 21 26 72 55 91 22 30 72 15 52 27 84 72 21 89 47 89 51 43 62 99 94 86 1 16 97 2 38 33 42 46 68 
47 83 12 97 75 44 59 47 2 78 48 4 85 76 21 0 78 78 35 9 97 46 8 5 8 71 64 1 2 42 73 71 24 3 24 24 23 69 81 96 88 59 90 45 56 7 75 0 8 33 14 85 9 73 74 2 39 27 74 94 18 76 94 53 55 38 33 99 30 1 9 27 15 57 42 90 91 81 48 75 3 
80 71 80 93 79 1 23 50 16 65 5 19 83 86 39 35 8 46 95 61 99 20 44 74 58 28 86 14 59 46 91 84 53 79 3 69 22 67 87 31 10 0 92 67 0 33 89 59 16 53 3 47 70 41 35 0 75 1 45 72 5 82 52 65 68 95 77 34 13 6 3 13 14 75 71 42 71 29 1 14 39 
28 27 96 74 62 79 74 49 51 43 30 89 79 5 56 14 58 34 51 12 10 70 76 54 19 25 46 37 74 18 84 29 27 85 81 24 27 43 21 47 96 18 75 77 64 32 64 60 92 25 55 32 29 74 41 86 94 1 99 43 75 16 46 18 88 5 47 82 42 85 13 61 90 77 12 40 76 58 90 48 0 
15 53 36 71 92 80 90 95 11 42 34 49 12 75 13 33 36 10 64 68 49 66 10 19 85 69 48 59 42 29 98 74 80 18 40 0 90 3 75 48 29 39 57 19 63 40 96 67 36 56 35 23 71 42 43 2 75 93 77 66 87 76 6 81 12 100 11 42 20 73 76 14 94 72 61 18 64 5 27 76 80 
41 14 87 75 47 30 92 43 50 98 57 31 15 48 76 17 10 69 77 28 93 53 88 8 42 98 85 50 31 44 31 54 91 71 93 74 35 72 72 48 29 90 0 54 31 71 95 14 39 82 42 46 13 95 94 39 74 17 65 94 72 59 85 61 2 25 33 69 2 95 59 16 38 28 73 75 0 2 58 39 41 
74 37 96 29 14 91 19 8 74 15 8 79 61 73 17 43 51 61 52 94 50 3 34 6 95 57 50 97 46 66 37 45 17 15 86 83 53 70 42 11 22 99 45 97 17 14 52 50 72 84 3 95 18 89 55 81 68 47 75 88 80 5 72 48 38 89 18 57 80 56 67 66 19 85 96 67 71 9 9 31 63 
67 93 42 4 31 95 31 32 40 86 37 60 43 19 17 11 28 81 86 86 6 18 75 24 52 89 26 40 42 48 64 53 35 76 12 40 78 33 47 70 44 57 5 20 29 70 92 66 62 51 45 94 11 84 65 95 88 94 6 21 81 39 98 20 71 2 31 85 11 14 37 68 76 1 45 69 99 27 79 82 76 
97 56 50 93 12 79 94 86 18 34 87 75 70 49 96 14 9 67 23 46 49 32 11 56 71 6 92 65 9 58 89 13 73 87 27 7 22 83 84 47 10 31 86 55 39 8 60 61 20 36 68 27 7 82 92 16 58 35 51 29 49 78 72 76 25 49 27 42 93 62 29 82 54 16 44 39 63 35 48 69 50 
98 57 37 27 58 97 96 94 70 87 73 92 59 64 22 88 1 76 19 66 22 96 8 76 1 63 24 69 58 44 50 3 57 56 86 8 50 19 40 46 48 12 60 100 90 51 70 83 47 26 93 50 90 51 51 39 96 22 91 100 77 85 75 72 66 56 21 16 69 53 4 24 100 21 38 45 30 72 95 23 34 
58 49 17 9 65 43 47 2 76 3 11 63 60 73 38 19 76 19 81 47 93 50 77 51 82 38 19 11 13 28 10 56 79 8 3 50 6 25 43 19 57 8 76 55 7 30 72 60 59 93 92 37 33 47 90 23 38 72 22 33 18 62 35 52 21 22 7 97 50 47 7 42 74 36 76 65 19 93 34 74 78 
86 9 8 75 74 89 34 13 35 72 67 77 44 75 7 44 78 96 58 68 65 62 59 9 97 11 74 39 61 73 94 29 73 52 56 16 14 39 95 5 8 100 54 34 80 0 51 34 91 94 61 35 42 64 56 28 88 95 32 62 97 27 96 39 66 6 92 59 63 46 13 88 51 49 6 86 34 67 58 3 14 
95 53 30 53 13 12 66 85 53 64 31 16 22 3 57 5 20 48 4 20 51 93 13 8 80 4 77 29 23 49 93 30 54 2 31 76 47 3 39 50 27 58 47 97 76 85 61 68 8 80 58 96 36 29 8 8 64 1 7 44 3 90 66 56 93 100 17 99 42 1 37 26 72 79 58 70 93 52 55 60 47 
59 25 6 23 19 80 59 89 20 27 15 33 90 16 41 95 50 72 17 14 71 28 40 56 59 65 29 67 66 70 24 78 80 14 76 73 49 6 54 57 53 37 39 25 7 62 68 8 86 76 36 18 73 58 0 63 0 19 22 82 28 62 32 6 58 33 36 83 3 47 69 81 63 91 69 84 44 50 50 46 55 
15 65 48 65 46 100 91 78 26 57 8 90 16 93 1 26 93 29 93 62 35 61 92 83 93 15 100 45 52 37 85 27 76 23 36 100 91 12 49 33 40 97 11 45 43 42 97 41 5 1 80 100 82 74 32 18 99 46 54 3 66 8 64 94 46 39 55 23 65 96 64 82 69 66 38 32 79 54 89 77 84 
8 61 86 74 29 60 41 17 89 16 58 17 78 89 64 15 46 15 78 19 91 75 6 70 44 29 39 87 33 41 29 44 15 92 85 77 34 45 98 7 27 47 90 58 92 28 69 75 87 67 3 82 19 34 63 55 70 13 94 57 17 79 14 3 94 65 59 28 79 75 1 81 4 93 27 66 29 14 59 16 10 
100 31 56 89 10 76 85 38 8 74 7 76 91 69 80 20 16 64 48 36 47 37 99 19 92 44 46 1 44 5 34 78 40 91 22 88 86 40 73 4 21 99 79 13 32 47 92 85 17 50 28 60 76 61 75 29 70 60 30 54 79 1 24 53 58 5 37 87 54 20 84 79 47 36 43 66 19 28 63 80 81 
64 38 90 90 99 77 51 42 38 76 64 42 58 85 10 58 96 33 42 26 54 33 31 71 98 95 1 35 8 14 10 57 48 26 45 29 45 20 58 13 88 68 41 24 6 12 31 87 74 21 90 26 47 91 90 66 40 58 21 25 5 72 85 36 39 15 29 51 68 75 80 78 64 17 28 78 1 9 5 27 51 
89 49 91 74 76 39 97 66 82 62 100 56 62 23 47 70 4 31 24 2 60 7 16 67 62 3 20 14 78 29 3 32 98 24 71 83 58 21 14 23 41 89 32 19 11 50 58 68 70 17 33 56 48 86 1 42 66 74 32 38 19 9 79 18 87 1 35 92 61 38 60 4 40 2 62 74 50 0 76 56 66 
42 75 6 63 21 94 80 20 81 59 87 40 56 54 4 74 47 62 86 58 48 64 48 7 37 91 16 8 15 47 53 20 38 62 100 79 75 42 15 42 99 9 95 47 93 70 82 50 14 45 23 77 67 45 37 98 57 85 69 18 45 56 73 40 25 21 55 21 68 87 31 75 35 57 15 48 46 6 36 87 37 
93 33 93 69 12 1 95 61 75 68 15 47 28 24 7 2 93 60 71 78 54 54 91 30 40 24 52 53 83 50 28 31 28 13 35 87 63 15 5 81 54 74 33 86 26 10 82 54 28 73 56 41 62 55 85 57 59 14 72 57 56 0 99 97 87 32 86 9 83 99 67 81 82 68 11 34 52 33 100 46 100 
22 57 50 15 51 82 20 80 1 19 10 23 59 95 17 18 29 75 85 48 14 40 57 81 49 86 74 49 86 72 26 87 8 8 58 10 5 31 59 32 22 9 74 22 95 93 57 88 12 88 17 22 75 13 41 38 37 99 93 96 60 88 28 86 100 94 74 30 26 10 43 9 30 58 12 25 69 46 65 73 62 
58 72 60 34 2 94 2 75 91 87 13 39 13 65 9 36 49 63 49 66 22 79 69 3 83 4 49 40 83 71 68 27 73 69 2 94 49 11 92 22 5 61 59 6 90 35 80 26 61 52 28 22 98 1 33 36 2 30 45 62 7 90 77 29 71 87 84 0 20 22 81 62 88 28 31 36 36 18 36 53 70 
23 19 41 92 81 88 47 38 83 6 84 2 18 22 58 41 62 22 44 10 88 16 94 85 6 67 1 47 77 32 65 66 18 62 10 89 20 83 72 11 60 64 50 25 35 38 75 26 91 30 63 43 0 2 41 44 24 42 69 96 58 33 85 92 33 87 64 97 54 31 69 47 69 89 100 13 3 74 9 18 23 
4 37 64 88 11 47 15 18 72 100 28 90 21 1 39 26 11 83 52 51 12 14 70 23 89 67 76 67 91 65 62 70 34 97 49 10 78 73 50 29 9 52 70 84 90 78 56 10 43 92 19 12 68 6 6 46 14 83 0 55 67 11 53 0 96 12 98 59 1 1 100 11 48 78 23 34 49 46 37 58 79 
60 86 71 3 64 87 66 53 72 54 78 92 93 40 38 55 2 39 59 45 38 19 20 19 27 65 17 20 8 32 99 4 3 67 93 90 25 39 22 29 56 77 28 72 19 21 68 68 31 25 69 35 4 66 25 97 41 51 95 42 37 41 19 95 84 7 79 60 49 96 60 11 51 86 83 26 76 48 31 79 6 
39 79 65 46 95 0 88 59 10 7 65 74 14 65 12 7 74 60 14 14 90 32 2 67 76 0 87 12 22 26 20 82 87 13 88 26 66 26 43 16 52 82 54 33 57 39 11 25 63 1 14 21 57 1 47 12 18 24 1 56 99 11 15 57 1 28 23 30 40 96 50 41 60 26 88 99 21 3 33 35 97 
2 86 89 32 36 27 88 60 78 31 97 82 0 75 77 44 12 56 62 80 4 38 58 95 31 60 22 15 76 8 79 24 92 20 57 54 12 67 92 25 69 52 0 29 66 100 31 1 88 33 47 47 60 72 87 94 72 79 30 97 33 58 43 19 33 71 87 62 15 25 15 14 89 52 1 49 38 79 55 88 10 
67 31 8 75 58 43 71 4 65 15 73 8 90 62 84 23 58 58 97 38 2 48 5 9 35 3 1 6 92 28 42 67 31 82 30 71 40 38 16 68 53 43 7 96 2 12 47 92 64 73 1 80 38 72 50 87 19 82 99 15 4 78 31 77 67 82 82 78 2 77 97 86 94 48 11 44 84 18 64 99 34 
52 19 50 11 66 81 61 36 81 3 70 76 75 49 96 79 40 31 31 68 61 57 62 50 36 49 61 9 50 15 40 81 37 97 64 38 4 2 52 30 16 31 31 50 34 14 7 32 83 52 77 98 86 15 85 100 83 36 12 44 19 9 43 79 90 81 46 75 56 0 66 62 76 48 18 63 18 73 33 61 58 
15 68 94 45 70 26 35 33 40 21 44 87 80 69 66 94 20 26 17 86 33 89 4 12 71 9 38 36 100 22 61 31 97 64 95 25 94 39 61 4 79 69 51 57 90 9 46 49 66 46 0 52 38 92 46 55 71 40 88 37 92 60 92 91 72 33 81 8 36 60 97 83 23 95 98 80 25 91 87 81 69 
51 97 11 28 26 89 100 68 1 15 21 77 65 78 45 19 53 69 73 23 7 78 25 95 95 6 51 0 71 17 31 84 97 19 14 92 28 47 12 36 45 11 30 6 86 6 23 17 6 17 91 59 85 51 59 67 24 88 10 57 43 35 64 64 46 20 5 97 17 53 31 98 80 55 53 60 5 31 73 48 86 
21 31 21 77 79 81 66 97 40 45 62 31 99 63 68 70 90 27 85 94 50 64 30 72 17 23 43 41 67 63 93 89 16 58 68 50 36 60 67 80 54 86 9 92 30 33 53 46 57 14 76 42 96 89 60 44 55 19 88 39 95 84 35 25 77 30 31 56 15 33 99 3 5 9 19 14 19 98 79 62 92 
0 66 30 62 53 66 81 16 66 53 84 60 43 62 9 15 1 19 27 18 9 39 53 63 37 40 23 15 0 6 9 1 10 26 5 35 77 79 20 37 32 24 87 69 73 60 63 87 22 18 82 65 67 22 73 83 36 43 73 34 9 100 94 34 68 7 2 16 47 81 61 43 33 13 96 97 22 17 18 80 37 
91 15 88 56 30 64 7 20 30 52 57 7 22 21 74 91 34 36 18 24 5 57 49 30 59 91 78 62 25 14 26 86 75 13 31 95 96 85 73 46 28 82 25 2 40 11 47 91 8 3 72 38 37 23 59 27 25 85 13 83 74 96 96 5 88 37 57 74 5 53 2 17 90 17 48 18 21 89 18 77 10 
88 17 88 13 29 64 75 5 23 70 97 58 18 97 25 19 37 39 53 99 44 7 83 95 43 98 2 34 88 89 53 93 50 12 44 22 4 47 71 15 84 74 33 72 43 77 72 39 41 67 62 62 91 90 35 50 81 7 21 51 47 3 17 90 39 26 47 3 35 79 56 1 78 18 46 11 41 22 67 93 63 
43 1 36 84 39 14 89 83 80 61 42 17 41 64 7 84 46 7 48 67 19 16 35 49 62 6 76 89 61 28 0 99 84 43 15 70 35 5 69 33 78 30 83 55 24 83 33 97 68 6 100 0 16 85 13 74 24 7 65 72 56 67 62 27 18 28 41 57 46 36 79 51 29 56 48 23 10 58 27 72 6 
96 53 98 9 38 61 63 91 61 79 85 12 91 51 9 95 67 10 8 30 84 29 88 26 87 14 96 100 71 28 87 87 96 53 75 24 100 28 57 11 0 20 27 72 1 19 89 69 43 70 47 34 67 61 25 25 90 60 51 29 96 50 4 52 0 99 8 78 37 94 33 98 79 94 8 18 99 96 95 15 7 
17 50 92 52 39 82 46 53 66 78 76 4 84 66 55 71 38 32 75 63 61 98 27 71 5 45 72 75 83 35 21 83 2 57 29 50 56 5 74 87 13 72 54 62 98 99 66 40 73 37 9 37 60 93 42 70 62 63 93 19 63 3 87 62 27 63 61 16 31 79 56 20 86 36 20 29 36 12 68 10 54 
73 66 63 49 90 47 90 74 93 80 16 94 75 27 8 45 20 88 54 9 18 4 1 67 83 67 65 20 98 58 57 88 45 15 90 12 98 12 66 50 76 73 44 8 8 72 55 60 40 3 9 62 69 98 0 45 29 28 19 47 30 46 21 27 19 19 12 59 53 71 52 3 59 48 78 19 45 64 6 29 91 
88 75 90 13 74 9 5 4 75 41 91 67 60 18 81 19 29 71 26 30 19 25 48 100 22 88 11 7 62 36 60 100 10 88 16 65 39 36 40 41 18 71 2 48 37 31 5 23 84 49 78 33 21 79 98 60 51 38 51 4 35 88 11 50 32 30 94 70 61 11 38 84 9 48 7 98 31 16 13 72 11 
79 3 100 0 30 71 11 29 91 77 24 70 78 95 85 100 31 100 5 73 89 93 81 37 5 11 21 10 98 66 59 31 35 20 99 48 15 84 34 91 1 6 40 67 90 72 3 50 65 40 86 72 37 99 92 28 73 94 8 56 70 76 39 48 40 70 36 16 91 59 15 7 20 34 6 38 79 57 64 10 48 
46 54 18 49 50 82 52 72 11 29 63 99 7 24 59 60 24 46 25 33 15 49 92 96 28 61 11 72 17 83 96 47 76 89 37 36 46 25 12 23 98 39 41 19 78 85 48 5 79 98 54 39 78 38 95 67 37 25 28 64 68 31 10 70 13 99 17 31 85 3 58 40 63 75 14 40 54 46 90 34 55 
94 51 26 71 93 5 74 83 3 46 21 79 42 48 71 70 29 11 86 66 5 70 34 93 57 21 34 57 94 47 49 4 67 25 33 19 32 54 47 66 82 33 81 70 3 92 52 84 54 37 74 93 29 74 9 51 89 12 51 57 72 72 98 1 87 52 16 52 82 7 14 63 28 73 49 12 64 10 57 18 83 
76 89 67 79 32 67 77 54 54 6 77 80 4 72 49 52 67 56 98 76 73 0 25 96 65 3 31 25 68 76 65 58 73 42 95 68 45 0 88 23 27 88 91 77 77 11 77 96 75 49 88 55 98 22 85 20 20 92 0 52 12 47 40 52 36 71 83 16 55 3 75 47 24 53 24 79 6 100 40 83 40 
15 54 71 66 94 45 17 65 31 46 64 83 50 90 74 39 26 39 53 41 62 7 60 55 29 56 61 2 64 20 14 95 95 31 79 2 23 91 90 39 10 47 39 7 11 82 63 21 84 74 14 22 56 33 78 40 15 12 54 62 81 27 19 32 46 54 45 71 17 80 19 98 87 33 13 1 3 15 91 82 39 
97 45 56 64 73 0 16 81 76 48 72 69 97 63 10 49 60 43 73 74 48 72 7 91 85 80 74 44 13 65 87 5 23 96 40 58 25 11 33 64 78 91 7 93 89 42 53 3 87 52 50 88 7 99 52 20 35 91 16 95 25 22 67 20 65 26 9 5 68 76 57 73 1 88 32 63 94 87 47 32 77 
62 84 50 48 28 27 44 69 56 15 64 29 35 14 37 40 4 40 70 51 42 65 88 82 2 0 34 25 59 41 74 70 68 93 45 35 78 43 3 22 41 42 4 27 7 88 34 66 5 45 8 4 40 49 60 7 55 56 9 25 55 52 90 10 76 36 56 9 44 25 8 82 72 61 14 50 75 8 6 61 13 
79 75 33 85 16 7 14 25 28 32 63 2 57 63 43 97 11 57 91 6 11 37 87 31 22 39 54 8 63 71 45 18 33 18 19 72 88 21 94 49 40 96 32 63 0 94 13 51 56 20 73 29 55 42 28 59 65 66 21 9 0 64 42 19 40 84 19 82 98 63 86 21 0 35 54 30 89 4 71 66 44 
12 29 57 21 44 48 54 20 30 62 14 34 44 76 22 68 9 71 76 95 63 85 95 8 34 76 30 92 38 64 77 93 96 6 19 93 34 40 73 6 11 13 91 44 88 70 42 28 31 84 100 41 23 34 79 52 20 74 23 46 57 45 27 55 28 30 27 62 73 50 29 30 35 36 40 70 93 53 1 69 78 
47 81 14 15 31 41 8 65 47 2 50 44 66 68 24 62 1 75 40 94 74 96 88 71 20 95 20 79 53 30 78 76 24 29 5 81 22 8 43 86 24 91 66 2 81 59 32 45 99 39 49 98 61 100 66 34 82 22 64 83 100 65 81 46 58 40 19 32 7 63 11 48 60 48 23 57 45 66 49 21 76 
81 26 58 10 30 39 87 64 21 35 64 25 53 43 3 65 90 76 52 37 47 58 59 33 64 11 51 17 63 88 29 64 42 21 16 74 33 71 35 33 25 32 1 63 46 72 61 39 35 5 94 14 59 16 72 52 62 87 48 57 34 95 3 71 49 1 88 55 10 13 29 88 99 18 95 47 7 8 24 52 19 
58 81 92 57 7 88 50 100 68 34 23 68 60 72 81 8 44 54 8 23 10 69 48 38 18 65 13 5 37 95 52 68 94 5 75 55 44 51 88 65 39 12 78 64 10 60 54 13 44 70 40 91 91 93 63 76 25 50 1 15 79 71 62 88 88 33 22 26 27 50 52 81 47 10 86 26 12 88 28 36 7 
58 7 89 75 92 8 74 92 11 49 24 97 45 82 70 29 98 41 100 44 21 57 1 4 71 12 70 73 71 17 35 57 14 20 51 73 96 86 30 36 29 98 23 88 4 91 86 21 2 92 66 76 44 41 15 86 62 22 15 34 18 11 49 26 3 40 71 83 85 22 72 43 5 91 13 94 33 40 93 84 24 
87 68 88 46 73 41 32 70 87 93 82 38 78 100 66 59 79 99 91 83 75 62 58 61 71 2 92 9 62 29 45 6 88 12 39 97 43 34 46 99 74 38 37 30 60 93 39 88 0 40 74 56 22 95 92 37 86 6 99 7 62 17 52 66 11 59 74 13 74 80 97 78 55 97 64 92 78 17 23 65 20 
63 97 21 75 98 18 96 81 49 72 96 24 61 65 88 23 29 26 57 10 96 14 53 3 21 61 13 27 43 10 35 6 89 14 37 67 31 79 19 5 62 6 39 8 48 57 27 41 98 22 35 25 35 96 92 95 73 69 84 84 23 7 16 77 0 70 7 58 88 75 11 9 84 36 98 52 47 16 12 34 1 
75 1 18 83 1 83 4 19 67 85 95 96 32 95 1 36 97 83 37 95 74 94 47 64 35 25 66 12 44 38 24 33 84 51 15 54 55 32 10 36 73 94 88 79 19 27 3 92 14 59 18 9 7 9 69 55 15 75 42 80 56 74 84 43 42 29 69 0 44 71 91 7 44 85 66 75 17 40 55 23 36 
76 42 24 70 22 31 20 29 90 45 66 83 55 37 40 29 22 58 5 22 45 28 26 77 24 8 68 88 31 82 43 59 19 76 64 20 16 92 32 68 11 18 75 69 90 60 91 14 66 89 84 5 25 3 91 5 78 71 27 6 69 60 20 74 22 14 84 84 96 6 67 60 77 82 89 71 55 80 18 56 37 
93 84 73 0 1 8 6 4 86 3 64 92 18 85 58 60 77 76 46 85 37 11 75 18 29 74 63 1 75 5 1 62 29 89 71 81 7 95 91 57 63 28 64 6 36 20 78 54 11 61 59 28 44 61 19 61 35 83 29 46 76 92 88 8 83 10 5 95 9 73 11 87 89 18 25 94 44 72 89 73 91 
97 37 91 91 16 42 29 49 45 71 78 65 75 39 93 66 97 52 93 95 73 61 38 23 73 80 1 25 41 37 27 15 70 62 59 40 88 29 39 94 78 2 57 76 9 71 74 17 28 44 47 53 34 69 51 7 74 74 49 15 87 56 78 12 3 77 37 60 92 3 3 74 79 52 11 93 10 86 58 1 16 
85 47 79 3 4 61 56 86 68 26 99 25 70 24 35 49 88 52 16 54 31 32 67 29 63 42 54 48 78 96 10 8 38 3 63 34 78 99 61 56 37 93 12 33 89 18 63 96 68 49 80 8 15 27 28 93 91 18 47 50 28 84 62 81 33 49 1 89 36 92 91 15 69 80 47 43 15 51 2 63 53 
97 20 97 98 89 91 15 6 82 11 4 7 63 1 45 62 36 91 36 66 60 91 75 67 88 43 44 40 64 87 1 43 81 10 65 59 9 62 28 94 42 39 55 76 20 99 45 81 34 28 56 93 21 82 33 48 87 92 86 42 39 76 98 1 8 24 72 21 80 26 41 53 81 73 4 82 88 53 58 13 38 
13 32 83 88 63 66 41 19 36 74 91 8 55 70 56 7 36 81 42 85 46 51 96 50 6 13 64 42 89 93 42 60 49 58 38 66 8 37 94 96 74 73 41 45 37 69 100 25 23 65 21 3 59 35 49 71 88 99 48 7 56 93 17 32 36 35 3 60 70 91 62 99 50 3 41 71 62 79 88 31 65 
3 97 11 80 54 55 34 12 36 52 50 32 31 52 9 80 72 60 67 76 52 21 80 64 46 27 51 95 15 41 12 40 84 44 81 100 51 67 4 30 59 79 86 23 18 23 64 86 87 29 81 30 32 57 63 65 39 23 96 28 27 44 79 31 2 79 77 86 53 54 13 43 60 25 70 57 94 72 90 61 1 
72 89 13 23 70 38 55 76 43 62 82 99 44 59 21 64 56 61 84 69 0 63 1 88 72 9 94 30 4 1 15 51 87 78 85 2 77 72 87 10 89 52 100 44 54 2 95 77 71 89 14 91 3 28 11 48 94 51 14 35 90 35 58 74 12 24 77 26 5 95 66 54 54 11 54 9 51 80 39 62 55 
13 74 94 73 51 26 6 50 92 31 48 61 43 2 19 25 4 0 37 100 12 47 75 18 32 45 78 75 79 40 46 80 83 37 33 34 47 55 87 93 70 80 40 16 2 62 42 43 88 43 58 17 98 40 100 52 54 97 60 29 12 90 64 57 37 54 52 28 100 54 68 61 71 25 16 16 8 51 5 21 40 
70 96 28 96 2 11 14 58 61 4 85 10 77 58 37 17 52 73 6 63 35 88 83 25 56 14 89 77 88 83 54 21 19 40 19 21 46 55 53 73 15 90 73 23 95 78 9 54 36 0 38 62 60 44 76 9 90 4 20 43 90 51 75 88 9 64 90 59 33 27 5 72 66 27 91 23 38 83 0 78 85 
24 3 92 41 89 47 43 69 92 67 65 76 99 57 90 34 22 53 64 78 89 99 74 44 62 100 0 1 37 80 11 55 17 100 18 44 35 94 95 63 9 46 17 69 20 12 75 62 53 36 62 45 53 47 42 7 71 23 69 84 17 52 75 81 32 34 78 85 52 99 75 69 27 40 100 93 18 92 85 41 78 
82 49 54 95 55 88 40 65 51 60 82 1 64 82 73 6 32 76 30 66 36 40 9 48 94 27 70 3 85 57 95 99 44 92 71 43 16 65 54 87 36 25 98 83 98 41 15 61 30 88 1 63 70 94 34 5 18 39 27 94 19 22 22 2 96 26 17 90 13 73 87 12 96 39 32 55 80 60 74 98 82 
