94
70 86 51 83 18 68 87 94 94 15 66 10 100 59 17 59 65 80 18 57 1 51 11 94 90 25 71 38 87 3 52 13 57 35 22 0 65 33 38 68 97 2 30 43 80 20 8 68 38 19 91 9 91 43 27 3 75 5 73 71 70 45 21 32 37 70 11 87 3 36 75 62 68 97 58 39 93 22 82 0 10 69 81 64 70 64 54 0 95 16 26 50 17 76 
83 74 36 5 40 22 89 42 62 93 40 48 36 12 44 81 62 75 8 49 27 4 85 20 63 41 56 87 11 61 98 28 45 67 31 16 14 38 3 50 31 1 47 12 87 72 17 97 90 78 11 39 58 55 5 53 94 99 70 53 47 86 56 20 30 10 52 35 34 7 57 91 76 47 24 57 75 22 71 54 19 69 48 75 90 89 27 33 45 69 47 59 92 1 
16 50 74 72 79 51 84 51 83 28 55 9 8 53 2 63 40 19 19 76 0 49 28 23 77 68 86 65 1 57 41 81 76 2 28 91 42 12 38 32 45 60 92 90 39 83 11 88 38 40 71 99 0 13 70 20 1 95 43 23 46 5 32 91 12 41 55 76 28 23 64 62 30 15 71 6 55 33 81 89 53 50 72 7 33 77 97 88 79 86 11 100 98 73 
39 95 76 15 35 7 70 47 14 97 55 58 45 2 100 1 32 50 51 62 31 40 33 8 83 79 13 44 48 71 74 34 77 50 97 55 59 34 54 6 31 35 59 82 28 37 15 93 22 54 74 74 75 7 91 30 91 93 34 6 76 31 94 74 98 11 79 75 34 78 20 79 46 25 12 16 100 94 47 18 51 76 39 66 40 90 42 27 72 73 98 43 79 100 
78 81 96 27 4 71 82 27 58 0 81 58 9 22 1 73 42 98 54 87 43 1 81 37 79 39 65 7 86 57 8 11 48 55 0 41 33 23 35 44 8 68 44 70 71 94 40 98 47 59 6 55 57 26 63 72 43 65 1 32 9 83 79 24 29 2 83 94 99 94 44 60 64 31 35 43 44 56 89 9 13 37 24 41 29 69 67 84 29 60 99 26 5 89 
66 15 45 38 53 18 12 27 70 75 70 1 43 4 5 71 80 71 91 77 61 3 85 40 88 35 82 38 64 14 34 76 14 84 24 85 58 47 62 51 92 61 22 47 43 28 54 29 13 66 31 27 10 95 24 36 35 58 99 72 95 68 87 77 28 47 95 71 87 3 14 78 99 62 68 93 3 30 17 56 54 98 92 49 3 63 26 32 31 54 26 91 75 1 
79 60 79 44 87 34 66 9 8 99 96 88 6 22 77 76 50 9 27 90 25 7 12 51 45 89 13 97 67 82 82 76 51 23 0 33 30 22 60 81 62 92 3 22 90 77 9 72 33 82 24 86 92 79 47 99 12 48 32 27 71 91 77 99 75 100 91 93 61 88 75 28 71 15 53 17 18 56 34 74 74 94 1 50 48 43 56 39 34 36 53 60 41 21 
13 20 44 53 13 24 12 91 54 60 5 11 93 99 47 17 73 80 5 4 78 68 56 93 29 1 96 62 55 78 33 32 34 38 81 83 93 45 20 1 81 76 12 4 84 58 81 75 36 35 89 1 37 44 77 24 93 11 58 15 31 34 52 44 70 94 34 18 21 98 23 97 77 75 16 2 1 59 78 0 26 30 9 7 27 2 75 45 13 88 57 72 91 54 
57 33 40 76 80 23 53 40 61 61 2 48 18 97 34 36 46 26 32 99 83 77 58 91 15 67 98 47 8 87 52 31 56 32 54 16 18 95 5 55 74 87 58 86 95 58 87 96 45 39 32 21 47 97 6 74 65 12 89 99 0 100 52 31 11 35 10 95 79 60 63 43 5 74 84 69 99 44 76 9 87 86 94 25 71 89 12 37 92 9 71 49 2 34 
40 88 34 92 95 32 16 83 72 24 99 32 57 77 62 94 32 25 35 69 74 81 45 6 80 88 66 98 67 100 57 95 81 6 90 9 86 100 11 57 42 41 100 76 95 85 91 28 3 57 4 52 19 3 91 34 76 52 59 19 39 46 84 70 50 64 93 53 46 10 73 9 50 56 55 29 54 59 68 52 47 92 61 53 63 57 54 93 32 79 43 27 88 81 
79 29 40 4 10 47 32 23 34 1 33 51 15 24 29 67 53 52 38 84 23 50 30 47 8 32 46 33 95 84 52 92 17 28 58 46 62 72 87 44 58 25 96 28 29 100 56 67 85 99 65 62 61 78 33 26 52 37 77 4 88 56 12 60 48 1 21 74 18 67 42 21 31 7 3 10 50 3 7 13 74 45 27 20 94 30 75 93 10 26 48 100 1 20 
87 64 97 70 66 46 100 28 20 53 68 6 88 42 29 90 97 58 11 26 43 27 96 56 45 89 38 49 48 48 14 61 31 77 67 35 38 89 81 11 31 77 9 14 45 86 24 22 74 46 63 61 41 20 90 66 25 2 13 89 30 98 8 69 42 66 38 81 0 100 86 29 76 81 22 55 34 24 91 71 31 19 71 51 66 6 53 24 84 70 41 60 9 18 
65 43 56 97 67 76 30 47 92 51 42 95 0 85 78 64 87 14 98 13 56 80 76 65 11 56 80 67 54 12 68 98 68 93 45 27 85 71 16 68 26 4 6 97 66 95 63 27 72 39 42 60 12 14 42 42 45 44 59 19 11 26 47 47 3 32 24 11 1 99 63 72 70 77 38 7 65 7 43 60 7 39 72 86 13 4 52 58 85 27 60 96 98 17 
58 96 58 84 46 0 2 76 89 38 53 10 93 95 70 79 31 27 56 16 36 13 8 84 4 1 11 2 6 12 25 31 73 94 21 80 1 38 51 0 25 13 59 7 13 72 83 97 8 14 84 81 18 61 22 66 15 31 59 27 14 29 32 49 27 11 83 57 21 64 85 56 20 20 22 28 36 95 28 83 18 26 55 49 45 41 58 50 12 77 11 12 86 50 
84 82 22 40 33 63 74 15 19 5 32 45 28 88 84 68 62 90 69 91 38 47 80 61 94 17 37 38 8 31 14 28 73 77 23 92 68 52 70 21 47 97 38 51 14 62 68 39 63 6 30 52 1 7 26 26 84 31 48 85 35 10 82 58 15 10 58 96 82 86 56 9 36 60 24 66 71 84 90 3 37 52 40 78 16 72 27 34 61 38 14 59 33 38 
59 82 57 96 20 5 69 34 18 1 32 8 95 92 37 44 39 99 17 78 97 55 54 90 62 79 34 68 20 70 94 59 5 85 70 75 66 93 29 75 85 13 57 37 66 99 4 91 98 9 64 70 66 91 91 15 53 51 88 32 67 99 59 74 70 1 50 25 17 50 63 94 18 57 7 26 68 28 19 30 31 66 63 47 74 13 99 15 59 34 83 26 64 98 
23 43 91 7 23 57 59 90 70 83 24 41 60 36 46 92 75 25 99 43 27 59 13 69 57 61 78 9 58 29 40 88 34 86 95 26 40 11 39 45 52 45 44 67 65 11 59 72 18 100 46 61 95 90 41 27 44 32 48 52 28 100 36 62 89 78 98 25 79 64 72 69 16 89 62 33 51 80 80 20 49 32 9 86 32 57 77 77 39 17 46 32 84 83 
7 81 36 51 5 18 42 22 35 36 66 29 98 34 21 50 96 60 15 60 13 28 32 8 4 25 24 11 88 15 94 3 21 79 77 98 12 64 61 27 68 39 9 93 11 58 59 14 7 83 21 79 72 44 13 27 73 3 82 18 27 65 0 72 63 58 63 67 1 66 94 54 78 94 56 11 3 88 19 50 30 52 17 41 88 35 21 27 95 59 98 48 59 36 
27 80 27 93 99 65 44 74 23 6 33 34 16 24 11 3 38 15 93 2 9 58 52 48 28 58 45 63 58 22 15 82 69 2 27 24 39 58 3 82 60 25 68 14 1 81 12 80 26 50 39 36 54 99 46 77 32 99 66 4 50 66 69 48 1 96 88 69 92 69 28 30 41 83 79 10 26 36 24 88 69 78 26 27 58 89 40 57 59 64 61 95 64 14 
30 78 75 1 48 9 15 76 60 3 29 83 28 18 5 54 1 91 32 7 26 21 82 13 94 72 60 99 100 64 91 9 50 9 16 42 61 1 20 18 25 33 15 63 42 53 55 4 38 50 56 27 23 33 35 14 54 50 13 83 14 63 22 2 16 77 29 24 95 69 67 93 42 94 15 95 9 51 95 69 69 22 57 9 17 46 83 91 59 65 24 28 0 64 
53 50 58 7 95 37 30 6 70 53 19 7 73 80 84 68 43 33 67 58 28 10 21 16 35 2 34 34 24 79 21 58 78 20 43 25 68 51 64 82 94 9 50 41 58 56 85 83 23 94 43 3 40 67 65 70 62 63 95 24 71 12 100 57 96 86 76 50 84 20 5 28 54 33 20 4 66 91 92 90 57 50 48 1 40 100 88 2 77 47 46 42 49 40 
25 94 4 27 4 96 51 84 78 54 19 51 4 57 20 87 52 8 69 15 73 89 51 13 47 80 51 85 82 44 70 3 52 20 4 36 10 73 58 60 18 33 9 47 65 100 71 78 77 77 86 6 45 97 72 95 11 39 2 66 83 30 72 80 96 9 98 8 19 85 66 53 81 14 96 65 53 80 93 32 38 51 34 51 34 54 80 11 65 87 5 36 22 44 
17 77 37 54 89 48 94 34 15 48 28 14 100 5 11 92 88 48 75 10 45 82 47 85 28 16 5 0 83 1 60 79 99 37 23 69 81 70 34 15 22 13 44 19 96 27 69 73 87 61 91 54 49 40 28 5 45 45 46 27 7 24 45 68 32 34 62 87 81 94 82 19 80 100 19 88 10 46 45 6 44 35 49 0 77 77 65 30 38 14 12 86 8 24 
18 95 62 76 27 62 99 48 16 34 56 42 64 48 20 37 49 23 43 70 83 89 64 48 81 70 89 25 44 63 64 80 5 85 60 1 56 69 42 69 57 39 99 58 99 98 55 31 78 96 92 96 86 79 45 20 39 26 56 61 95 17 1 26 24 10 21 84 50 3 23 0 62 13 28 46 61 5 95 19 16 44 26 77 15 51 58 66 42 0 77 88 34 79 
3 57 81 89 71 29 75 79 55 96 27 27 46 89 0 10 71 47 42 33 6 11 96 4 41 65 32 88 62 54 43 46 2 25 70 82 59 76 60 31 53 11 89 49 25 52 82 22 68 22 19 73 23 27 12 61 34 6 89 77 1 92 19 87 84 38 76 99 61 94 99 17 31 18 22 43 19 85 84 19 20 6 0 19 91 90 15 61 80 88 31 54 61 16 
73 43 83 65 71 91 82 89 49 11 7 91 42 66 57 16 98 52 14 21 28 73 50 92 21 65 21 11 19 1 82 24 27 23 87 29 18 58 50 97 33 11 2 10 1 72 43 61 31 41 91 46 35 81 69 63 7 55 2 92 50 94 82 97 22 9 34 13 69 43 22 87 36 33 35 70 93 9 60 16 3 76 36 16 43 32 44 65 18 33 71 46 61 3 
57 95 10 50 16 59 63 36 83 63 8 13 29 68 45 22 65 61 51 18 94 28 59 66 95 90 59 20 75 3 28 97 80 67 57 67 76 64 30 71 39 60 63 9 8 10 32 52 95 57 21 99 56 32 85 63 70 65 0 60 63 100 65 35 97 39 45 52 6 86 88 28 29 45 80 100 97 11 62 30 59 50 78 18 68 39 5 51 43 51 80 15 86 78 
27 78 33 25 67 66 52 36 45 31 14 19 99 81 21 95 82 91 47 68 97 50 25 16 0 2 16 39 94 68 99 89 6 76 92 18 33 40 10 88 98 52 86 17 27 72 12 89 82 56 22 20 70 35 76 91 35 36 16 54 7 22 53 91 35 79 49 96 67 79 30 71 31 4 57 5 35 10 99 31 86 47 27 2 0 86 18 45 65 14 98 55 47 2 
6 52 86 29 59 16 3 53 11 73 20 51 71 83 57 57 11 69 62 82 80 90 9 84 4 21 33 47 41 32 3 51 15 45 66 66 54 24 96 5 5 38 29 99 98 82 91 90 85 55 13 70 73 41 29 84 35 17 74 87 53 9 33 32 40 55 28 23 41 45 7 49 15 71 10 97 31 66 99 7 53 51 86 19 78 98 6 8 65 92 9 33 68 42 
55 32 39 69 58 30 4 86 19 69 96 31 6 43 96 35 8 31 52 24 60 30 43 87 2 52 0 58 51 31 45 20 52 55 77 88 85 11 5 39 22 16 52 37 47 81 37 19 8 0 21 54 58 1 92 12 94 77 97 90 99 71 74 67 73 26 15 15 75 87 80 78 26 17 44 67 52 97 33 81 55 75 99 24 43 26 24 69 68 18 64 16 42 87 
65 34 28 91 20 66 32 72 43 59 51 66 80 54 32 23 84 17 66 36 26 26 13 91 18 26 30 80 61 27 61 60 60 12 94 14 58 61 2 77 85 22 32 26 19 90 85 40 17 57 24 86 45 62 8 79 27 41 97 38 0 67 22 15 25 20 9 85 98 29 70 8 72 90 19 33 78 25 97 69 90 62 78 43 0 38 6 69 82 54 99 36 45 40 
82 25 53 11 80 6 8 8 57 67 48 68 76 94 16 68 44 79 82 27 35 51 38 72 25 35 88 85 83 92 10 9 87 5 64 73 72 7 63 43 24 49 33 43 81 81 52 83 93 85 1 80 72 72 5 87 20 47 29 38 8 89 63 93 71 17 4 22 17 34 33 86 74 47 25 88 23 42 53 94 98 46 85 80 28 88 50 13 88 68 67 1 49 84 
19 67 59 70 47 11 12 54 94 98 46 48 96 54 11 94 36 83 0 67 90 21 6 0 24 92 61 59 36 46 92 3 50 69 64 12 92 26 18 56 21 46 18 33 95 79 64 21 72 87 35 98 6 28 73 33 78 70 15 75 51 23 40 44 76 91 88 45 63 83 57 47 93 7 9 83 50 83 14 83 84 4 23 33 49 62 60 30 66 1 62 66 100 69 
8 74 69 84 20 9 14 31 18 56 89 66 78 67 63 66 12 4 44 90 75 14 58 12 62 53 42 50 53 78 49 1 28 29 55 55 43 95 24 55 54 30 89 12 17 57 13 14 17 85 77 55 90 27 100 3 38 88 65 87 79 51 43 22 42 17 8 72 25 34 100 69 81 40 76 48 65 14 57 96 7 92 61 70 56 3 69 94 12 36 92 89 70 23 
100 16 8 16 57 59 25 7 72 23 78 75 34 80 95 99 28 59 72 62 22 64 53 19 87 73 72 25 81 43 94 25 14 50 0 76 80 98 89 37 100 98 91 44 49 21 18 65 34 40 15 5 42 22 47 98 100 62 68 98 96 44 60 84 61 73 2 13 6 27 54 95 69 7 27 77 7 98 91 63 62 54 55 100 50 89 94 3 81 19 16 19 99 94 
14 21 88 18 16 17 20 46 46 94 91 99 60 24 99 38 2 36 72 100 24 95 31 64 38 51 30 31 97 75 53 0 43 57 20 100 56 48 55 8 80 96 3 52 26 56 11 82 83 26 5 58 70 8 17 8 14 99 77 19 52 72 25 83 71 1 61 17 50 34 94 29 58 4 74 81 25 64 39 75 3 69 77 95 51 32 97 39 45 47 71 39 91 34 
84 66 64 64 89 51 40 77 75 79 73 71 91 28 24 59 74 72 71 94 77 57 42 26 5 30 43 47 95 76 84 9 98 83 22 48 58 65 84 44 86 86 7 94 75 74 49 72 11 35 35 27 76 75 33 19 32 15 10 92 53 49 68 64 36 75 91 53 0 5 51 79 68 36 32 10 70 29 95 55 48 33 82 92 18 62 26 12 18 84 35 20 80 12 
42 85 74 91 50 72 26 2 26 90 10 76 6 11 46 38 17 81 82 46 36 3 26 13 37 78 57 86 100 16 34 51 71 79 82 87 20 96 18 69 8 59 57 6 80 26 3 76 38 41 12 57 64 76 97 7 98 55 90 25 69 10 2 82 83 74 37 27 60 8 40 98 11 38 3 88 90 34 65 53 42 49 40 60 70 14 5 6 52 56 13 68 3 78 
98 57 69 18 17 85 70 90 27 68 60 48 95 38 63 57 82 12 78 37 69 57 96 22 4 54 59 63 75 36 48 38 59 60 86 80 99 38 86 15 97 41 97 81 28 33 16 62 31 28 59 59 2 56 23 100 20 78 92 29 72 7 40 58 51 6 54 46 64 77 84 56 38 59 76 0 54 6 55 64 17 9 63 89 47 74 75 37 57 88 38 75 54 20 
1 46 68 47 57 27 93 97 82 79 20 49 67 37 73 49 72 19 72 96 30 19 8 36 11 24 98 77 98 95 24 71 49 62 27 63 43 52 68 100 33 43 87 20 53 96 36 10 52 35 51 61 67 66 99 74 30 46 99 19 87 51 35 10 84 4 75 70 26 71 77 97 32 7 59 65 30 49 48 98 67 58 38 11 42 63 25 27 70 82 95 74 33 77 
91 51 98 22 84 14 81 51 3 9 11 23 33 57 10 40 65 75 79 84 45 87 91 66 1 45 9 4 96 83 82 77 48 61 72 6 51 79 49 85 36 62 44 37 86 54 19 83 93 65 36 52 7 59 7 49 41 83 65 86 90 69 89 25 14 68 76 96 2 76 34 82 65 91 39 93 65 97 96 62 90 48 81 48 90 32 56 8 60 3 91 91 39 40 
26 65 49 54 71 72 90 51 5 73 80 37 47 26 100 8 94 32 68 64 40 2 81 44 62 59 73 80 82 79 87 85 80 11 63 63 2 64 93 84 96 8 75 53 59 73 92 95 80 18 88 6 32 91 99 67 14 38 0 90 73 6 48 76 47 51 19 94 8 44 13 87 1 61 43 96 0 61 23 45 36 14 62 31 63 33 85 1 67 1 62 20 36 25 
16 68 44 37 31 5 16 32 86 3 84 20 80 30 40 13 50 30 58 87 56 49 29 99 9 86 38 27 78 68 83 82 63 0 97 96 66 12 40 93 66 11 68 0 84 31 85 49 5 4 55 72 87 29 15 97 70 87 9 10 72 34 65 17 33 93 48 23 38 89 85 33 40 22 41 33 53 81 80 84 100 6 52 75 21 100 95 85 88 7 27 70 69 29 
71 69 51 50 52 86 18 65 44 10 17 78 59 70 87 67 8 27 19 55 85 72 81 45 31 66 13 83 0 43 95 72 31 70 16 57 81 20 26 30 100 23 38 55 36 85 89 88 95 84 27 54 7 10 33 8 77 88 22 79 5 88 77 89 12 47 5 84 15 32 34 32 23 17 64 61 55 70 62 49 1 54 63 88 84 6 4 90 73 43 17 97 78 83 
45 12 23 24 71 83 57 0 65 75 77 84 88 39 61 39 11 62 30 33 44 26 95 49 67 49 48 70 26 69 22 26 29 86 8 20 42 89 14 72 94 19 7 58 25 63 62 27 43 48 22 13 61 19 34 95 47 1 23 53 6 61 2 38 64 58 54 47 25 18 16 64 47 89 57 22 21 39 33 88 66 36 56 81 85 2 10 71 22 22 6 19 40 72 
51 56 81 86 85 15 3 74 1 66 3 59 51 1 46 8 10 95 89 62 52 16 60 92 46 78 20 42 94 45 34 33 62 41 16 36 63 29 36 37 24 34 93 67 6 68 98 43 97 43 24 69 66 98 10 87 77 82 23 51 73 49 25 8 92 73 7 80 92 88 57 76 52 100 95 5 30 40 98 49 56 48 85 10 98 98 34 71 52 23 62 98 18 96 
76 96 66 51 94 99 12 86 81 37 70 60 43 26 17 80 98 64 18 45 85 45 81 83 7 8 37 10 20 86 96 96 73 23 69 96 13 82 5 13 95 54 71 85 23 39 52 95 75 60 78 90 39 41 92 15 83 49 10 23 33 81 58 3 33 54 52 50 10 25 90 57 65 41 68 14 70 10 6 38 31 41 92 58 67 73 43 56 87 22 65 12 88 1 
48 22 97 85 30 73 27 32 25 98 34 96 84 58 71 67 43 8 97 44 82 46 87 24 90 56 27 43 5 97 22 28 98 97 32 43 82 46 8 16 9 10 18 97 58 97 65 89 13 50 29 39 34 72 19 87 23 65 85 6 55 67 27 98 27 17 34 90 51 73 0 97 79 68 15 8 43 80 43 18 58 51 10 27 99 70 87 58 76 28 17 94 46 85 
42 2 47 22 25 19 43 74 52 0 9 36 96 77 5 29 47 54 5 46 50 44 90 100 12 44 16 84 60 66 28 80 62 98 55 94 51 57 29 92 12 65 15 78 8 30 26 37 71 50 75 15 85 59 84 38 22 62 55 67 25 69 64 55 29 91 41 58 88 64 45 90 32 31 52 50 77 81 100 63 60 23 74 84 77 72 24 82 44 31 40 7 0 30 
30 82 42 51 81 89 36 32 91 51 65 51 11 6 2 20 35 40 10 43 99 21 15 16 17 51 4 83 60 31 50 60 19 0 47 4 40 3 22 86 27 78 65 85 26 94 65 29 56 71 73 41 35 44 16 60 32 83 35 55 41 59 16 52 34 25 43 33 75 65 1 84 83 95 88 98 68 57 16 65 98 26 44 2 57 13 22 0 4 36 67 93 48 6 
15 84 95 39 82 81 29 83 55 16 48 46 90 65 45 33 91 72 13 51 78 75 30 34 2 72 31 92 33 50 87 86 43 12 33 93 65 44 36 11 89 7 80 95 31 68 9 57 93 74 66 57 77 60 5 60 51 37 76 47 69 88 0 2 69 81 99 11 46 81 18 48 36 13 97 27 73 98 47 58 7 81 36 27 96 18 25 86 92 97 64 22 10 75 
73 59 42 13 50 89 32 6 87 39 59 23 83 46 77 52 87 60 97 83 17 16 40 70 20 54 72 78 87 58 95 89 25 53 85 18 65 88 79 94 42 74 44 59 84 79 5 37 95 85 97 54 15 49 69 91 12 54 67 47 99 14 62 14 18 77 99 87 30 42 95 72 75 87 3 76 13 71 24 67 77 46 22 51 53 18 91 14 7 16 80 99 17 73 
53 43 53 18 61 90 52 58 40 29 62 60 79 60 46 86 1 61 77 54 62 14 65 90 66 33 6 21 37 62 27 33 10 76 68 61 24 85 45 8 27 13 72 17 36 34 22 12 3 50 79 16 85 66 1 98 8 98 96 91 95 100 74 17 79 21 41 84 19 9 43 40 18 26 62 32 68 50 45 55 1 71 5 33 33 11 25 47 82 15 50 95 34 6 
68 66 3 95 90 60 54 87 91 68 29 30 77 18 95 94 84 42 68 69 19 0 28 37 14 15 0 52 37 46 63 8 86 43 31 20 72 58 10 20 47 78 26 45 52 40 62 85 68 19 73 96 20 11 65 16 60 46 33 30 9 4 15 67 65 29 11 29 80 43 50 98 87 26 27 48 11 3 43 75 96 56 94 12 49 53 17 0 69 58 98 32 11 76 
53 75 8 28 94 61 51 76 7 89 98 38 1 75 67 60 37 48 25 38 5 87 84 6 36 27 60 35 65 97 76 8 64 58 84 61 31 63 58 10 97 46 81 11 70 16 22 8 72 21 83 74 85 96 43 50 47 15 68 37 56 19 23 100 62 76 22 73 77 91 12 98 7 6 53 13 5 25 68 92 97 46 55 93 13 22 84 57 52 67 39 89 45 57 
65 88 88 18 19 26 86 5 67 83 5 88 43 80 33 9 84 99 93 4 94 43 70 59 2 96 32 68 38 89 57 19 0 61 8 11 33 5 14 80 11 6 34 91 97 20 26 35 39 61 66 11 17 93 38 5 34 30 42 85 38 4 68 80 18 49 19 11 89 14 21 91 77 6 11 100 70 11 15 26 93 59 47 17 3 32 1 68 53 19 15 69 31 74 
6 63 98 29 39 8 72 78 66 24 30 14 35 82 36 2 77 65 92 17 96 2 100 71 46 63 73 17 61 53 21 5 52 58 2 23 15 25 34 39 9 76 82 56 78 87 83 10 42 92 72 5 97 81 11 38 58 12 45 74 64 53 25 79 35 6 92 99 23 17 93 66 15 47 77 54 86 48 7 26 93 2 59 37 63 100 13 85 26 48 62 34 88 69 
78 42 40 10 9 68 61 74 25 41 47 47 1 26 88 80 25 7 64 55 68 73 32 39 40 81 41 7 55 37 71 81 23 15 0 29 89 88 56 15 76 72 72 94 82 86 84 80 66 86 38 61 1 19 69 11 95 17 95 38 92 20 27 55 22 88 2 80 54 63 61 97 53 83 56 12 82 40 53 30 72 58 54 91 54 26 66 63 41 6 81 94 83 13 
51 39 51 19 83 38 16 41 57 2 27 22 69 35 3 95 51 95 98 97 100 75 5 90 41 71 6 78 93 36 74 43 10 61 96 40 31 35 78 16 51 55 36 55 83 4 90 46 9 19 15 41 14 99 28 52 39 46 86 85 28 35 54 31 49 36 61 51 89 63 29 28 74 5 78 69 68 69 22 90 37 34 10 2 90 8 80 100 30 34 34 99 85 69 
47 94 90 59 62 23 46 69 48 60 86 40 17 72 100 85 21 14 18 51 80 62 69 3 11 64 13 9 75 12 62 22 19 43 30 8 30 99 48 60 4 42 74 76 83 90 51 15 46 5 15 65 36 71 46 47 61 22 12 84 91 38 62 90 75 87 46 47 11 88 91 0 56 49 51 64 65 72 2 34 96 43 66 53 8 50 68 55 54 99 79 98 32 9 
87 71 56 27 88 17 63 72 19 11 48 1 55 88 21 87 29 21 6 2 84 78 35 94 31 3 6 60 91 26 11 79 40 76 45 64 83 47 58 4 32 72 16 65 52 65 72 20 13 64 57 55 61 82 74 62 86 26 25 19 50 80 6 21 28 21 63 89 37 47 84 7 81 20 88 51 35 44 100 85 36 58 61 65 66 91 91 89 32 15 4 36 89 97 
58 29 59 31 70 91 31 9 42 74 66 52 73 16 22 7 55 6 80 7 74 96 41 14 71 76 22 18 25 14 65 51 72 18 40 37 66 54 22 8 47 67 41 19 77 61 60 70 48 37 30 22 91 2 9 45 11 98 61 43 63 3 61 49 18 23 84 82 89 58 45 4 27 19 10 33 90 32 20 80 58 45 73 22 43 38 67 57 22 98 2 55 76 97 
88 30 29 98 1 10 16 78 9 37 28 36 30 64 95 23 0 17 22 20 97 35 2 50 89 7 29 90 55 76 16 35 82 68 2 17 6 81 65 83 3 31 5 90 8 35 59 71 27 96 48 74 91 95 82 80 24 37 73 58 77 86 24 3 7 65 100 78 14 55 90 38 91 94 30 26 4 34 44 58 52 61 2 36 45 43 29 67 1 70 4 56 78 23 
27 32 54 59 47 96 42 5 86 5 11 12 90 59 28 0 98 13 53 93 18 59 53 31 35 43 23 10 94 10 20 86 43 98 38 22 35 5 6 11 87 39 83 62 82 73 44 36 56 9 34 3 94 12 8 16 27 38 71 48 20 14 16 24 79 20 2 56 15 66 30 60 65 91 99 97 19 24 66 98 46 66 28 36 88 89 7 67 73 75 0 55 80 35 
31 53 30 67 18 99 7 52 32 45 33 7 29 55 32 39 57 1 83 46 93 70 26 100 47 54 79 73 46 85 84 7 83 40 82 49 81 16 93 61 37 70 41 31 20 57 61 11 37 19 71 61 11 13 99 77 26 60 90 46 17 75 55 38 36 13 7 24 12 12 17 11 69 45 79 99 96 6 62 9 74 85 3 63 97 11 56 75 45 75 91 5 100 46 
30 2 13 58 71 95 63 21 92 40 53 90 76 42 55 90 3 68 88 85 64 53 86 38 17 65 5 95 4 56 58 0 62 48 85 16 23 7 9 9 89 5 18 28 0 90 74 77 71 96 50 67 22 78 43 3 63 40 11 26 94 97 30 24 17 93 73 89 6 56 53 79 47 86 95 96 59 64 7 19 61 69 85 36 40 26 58 49 38 15 68 81 61 25 
34 85 74 21 52 35 50 79 23 60 70 79 10 33 99 84 83 53 87 34 67 55 68 35 50 49 53 23 81 80 47 31 61 35 28 94 47 72 74 60 76 20 22 5 0 91 3 63 7 94 74 10 23 42 42 86 62 10 80 18 59 51 30 1 82 8 87 37 36 71 85 27 93 58 35 3 98 26 99 10 63 43 62 86 31 78 93 3 65 73 56 75 11 31 
31 17 41 21 72 50 49 67 82 56 83 4 3 33 38 3 47 30 9 86 6 18 21 97 36 63 55 9 83 88 51 65 5 57 62 74 20 0 64 48 51 65 82 23 85 74 58 96 51 22 82 85 75 37 74 93 78 79 56 26 27 72 90 2 53 92 42 49 82 28 15 62 67 18 51 12 1 26 97 85 52 82 94 92 49 41 22 16 12 14 18 61 17 63 
41 5 7 89 59 11 21 41 86 14 95 28 80 1 41 10 94 59 32 99 32 38 26 100 50 79 25 78 19 85 47 17 22 40 44 12 64 9 16 20 9 69 89 50 82 53 54 69 92 14 8 59 64 37 16 53 95 46 89 22 62 2 75 9 51 83 79 19 86 75 60 14 74 46 91 83 0 62 55 60 33 55 42 42 30 88 43 9 42 44 65 46 76 51 
21 36 46 15 63 64 30 20 59 45 17 25 31 74 1 57 22 68 64 94 28 26 50 68 47 51 33 54 4 93 17 99 74 15 27 30 90 96 78 43 34 0 30 42 34 14 82 99 100 93 30 49 6 82 18 43 80 27 57 17 50 52 70 49 81 83 18 24 91 57 88 23 19 43 54 92 6 41 62 82 93 57 80 50 51 75 6 59 7 60 55 32 28 57 
42 37 56 96 42 5 35 89 95 21 63 4 80 27 49 36 90 33 74 3 63 31 76 70 63 42 11 40 23 55 59 90 72 31 79 31 24 89 33 26 10 84 28 84 54 57 48 27 39 10 78 95 29 36 37 22 13 6 86 28 5 100 50 73 20 32 91 89 92 95 34 98 23 38 93 55 72 50 83 86 11 8 2 12 32 16 27 86 58 44 41 58 99 38 
97 78 77 74 99 86 73 54 24 30 97 95 47 59 81 32 17 31 35 51 12 63 27 30 78 7 75 34 99 30 52 0 86 20 58 22 71 60 98 5 31 44 74 48 96 8 81 86 7 27 62 96 34 68 69 45 60 32 18 34 96 18 65 73 92 61 5 77 43 71 99 94 19 55 71 73 58 86 22 54 98 81 75 34 60 71 14 35 85 99 20 90 84 64 
89 1 78 6 88 70 13 99 7 72 95 75 83 29 66 45 7 34 20 46 81 90 43 37 24 83 0 39 88 23 28 82 27 89 97 8 2 67 44 41 61 1 1 9 80 59 69 7 91 85 100 24 11 18 5 51 57 78 96 84 5 46 7 54 34 96 92 64 69 65 61 18 93 52 21 61 10 87 26 68 77 19 46 58 30 9 29 18 77 19 99 58 33 47 
15 34 16 42 92 14 38 96 56 71 43 0 77 28 98 20 14 91 23 11 59 37 21 85 62 63 45 11 75 81 8 1 58 47 32 3 18 47 84 20 83 59 50 31 28 1 42 50 21 8 38 91 29 99 100 100 15 30 29 69 30 69 45 65 59 88 90 14 81 97 7 38 60 64 55 37 77 71 22 49 52 27 82 46 35 20 4 42 65 88 95 13 10 30 
34 79 52 19 51 66 76 39 39 76 71 86 1 17 62 18 91 73 23 22 66 23 45 31 3 31 51 19 10 74 98 74 42 63 87 79 27 9 92 100 32 96 61 46 32 82 60 22 78 61 66 37 55 26 14 100 89 21 77 34 46 86 14 99 13 25 27 69 84 53 3 47 68 93 43 87 93 45 90 58 90 34 27 88 62 16 89 43 81 99 11 57 73 97 
24 1 66 52 52 67 36 61 79 94 55 95 90 69 32 31 7 93 11 99 65 60 54 13 4 24 25 81 85 35 64 58 26 76 99 15 50 18 51 57 70 0 28 62 42 76 98 72 7 93 1 39 54 10 49 95 85 48 96 21 94 37 94 29 62 6 84 68 30 40 47 22 20 72 48 87 1 10 39 7 25 16 98 27 82 65 16 95 43 69 91 2 99 50 
39 80 8 78 72 46 9 17 95 96 64 57 3 96 36 95 10 84 34 19 11 16 51 21 78 6 80 84 36 44 23 82 78 86 86 66 88 69 24 8 16 75 20 52 6 47 77 71 64 56 47 53 33 40 76 44 5 82 88 36 86 94 57 61 88 31 50 45 36 40 20 40 84 13 2 99 100 32 18 4 55 88 15 61 30 19 88 74 23 28 47 12 17 37 
50 35 52 7 98 84 95 42 61 9 24 24 8 81 50 77 20 79 40 49 28 87 44 54 29 15 8 11 25 49 37 88 19 76 51 14 63 46 21 45 22 84 12 78 28 30 51 36 5 98 77 18 18 65 94 28 60 48 86 58 83 23 78 95 46 70 69 59 21 89 47 99 94 2 78 1 38 25 23 2 63 86 26 83 52 27 76 9 52 20 36 47 66 59 
98 40 74 28 93 56 86 69 82 35 81 74 100 83 5 86 13 97 42 87 49 35 39 1 63 47 91 51 90 20 10 26 81 37 12 80 8 30 9 34 11 73 100 76 8 63 88 80 97 75 59 67 7 78 24 9 3 74 76 27 28 75 43 41 41 34 32 76 4 10 83 30 98 8 84 58 88 45 28 20 72 25 95 11 67 21 96 70 23 4 23 10 86 65 
78 62 16 9 72 86 71 36 36 98 80 25 80 39 72 89 61 64 67 69 91 26 93 82 78 94 25 38 61 28 46 5 18 96 72 77 30 1 1 53 40 72 73 87 48 9 46 10 9 15 33 62 57 37 53 85 34 91 87 55 31 82 47 68 57 92 99 81 74 34 87 17 3 83 70 41 62 29 49 85 87 22 52 89 63 90 16 65 69 64 64 20 91 41 
77 79 76 48 14 0 30 14 23 89 73 58 38 18 11 28 69 45 94 78 30 69 46 51 54 62 23 12 88 79 9 46 75 26 46 4 65 47 93 95 8 38 36 19 23 31 99 7 46 82 19 22 99 57 5 9 38 24 80 30 68 61 73 7 33 54 26 48 20 63 17 47 38 43 18 82 47 76 41 38 74 43 45 39 19 37 5 70 41 9 58 7 88 79 
79 7 94 66 66 11 80 26 27 64 12 90 85 59 7 31 68 60 95 35 37 59 77 27 74 61 41 81 17 27 10 27 40 96 52 20 4 72 68 47 5 58 34 71 40 58 80 58 24 87 5 22 55 56 85 78 2 31 12 11 56 71 73 85 85 96 54 36 67 51 33 66 2 62 3 88 26 81 14 1 70 99 51 25 45 51 82 74 48 48 35 82 13 14 
90 10 53 99 97 89 70 18 56 58 30 29 27 48 25 27 40 88 77 48 31 25 41 9 34 31 30 0 89 78 64 27 53 50 100 66 29 11 19 87 39 33 66 34 9 70 60 89 61 27 33 58 96 60 70 43 33 100 34 97 55 98 24 76 30 28 94 32 54 96 8 14 12 30 52 70 59 78 89 55 59 12 39 21 46 22 44 6 100 60 6 66 17 42 
50 21 66 55 18 99 21 91 21 6 35 23 94 51 83 3 12 10 90 18 10 0 35 68 67 3 77 28 62 59 60 24 33 21 80 21 71 40 36 4 30 10 90 20 59 12 94 88 68 34 89 4 76 29 68 5 29 79 39 53 75 43 69 63 8 27 70 3 63 99 54 100 96 21 87 58 84 8 1 79 33 0 67 12 78 12 100 5 14 26 83 13 88 10 
33 85 47 87 11 57 18 90 82 0 70 80 62 10 63 15 22 31 25 79 11 64 75 22 40 94 90 83 35 23 2 71 41 25 59 42 53 24 78 96 77 88 91 71 81 81 60 27 70 8 99 35 86 67 38 4 47 54 16 31 46 29 91 55 85 25 97 31 22 27 95 73 51 98 87 24 33 7 100 62 61 84 49 31 30 11 53 73 32 28 40 100 96 10 
83 13 56 36 47 87 24 72 35 45 66 28 77 16 34 61 72 53 13 36 10 20 63 70 18 13 57 18 0 62 87 78 77 18 49 15 39 39 38 47 83 7 33 32 67 69 27 44 30 60 49 51 54 56 76 97 49 80 37 80 23 36 53 77 33 61 60 30 40 9 21 25 31 25 20 21 54 47 83 95 94 57 88 24 93 83 39 30 72 100 37 29 23 88 
51 86 76 53 86 53 57 19 6 61 91 36 41 65 21 64 98 79 43 42 53 58 77 44 1 92 28 68 74 40 4 24 66 12 96 26 25 67 34 83 3 90 86 44 64 92 43 75 94 0 24 33 69 64 97 77 84 84 74 50 17 44 61 1 7 2 45 34 78 59 57 8 100 32 54 26 10 85 83 84 19 93 48 67 63 59 82 12 87 94 80 84 87 28 
75 19 15 30 40 50 47 29 49 1 57 93 46 29 49 89 93 38 53 23 88 2 62 70 99 80 88 91 28 76 54 42 18 23 53 4 63 66 36 81 72 64 16 56 29 70 3 2 12 30 96 93 83 18 95 30 55 1 38 27 18 3 43 88 52 4 11 68 58 96 49 26 27 91 94 90 83 36 49 87 74 100 77 34 33 12 93 83 99 97 68 37 62 13 
28 29 24 98 6 94 35 74 94 88 57 73 81 46 0 86 9 56 96 28 51 12 8 3 89 76 12 78 83 40 85 24 37 86 76 85 85 90 67 54 77 93 39 96 48 60 91 45 64 85 87 46 2 27 36 31 15 68 22 54 67 34 26 24 47 36 32 93 14 96 92 10 9 78 95 43 41 46 76 14 40 6 42 27 38 8 11 55 9 22 91 31 78 3 
42 71 88 15 12 94 94 85 11 37 3 87 80 90 82 6 93 62 18 8 51 92 95 21 94 55 8 14 20 7 51 15 0 94 40 19 21 3 46 62 90 51 70 72 93 9 70 22 91 25 32 41 88 3 33 63 3 32 50 23 52 78 0 17 82 91 38 97 55 85 21 66 57 87 23 93 69 69 80 59 33 14 64 7 16 74 43 63 30 5 74 38 68 33 
13 42 85 33 65 59 96 47 97 68 7 100 82 16 83 32 66 66 0 9 48 72 91 57 38 84 22 17 23 56 87 59 56 3 17 59 58 72 18 42 75 72 99 66 61 19 49 56 54 73 85 60 73 55 54 54 60 21 96 28 40 80 68 36 71 100 6 79 2 60 84 70 87 15 52 82 81 84 21 96 52 94 92 86 76 36 38 12 78 3 29 19 71 22 
7 40 75 10 90 73 39 8 44 72 88 67 54 64 62 0 91 99 40 25 42 77 47 51 63 22 87 91 64 93 61 3 43 44 65 99 19 93 58 55 39 39 61 29 53 50 26 68 90 10 78 47 71 95 27 96 39 20 5 78 9 70 58 50 51 13 11 10 63 58 1 0 99 5 16 38 64 96 98 95 89 69 99 22 26 71 10 21 65 90 85 92 34 95 
13 100 46 10 63 75 100 60 64 100 40 50 91 62 66 80 1 93 97 9 14 95 72 5 41 37 28 57 98 91 76 28 76 94 83 93 44 2 26 61 89 66 73 99 45 0 99 0 65 86 62 63 14 92 84 72 14 13 6 95 44 68 31 55 0 84 52 13 57 89 50 93 75 73 92 20 70 89 70 75 16 2 73 53 63 25 54 10 78 74 66 21 54 49 
64 78 40 28 89 20 79 9 95 57 70 49 84 33 81 93 50 42 86 83 55 3 0 89 86 34 31 2 62 100 80 91 2 20 51 96 62 57 65 24 97 27 73 82 22 96 19 11 73 61 5 71 76 27 45 58 100 26 26 41 38 39 2 85 36 26 90 58 83 62 45 78 8 45 37 16 72 15 56 77 36 10 7 20 38 37 91 92 27 39 63 89 27 94 
29 54 22 60 17 100 1 70 27 94 94 23 65 57 86 44 85 55 2 90 27 93 87 40 9 33 17 96 98 2 53 61 94 55 80 5 92 10 4 9 97 82 32 47 10 63 4 79 28 42 100 19 1 56 4 37 47 5 30 90 34 97 26 88 57 78 92 70 77 88 20 4 12 32 16 70 81 54 61 60 36 71 16 39 67 89 12 27 29 17 42 86 30 44 
48 63 5 43 5 76 36 38 15 77 13 19 55 13 32 5 73 77 82 2 8 9 64 75 74 0 55 60 41 18 95 75 6 20 52 7 33 70 34 74 95 40 12 100 69 75 77 53 51 63 68 35 94 10 33 7 87 47 3 3 31 91 87 78 81 43 37 56 50 18 39 17 3 5 0 12 93 17 73 89 93 94 22 98 55 43 17 86 91 49 26 7 29 78 
18 99 39 55 28 11 96 7 17 99 25 80 44 81 77 77 34 61 85 96 0 50 40 30 61 18 64 86 54 8 68 26 53 41 38 28 17 26 75 43 40 53 84 63 87 10 84 58 24 80 4 35 84 89 58 11 8 22 24 30 95 28 92 49 6 67 23 79 24 86 55 52 78 26 38 51 49 88 93 36 60 8 17 27 80 40 86 50 8 19 28 52 31 72 
61 35 44 96 30 69 96 10 67 81 4 72 93 38 27 85 94 58 6 72 76 32 23 65 60 28 8 42 70 15 22 26 50 38 83 4 82 4 4 50 8 99 95 48 85 9 95 55 95 40 85 51 26 53 75 57 86 48 61 30 85 81 6 62 45 85 95 28 91 39 50 91 38 92 24 25 94 48 1 35 13 68 63 84 99 41 23 41 29 32 15 31 46 2 
96 31 48 73 99 61 60 71 58 49 81 69 71 79 38 31 73 43 84 99 64 69 15 92 83 77 21 24 26 99 67 32 80 70 77 69 68 52 80 41 82 76 24 58 13 93 76 33 13 83 55 59 61 59 88 45 93 55 58 89 49 97 99 13 24 97 60 9 27 10 32 39 100 52 21 8 33 58 1 21 1 38 89 48 80 68 14 87 22 0 98 7 40 96 
31 90 73 12 41 3 52 3 84 99 16 97 88 89 13 75 52 60 94 77 60 32 96 66 85 49 64 70 64 86 58 74 95 96 45 2 79 28 70 53 96 98 66 55 4 88 37 51 100 7 22 49 60 50 38 80 77 7 38 54 44 48 62 17 59 64 35 32 45 32 59 44 12 62 6 10 15 14 90 1 59 18 97 90 94 9 86 97 56 85 94 76 91 39 
13 21 30 21 17 52 27 33 51 13 72 60 22 77 28 1 59 49 83 43 2 13 77 91 70 60 81 48 2 90 17 24 76 86 57 90 40 95 24 21 26 61 100 6 27 0 17 97 32 24 63 25 1 19 44 41 73 70 94 9 66 84 5 88 12 21 24 87 29 75 50 55 20 40 10 63 58 63 18 71 1 66 27 6 33 90 40 81 31 88 30 27 9 82 
98 36 90 46 58 26 86 92 35 64 16 66 7 33 81 75 31 15 58 20 49 21 12 89 26 100 28 30 13 3 87 35 1 96 76 85 22 15 90 26 19 48 52 8 83 70 87 82 22 42 94 42 34 1 32 64 77 58 2 71 55 89 79 32 89 12 39 71 19 58 95 41 62 78 16 97 18 67 94 64 19 81 5 94 31 72 60 46 81 85 44 44 56 75 
91 92 97 53 51 45 92 53 35 84 31 94 48 17 86 68 47 30 15 85 89 44 28 56 42 47 41 82 92 39 7 2 56 67 23 3 83 56 21 96 16 83 13 5 38 15 44 58 17 25 67 25 41 71 49 69 99 64 73 19 39 5 89 55 34 42 33 73 9 61 28 74 26 52 6 96 31 93 43 71 3 27 96 96 64 60 60 23 29 74 7 39 29 49 
68 62 11 36 55 88 5 23 73 73 24 86 22 13 20 8 20 83 29 43 87 7 56 3 65 27 7 40 91 53 58 33 2 100 0 0 81 96 48 15 52 73 49 61 90 84 53 82 1 15 45 16 89 94 22 5 6 84 86 5 81 42 71 80 38 87 41 18 65 65 16 18 3 49 15 39 49 96 25 88 5 39 28 22 14 9 65 72 67 89 92 99 50 59 
68 69 12 91 98 5 30 85 90 19 5 73 14 64 54 13 87 60 35 66 85 70 42 26 92 21 67 38 29 27 87 25 98 38 50 20 64 12 59 64 49 13 73 9 14 61 75 68 39 91 85 54 43 98 12 40 9 77 68 19 80 86 91 35 63 83 62 34 58 20 0 30 80 4 60 21 59 40 94 64 33 28 39 8 62 80 31 64 26 72 68 16 1 50 
78 51 16 56 54 32 25 45 66 35 64 4 61 65 69 94 9 74 75 80 70 78 25 24 67 32 53 46 5 8 27 77 77 7 63 67 16 62 39 34 34 47 90 31 8 91 42 95 31 42 18 9 38 57 42 69 54 0 2 48 59 71 69 7 31 6 58 87 31 15 97 68 43 56 45 12 75 48 52 2 86 81 70 40 95 86 49 86 90 44 89 33 45 74 
14 67 99 22 9 40 68 31 23 60 99 74 18 83 72 78 50 56 11 76 90 53 78 49 11 80 35 58 25 65 17 82 25 62 49 0 78 12 85 91 72 56 69 29 0 84 48 19 63 80 62 82 88 87 18 78 18 89 17 58 29 14 73 55 44 81 70 55 73 46 30 22 19 36 88 74 85 68 93 4 95 79 5 21 24 35 33 47 87 83 24 82 20 62 
43 51 86 98 60 71 58 39 43 0 72 11 50 80 66 91 35 64 24 42 23 93 14 54 28 79 59 66 11 84 18 94 2 19 46 67 32 2 47 51 48 43 59 26 18 38 38 20 42 19 10 42 10 59 21 54 100 39 4 74 96 42 43 4 62 7 95 26 14 78 4 98 60 14 41 59 17 61 100 29 20 91 86 32 77 57 62 4 32 39 21 75 58 53 
19 98 73 56 77 97 48 91 49 51 85 24 0 19 34 81 49 100 14 93 59 49 46 93 5 34 0 37 30 71 47 34 70 84 24 3 16 82 91 8 48 43 15 26 50 51 24 49 87 21 9 34 18 14 56 42 70 26 67 35 83 98 70 24 22 80 46 83 13 69 9 68 23 62 33 22 27 29 3 40 14 90 28 22 26 31 58 52 26 25 83 81 53 20 
3 81 4 13 5 19 45 26 90 75 46 56 11 56 95 64 53 47 36 11 33 55 22 83 19 40 98 30 91 67 44 41 84 81 45 17 11 39 63 5 30 6 39 28 10 19 45 95 17 82 56 100 28 30 22 40 19 94 59 1 20 31 86 92 13 24 75 34 7 58 97 43 41 10 78 42 79 47 95 97 7 80 82 73 51 38 19 53 51 70 35 54 91 58 
33 38 60 31 26 12 81 91 53 56 49 5 89 18 56 21 89 78 96 95 21 62 84 64 84 57 23 97 4 63 9 77 69 79 52 38 33 11 55 47 14 45 95 80 51 34 70 68 96 77 19 0 84 1 43 92 60 67 59 72 95 60 76 61 0 46 86 7 32 94 94 30 39 93 32 91 93 24 36 60 14 68 80 93 81 36 90 97 71 85 94 66 86 34 
74 30 64 3 17 17 59 34 99 40 64 66 29 67 96 85 63 13 67 56 43 86 25 18 17 51 15 92 77 15 11 34 81 50 22 47 72 68 53 13 12 73 1 13 69 7 93 66 44 93 5 80 38 15 31 7 65 23 70 53 74 31 55 65 60 29 63 8 35 81 55 19 14 16 39 67 46 84 68 78 64 2 4 9 60 37 16 70 5 76 86 17 64 92 
50 89 66 25 0 48 57 97 4 49 25 58 43 41 74 32 58 86 95 100 69 50 64 27 97 83 54 68 92 16 37 48 85 28 41 37 77 64 53 76 48 6 3 79 55 33 74 66 50 16 100 80 28 38 74 82 91 28 64 51 93 62 1 19 97 61 16 12 61 83 1 0 27 2 46 54 95 23 86 63 84 52 30 88 39 43 75 18 21 98 26 77 72 53 
78 96 77 25 14 41 47 66 45 73 92 60 91 55 55 75 63 75 48 33 25 12 84 68 16 72 8 89 75 87 87 68 0 39 65 13 43 62 56 7 92 13 87 3 12 50 10 34 72 23 86 58 15 89 73 48 13 1 78 9 77 21 71 69 18 80 55 80 2 55 36 33 11 66 64 70 26 100 6 28 92 99 92 83 19 97 41 51 43 84 54 74 44 16 
38 0 94 20 91 32 80 48 62 3 39 94 74 2 88 62 70 70 19 62 10 22 43 60 52 78 47 17 63 3 25 0 76 92 3 30 69 41 53 14 34 10 75 78 69 52 88 91 0 53 62 45 39 47 85 50 95 62 33 19 35 28 6 0 48 52 38 54 37 30 88 73 80 80 82 23 2 79 59 32 78 55 44 52 25 87 29 82 86 71 71 29 100 88 
14 36 97 76 4 2 95 84 38 85 54 69 86 53 33 47 74 31 55 35 1 54 70 30 51 16 66 3 93 5 88 25 16 23 38 38 19 59 93 44 50 60 36 69 80 11 15 33 42 25 64 37 86 93 23 21 14 61 5 92 100 27 32 96 15 74 69 0 17 76 32 8 57 52 34 2 18 62 10 19 11 50 11 86 62 84 91 64 72 66 100 0 53 95 
70 60 56 95 58 2 45 76 68 35 79 60 83 26 20 91 77 95 73 33 82 89 9 8 24 19 66 29 70 28 79 26 35 88 22 88 54 71 64 55 4 38 30 29 40 30 70 1 79 59 51 0 37 38 21 22 32 4 26 93 65 4 68 62 66 55 34 49 80 10 48 75 0 91 8 49 96 36 15 19 78 16 14 71 13 7 4 48 72 98 74 43 61 94 
75 64 3 46 53 74 37 14 89 70 64 23 5 55 61 98 67 91 40 81 68 60 24 54 82 80 51 32 17 14 59 92 18 11 87 55 81 47 3 55 89 45 54 23 100 27 77 4 0 80 33 74 57 80 61 17 86 84 33 0 56 85 87 26 81 6 59 81 54 54 30 87 64 77 84 38 57 92 9 75 57 75 24 25 64 34 90 19 69 94 29 52 76 77 
0 62 9 69 65 32 53 72 50 51 48 7 15 70 35 18 52 64 39 82 84 72 11 25 54 66 94 14 3 96 53 60 81 92 14 41 49 25 94 76 69 67 86 54 64 82 81 26 24 57 14 26 84 58 63 50 76 44 37 23 72 97 53 48 35 43 72 86 60 84 33 34 70 41 36 2 97 93 27 75 73 73 16 57 96 37 18 100 49 25 92 66 0 77 
30 100 100 77 19 85 46 39 67 12 12 59 74 7 30 79 100 73 71 63 39 40 96 69 16 61 49 64 62 57 9 19 29 21 33 86 61 40 57 30 29 69 35 92 86 98 35 78 10 71 16 12 44 64 59 22 38 16 25 95 70 85 69 62 81 62 25 95 63 75 45 5 94 60 49 92 75 68 32 80 62 69 37 38 54 36 64 73 0 45 2 38 47 5 
100 2 7 17 91 65 57 33 64 18 72 35 44 96 57 86 94 37 45 7 84 90 59 86 90 5 61 19 86 97 43 45 76 95 19 27 68 86 38 77 69 33 16 40 88 20 60 89 44 58 39 76 37 52 9 61 16 10 16 7 53 54 19 3 23 52 17 79 26 83 66 91 16 19 17 16 21 68 31 84 59 9 15 8 1 38 22 31 26 88 100 72 61 79 
51 47 16 43 89 2 59 12 63 80 65 56 5 1 65 22 25 50 67 13 30 84 10 99 79 85 5 46 88 74 42 20 30 14 86 98 11 76 86 65 17 66 74 29 50 24 14 51 17 36 45 55 31 25 21 14 22 32 37 99 93 67 5 13 60 12 8 0 54 19 55 63 80 97 3 34 57 14 41 3 92 59 24 71 56 3 20 100 61 2 9 70 67 0 
37 74 58 22 18 96 71 1 40 62 67 36 18 71 74 94 96 11 50 7 88 61 29 33 19 1 69 47 11 91 2 19 100 0 57 92 97 85 6 34 40 52 57 69 83 49 88 78 3 92 5 42 68 80 65 75 56 100 81 36 32 99 29 64 30 75 3 40 78 26 97 76 84 52 95 1 62 89 23 82 66 42 87 93 50 40 68 32 97 5 99 60 65 40 
17 70 46 61 59 57 48 39 64 28 22 16 87 60 23 12 44 13 61 42 37 58 71 14 30 58 32 67 87 29 1 70 75 68 39 7 96 3 45 97 19 42 36 33 6 91 37 54 54 76 46 58 11 7 18 29 33 48 80 60 75 78 37 50 50 85 77 44 4 8 57 32 66 9 33 22 89 59 73 56 95 68 51 34 82 84 33 74 48 43 87 97 54 55 
70 51 30 41 4 84 86 73 25 37 93 69 45 34 32 54 3 66 48 84 86 1 33 96 6 91 35 30 21 21 82 34 96 49 40 55 45 21 58 69 42 58 80 7 31 56 3 81 2 39 34 13 33 71 62 25 82 83 42 41 84 10 81 7 14 31 45 37 95 38 52 36 52 1 95 52 78 4 28 69 46 43 12 41 57 39 84 24 52 10 8 54 97 73 
33 87 29 89 49 97 30 93 10 87 48 33 96 79 99 31 100 65 9 47 82 48 95 83 23 13 64 92 60 92 12 51 91 6 40 25 97 34 1 31 95 3 79 74 30 9 31 20 74 37 73 32 80 7 60 63 23 86 16 1 12 21 7 20 65 19 53 48 67 50 37 80 77 37 42 2 32 7 43 89 71 75 15 87 83 93 45 23 37 2 57 74 73 56 
87 90 34 100 74 74 84 36 41 49 43 11 88 57 26 85 25 84 75 86 19 6 5 68 17 90 34 97 87 0 34 55 81 98 38 40 9 27 5 82 96 30 96 17 18 32 28 98 99 90 34 0 67 94 4 96 21 72 99 72 59 29 80 22 46 19 84 56 70 42 33 71 57 1 48 20 86 83 39 47 5 20 62 67 44 60 73 31 77 61 26 1 76 69 
82 7 67 62 40 82 63 56 3 82 60 18 31 52 96 18 51 81 20 23 33 56 36 25 44 27 83 32 28 27 95 83 2 4 54 63 40 72 3 19 96 91 15 23 88 17 3 7 46 92 42 81 90 57 32 16 89 32 12 43 31 66 22 95 92 53 43 95 83 2 4 87 24 68 10 41 75 90 17 77 93 15 94 4 35 81 20 67 18 88 17 34 74 100 
15 84 89 38 99 62 27 68 81 22 46 77 8 77 64 13 97 11 50 36 29 41 39 58 92 20 85 31 22 28 9 83 87 90 22 92 11 3 0 85 49 97 56 79 51 21 41 4 52 52 68 81 25 70 33 39 39 26 74 97 34 32 4 41 96 6 11 89 96 89 94 90 28 90 87 30 54 46 4 45 47 0 82 25 88 2 15 97 58 43 16 12 30 33 
42 70 57 90 61 49 97 20 58 37 38 89 10 82 11 7 68 94 95 12 19 86 47 84 46 21 42 38 80 1 69 3 18 34 35 51 67 41 83 36 13 6 99 88 41 80 93 42 60 74 60 4 95 27 63 92 49 25 90 83 68 85 84 99 40 71 46 59 15 77 51 3 40 94 35 90 28 67 46 73 22 82 62 50 12 60 18 35 14 40 99 60 29 76 
84 55 34 84 59 41 80 10 24 25 86 16 71 5 62 80 94 0 10 85 68 81 67 38 24 59 95 19 71 60 45 85 56 93 36 51 92 82 22 47 52 35 59 11 33 53 71 51 34 13 93 18 99 85 39 61 20 37 7 36 7 78 42 15 64 14 99 18 16 26 97 34 10 0 34 38 48 58 23 8 46 81 55 91 25 9 2 75 69 81 34 83 11 20 
81 70 46 6 89 3 55 73 41 64 0 22 50 74 46 56 26 75 82 55 95 77 73 59 15 70 61 29 18 73 89 99 63 43 20 36 84 94 83 81 89 74 52 32 9 17 57 87 27 68 70 70 23 25 15 96 30 83 15 58 72 41 45 35 30 27 78 56 80 47 24 68 57 49 22 97 77 89 14 1 9 3 17 43 67 55 79 40 83 94 74 74 65 40 
90 58 62 6 89 100 85 90 57 5 56 18 92 14 85 26 52 56 98 89 6 77 67 53 42 71 3 30 8 16 37 46 32 2 77 64 98 84 20 22 11 28 81 56 69 16 25 90 5 17 56 28 96 52 75 77 35 23 7 63 16 60 90 53 84 12 33 77 29 8 22 12 66 24 18 80 91 68 58 59 10 57 88 22 21 37 62 57 38 91 1 11 20 8 
88 75 56 42 27 16 81 56 42 99 54 42 46 57 17 64 6 34 7 56 32 66 97 80 8 93 85 25 81 35 71 0 61 49 65 48 96 51 29 93 44 90 59 86 26 97 39 36 56 36 35 2 71 48 8 12 12 51 59 36 29 45 45 8 2 30 26 0 12 44 25 65 4 67 15 20 13 55 70 46 57 5 37 95 23 56 23 49 83 74 97 90 19 93 
45 35 70 94 57 74 94 53 99 5 18 78 9 66 50 32 51 90 25 3 55 34 49 70 84 87 44 70 86 12 13 76 2 18 87 37 77 50 91 31 53 27 91 45 81 1 68 74 51 96 39 12 35 36 44 66 7 7 35 20 65 86 63 39 73 27 37 77 5 21 98 28 73 26 43 57 19 63 88 72 65 24 42 32 22 17 47 15 91 72 10 76 25 50 
9 73 38 65 71 49 67 87 43 88 14 84 9 76 65 46 19 64 13 70 39 87 66 8 32 85 2 27 33 56 8 4 80 9 9 66 3 12 84 52 0 49 13 61 38 32 11 2 63 31 45 58 3 17 15 42 16 38 95 2 88 54 8 5 95 29 23 98 11 42 82 31 78 47 81 2 94 26 3 42 4 0 33 50 69 88 21 64 52 30 89 8 66 29 
70 67 61 58 40 63 37 39 88 48 22 13 5 36 51 32 37 33 21 46 80 37 35 81 37 23 32 16 89 39 79 15 91 60 75 65 51 94 88 19 29 31 24 71 52 74 2 90 60 1 81 85 12 44 65 99 16 80 90 42 70 72 47 14 18 14 21 67 72 58 32 21 38 18 8 43 62 7 52 13 72 30 37 81 84 30 86 66 15 0 96 53 89 67 
10 98 54 18 77 23 44 54 4 5 45 57 42 43 51 15 18 84 21 61 35 41 77 86 89 26 92 60 60 88 76 67 17 9 48 16 3 42 36 14 4 49 83 99 28 85 15 55 36 55 13 92 7 21 97 33 29 45 3 40 32 79 39 98 35 61 3 11 55 75 45 4 94 53 88 4 11 74 26 68 51 49 0 82 78 20 78 30 27 5 12 31 0 56 
62 66 41 38 77 65 74 16 93 21 99 37 95 45 75 11 29 81 25 62 89 44 55 82 81 66 65 12 80 31 93 44 5 65 30 93 72 96 90 11 26 96 9 40 41 97 40 96 50 100 33 55 34 52 42 97 93 61 91 93 69 46 74 64 6 67 8 49 48 79 22 46 22 92 82 24 68 44 68 20 89 15 66 64 46 36 27 100 26 72 16 91 46 90 
52 29 80 30 98 2 14 50 83 53 82 5 33 68 15 80 59 71 22 1 24 94 85 84 90 72 22 86 17 72 78 83 70 52 14 93 33 16 31 1 67 11 33 65 47 74 26 3 53 32 4 12 27 17 62 42 97 38 47 22 34 23 32 55 11 38 80 79 65 27 11 83 63 45 32 32 70 63 44 23 26 83 65 90 6 82 40 13 4 71 93 35 69 51 
79 43 100 88 16 92 56 39 19 1 48 20 59 3 12 77 15 57 99 96 11 52 7 1 34 61 60 85 81 11 91 82 90 92 97 98 46 21 85 28 71 23 86 54 22 4 49 78 87 26 24 41 27 5 90 62 12 3 98 43 57 68 30 63 37 55 3 59 66 37 42 40 32 72 32 4 57 97 19 47 8 63 100 83 72 37 26 20 91 18 40 52 93 59 
86 62 98 92 59 61 48 93 33 93 22 27 29 76 23 72 27 88 28 7 58 81 83 17 5 2 38 40 2 64 90 67 15 66 44 72 43 85 43 25 80 70 12 29 10 19 9 57 38 23 0 6 75 91 71 99 30 4 79 63 86 78 72 9 43 85 57 70 73 8 77 54 14 29 23 76 97 29 30 10 84 97 78 15 61 62 28 16 14 95 82 37 82 35 
94 37 59 44 15 70 6 4 52 81 85 100 29 20 99 47 24 24 60 70 14 97 69 40 20 89 90 9 74 70 69 24 32 34 13 95 99 65 40 42 48 91 53 77 54 75 17 58 62 22 25 29 68 20 90 68 89 18 100 57 29 29 18 81 94 13 23 3 91 53 8 84 22 51 97 30 75 10 40 94 35 62 2 78 97 66 52 80 54 88 1 15 77 39 
87 81 11 26 69 62 74 42 86 90 6 12 3 96 20 54 44 30 65 33 81 39 60 18 25 9 11 65 68 32 94 80 22 51 43 52 95 79 35 48 86 14 9 8 80 84 70 94 99 91 99 59 10 60 19 74 18 82 34 100 86 26 11 94 62 59 75 6 9 85 61 94 60 6 16 56 42 72 55 71 58 42 8 94 6 2 37 32 76 20 71 24 55 87 
11 76 30 21 18 35 86 28 41 8 1 12 92 52 24 9 57 89 67 96 97 27 49 55 79 4 87 43 47 54 89 73 28 84 42 98 11 19 60 81 64 32 40 70 72 81 71 16 12 4 61 10 90 80 83 22 9 7 74 62 64 87 17 13 46 29 1 93 19 70 32 34 22 11 45 17 75 4 44 83 5 38 61 90 39 6 13 29 97 66 1 86 2 4 
82 9 1 84 100 58 33 34 68 98 9 100 25 84 90 72 18 67 74 62 82 82 26 94 14 23 10 14 74 17 15 70 40 30 84 77 20 90 73 90 96 4 19 59 28 97 88 12 81 100 7 10 23 79 57 61 21 71 20 94 33 56 36 30 61 16 32 94 33 29 82 47 8 5 51 60 41 76 11 40 35 83 47 74 75 22 65 60 32 59 100 52 60 97 
73 15 30 79 38 81 98 63 32 50 64 73 100 80 91 40 85 51 98 86 84 100 17 96 9 78 13 95 21 45 75 27 10 36 47 99 45 38 64 23 20 77 81 99 66 4 40 0 4 22 99 50 62 95 19 28 76 30 92 5 61 39 38 34 9 89 23 27 46 27 69 88 72 35 46 97 52 26 94 64 46 16 85 89 76 23 37 96 78 71 60 39 97 5 
47 97 9 51 86 87 89 66 39 79 36 69 9 100 59 47 96 34 61 77 12 83 75 6 18 17 54 82 74 64 4 23 40 91 24 83 76 68 70 29 93 64 94 52 82 60 93 76 27 9 77 32 56 83 54 24 98 60 71 80 53 70 67 82 94 87 45 28 48 34 39 52 33 57 46 93 42 52 57 28 10 83 98 91 3 13 66 14 0 34 19 13 82 63 
65 76 23 50 40 14 73 18 98 24 55 17 24 31 30 71 61 30 3 43 5 46 53 67 11 72 41 97 20 67 9 75 81 9 85 43 53 49 31 22 97 96 42 48 87 43 53 28 13 13 8 74 57 74 22 6 43 50 21 48 17 53 48 54 100 94 70 21 4 24 21 20 40 73 66 98 15 32 80 61 24 18 62 54 87 31 39 65 67 59 33 36 84 21 
74 70 8 47 13 38 94 15 54 56 85 21 89 63 22 39 43 23 5 94 41 60 5 61 48 46 37 68 57 53 18 51 27 12 95 98 87 41 93 80 56 43 37 63 61 82 44 36 41 91 72 93 64 60 1 86 5 25 63 3 65 36 46 57 13 94 47 79 0 71 53 58 64 65 55 79 21 39 43 27 35 58 37 82 85 20 36 13 83 45 3 49 13 68 
17 84 0 42 58 33 5 67 1 73 34 77 48 6 99 68 10 51 51 41 19 31 99 0 52 32 65 21 70 48 53 77 12 11 20 9 19 12 90 62 42 30 32 3 81 43 11 41 62 77 78 77 36 19 39 58 66 16 52 38 23 0 18 36 35 52 72 68 24 73 83 85 55 19 40 41 63 41 66 82 41 8 71 21 7 35 79 43 70 19 58 52 80 63 
38 65 16 50 13 8 71 82 51 59 97 11 54 53 62 12 58 56 18 82 47 52 55 72 30 1 36 80 10 88 3 51 26 27 15 82 72 43 54 13 0 3 0 62 83 77 94 27 72 75 89 66 88 65 2 33 43 77 9 19 50 41 12 39 88 32 16 59 35 4 74 48 78 33 78 6 51 17 25 12 82 96 76 63 40 78 73 29 8 4 14 40 33 79 
75 59 15 35 30 24 57 45 30 75 67 58 13 66 96 52 77 53 51 21 28 6 13 29 94 78 55 18 49 30 30 37 11 97 93 36 95 54 53 36 25 93 91 84 71 44 68 27 18 92 31 99 23 64 82 76 92 5 50 45 93 57 24 23 94 2 90 80 74 56 6 74 62 5 12 8 90 25 36 59 75 29 64 22 63 36 84 97 98 47 1 8 95 75 
13 14 44 79 69 57 59 72 61 69 46 25 33 30 87 78 78 36 18 25 80 28 76 56 21 91 40 42 56 27 88 16 9 58 40 89 79 4 67 77 26 57 85 75 95 40 55 54 88 16 76 95 97 1 17 89 61 77 54 42 98 14 76 1 39 72 6 52 58 2 41 78 76 92 85 81 76 22 62 88 75 26 23 12 23 72 71 33 32 94 71 3 51 79 
42 29 41 43 21 47 35 78 54 14 47 47 56 80 96 61 55 96 60 65 92 10 58 11 44 20 31 1 28 93 79 25 46 83 72 32 15 10 26 2 0 60 41 17 11 16 11 31 57 78 81 1 59 79 86 41 74 15 15 81 62 81 86 53 23 29 99 66 69 36 38 95 5 18 23 19 62 42 21 5 66 16 87 74 60 64 83 26 19 14 6 30 11 49 
11 58 86 17 2 44 14 74 65 15 18 30 23 88 23 16 61 53 57 77 41 91 76 72 14 76 72 47 93 71 17 88 36 29 22 79 81 37 37 34 92 74 16 66 36 78 11 7 5 35 84 8 24 34 42 67 32 46 45 78 23 44 19 92 81 53 99 27 45 83 74 84 91 21 3 29 17 66 43 91 68 11 74 40 28 51 47 68 81 37 81 100 14 11 
63 65 3 10 57 62 17 93 9 47 24 59 8 58 91 48 37 49 3 34 33 88 59 64 28 56 91 97 47 42 44 54 93 20 2 77 15 61 39 45 85 8 44 28 88 20 40 41 16 73 2 53 42 46 36 61 74 66 84 14 39 66 55 73 54 78 13 24 69 90 61 94 91 6 91 18 24 19 16 82 0 61 98 11 62 96 97 5 27 94 69 27 77 65 
54 91 96 65 12 19 90 92 49 57 69 41 92 66 29 92 34 28 15 20 58 50 24 99 88 26 82 90 45 18 9 66 12 50 67 16 15 24 26 97 87 26 12 69 68 48 37 3 71 56 85 66 95 2 43 100 73 26 80 66 0 14 11 29 65 12 19 77 76 98 2 16 66 65 67 1 25 92 10 56 68 66 36 19 55 100 5 27 27 77 18 90 12 89 
83 46 11 63 6 96 87 91 20 45 98 3 30 12 62 67 39 84 32 74 100 10 27 66 76 92 44 19 46 87 47 59 51 42 14 3 81 34 80 52 57 59 3 44 50 31 61 88 39 53 34 18 2 77 38 23 96 86 27 66 61 40 59 88 72 75 1 59 99 56 27 24 68 19 22 59 25 46 100 17 53 63 7 60 78 65 52 88 83 88 96 1 13 92 
93 84 23 36 64 72 18 39 38 48 83 68 2 93 9 0 40 60 49 46 50 77 59 27 75 69 32 55 83 77 7 40 82 2 15 48 57 7 98 63 62 56 11 29 10 56 5 98 36 69 22 67 25 68 81 26 51 76 13 29 35 15 97 43 48 41 80 68 100 50 99 19 88 78 36 14 26 34 66 100 29 40 97 23 60 54 79 30 62 9 75 37 15 11 
85 14 3 46 78 84 76 4 82 5 43 37 17 11 42 80 100 25 50 16 18 46 43 74 92 16 30 66 39 84 97 28 30 28 47 6 97 19 32 97 11 28 94 56 95 98 65 18 62 50 18 85 65 99 30 89 58 69 17 40 9 62 71 1 41 13 71 57 48 29 83 71 53 100 45 48 80 26 17 42 65 8 44 79 36 77 40 80 19 81 22 18 61 43 
38 34 78 59 52 79 75 100 0 94 73 42 42 24 63 39 34 17 67 93 25 75 62 10 54 47 18 52 86 85 47 84 19 0 52 10 58 97 41 52 26 51 40 86 69 91 13 59 65 79 83 53 48 99 96 61 21 12 99 92 85 17 100 23 44 48 27 72 45 84 41 39 65 50 24 66 48 48 73 89 73 31 74 97 91 18 19 23 50 17 7 14 37 90 
24 83 58 91 18 4 61 54 95 48 82 17 97 27 41 94 62 18 36 51 58 90 16 47 42 24 17 23 90 45 99 72 4 67 21 14 91 29 39 72 47 98 11 100 29 24 48 18 77 19 46 83 1 55 81 45 97 24 61 13 96 14 66 27 0 62 7 75 63 22 3 42 72 37 48 64 99 16 10 10 91 43 8 45 23 75 26 16 45 16 84 91 76 62 
72 16 49 39 4 100 5 18 67 18 69 54 53 99 81 73 7 51 55 27 43 22 95 87 87 12 75 27 54 76 81 35 91 95 63 51 13 85 37 11 32 99 64 65 49 11 51 68 55 19 95 91 85 72 35 89 83 27 0 15 1 14 66 89 35 12 31 32 51 97 33 51 91 24 8 18 25 32 92 87 11 89 12 36 80 21 19 34 25 2 63 72 22 69 
85 87 57 14 21 3 48 74 16 46 21 85 84 100 33 7 82 20 74 25 88 48 91 68 73 37 14 22 29 21 76 23 95 98 46 42 75 64 46 23 62 64 94 13 93 22 90 6 4 70 76 95 78 95 95 80 72 66 38 20 93 20 84 81 54 1 33 33 12 100 5 23 99 28 66 90 70 36 75 20 43 41 93 55 14 25 81 96 44 51 75 72 75 60 
35 68 22 85 87 17 28 76 98 21 4 20 86 37 72 22 34 57 84 49 38 61 6 75 53 22 70 76 91 99 22 63 82 27 60 40 14 23 97 42 7 36 10 80 91 26 86 96 75 46 13 18 63 62 40 58 30 39 80 86 42 69 9 84 37 25 31 71 63 72 65 33 38 58 99 5 3 71 23 1 69 39 20 79 61 3 78 75 44 96 56 82 75 94 
35 11 83 46 100 86 19 82 60 62 1 45 1 52 41 32 22 22 55 6 96 69 61 25 58 6 42 11 35 22 21 32 26 67 62 98 32 2 8 66 83 28 26 27 4 32 6 14 48 68 31 38 30 34 32 64 97 18 84 75 0 26 6 88 37 4 82 3 96 47 94 31 12 12 56 3 46 18 93 70 93 85 65 46 17 31 85 48 85 57 43 47 92 67 
41 7 48 11 13 11 59 52 79 83 4 78 47 45 12 38 80 94 73 52 84 61 53 20 66 6 92 52 10 58 97 78 27 86 63 7 95 88 94 58 5 18 91 73 69 92 44 79 40 27 34 80 80 35 32 71 63 59 63 18 87 9 56 50 55 62 17 44 23 18 71 14 56 33 80 24 7 54 32 85 33 57 49 12 10 41 54 63 0 23 19 50 90 70 
63 31 3 20 69 7 65 12 65 78 50 15 56 47 60 14 21 58 7 16 13 26 98 71 18 80 44 11 59 27 50 83 60 27 41 91 5 15 47 97 52 12 48 51 81 34 41 23 3 59 0 83 53 31 25 36 25 15 99 30 57 10 11 58 42 2 26 48 38 18 61 18 8 90 47 20 94 65 77 1 26 4 41 77 17 70 43 72 78 71 5 84 65 44 
34 79 58 79 4 12 7 0 64 46 12 92 86 98 7 99 7 43 87 73 44 69 86 15 64 30 81 55 47 69 10 55 90 97 4 36 11 50 79 79 76 69 44 3 40 54 13 80 89 9 35 95 15 70 61 79 66 86 40 85 46 79 99 53 67 34 32 11 73 71 45 1 81 96 85 23 26 56 81 34 89 32 71 63 48 41 75 99 89 31 63 85 62 2 
9 32 65 85 42 0 1 33 23 52 26 55 19 53 100 64 53 72 92 15 47 26 26 85 84 49 39 82 57 88 94 25 1 66 0 10 89 56 0 36 61 45 26 96 30 3 52 36 51 84 95 33 68 92 22 50 71 36 86 71 35 33 80 25 7 14 1 45 76 89 62 28 29 27 56 89 5 96 18 23 73 44 8 27 88 24 98 32 48 100 62 55 7 69 
97 77 40 18 11 93 59 67 66 1 27 81 56 23 32 55 70 73 92 12 58 12 14 46 2 71 51 11 66 9 89 51 63 51 86 1 89 27 46 18 84 93 80 17 32 10 100 16 17 28 58 27 84 73 6 38 76 52 43 76 59 28 94 43 33 12 8 70 3 94 98 26 74 86 38 85 52 81 100 23 11 26 100 12 38 64 74 39 47 4 15 31 67 28 
39 17 1 21 48 14 42 5 24 34 85 8 82 62 49 86 24 24 40 0 19 75 89 8 78 43 34 5 85 48 79 45 44 52 1 34 21 6 3 48 88 40 52 33 14 60 18 95 67 80 33 81 99 1 17 3 32 6 43 76 93 29 50 36 28 34 6 2 23 1 1 78 2 2 4 81 68 23 22 1 25 54 57 89 94 65 19 14 2 38 70 81 9 10 
97 77 12 59 29 72 23 38 63 18 35 37 55 13 0 30 86 17 95 20 18 46 37 20 4 75 3 9 100 34 32 62 1 66 19 29 18 85 67 36 31 67 0 18 10 41 97 91 97 74 74 62 62 65 41 3 97 94 4 48 5 92 83 84 10 19 75 55 66 78 79 0 60 90 70 76 62 19 68 48 9 25 65 68 73 56 90 35 33 46 24 37 52 56 
11 10 33 76 4 55 100 85 59 16 20 23 62 99 93 48 51 78 40 42 69 34 74 24 47 19 66 78 34 21 90 75 94 10 45 94 36 55 87 31 82 54 96 75 49 34 75 72 10 90 70 19 89 67 29 72 53 39 62 7 57 0 60 41 32 84 83 50 99 90 37 42 2 65 85 20 54 88 69 81 38 23 44 70 29 79 38 92 23 65 100 21 67 34 
93 94 55 63 49 44 23 100 95 35 49 85 99 7 53 20 24 12 50 55 72 28 99 91 43 77 51 48 74 79 90 37 8 15 19 14 10 95 43 35 45 24 28 30 64 56 72 53 80 47 91 91 27 47 4 30 24 12 4 22 93 5 2 85 13 36 7 35 97 41 91 53 13 18 22 2 20 52 89 64 64 12 30 70 47 2 56 34 99 81 31 3 79 0 
34 7 7 29 26 58 3 44 1 19 62 21 91 84 22 54 33 89 92 79 66 68 32 88 65 46 25 59 53 94 67 33 65 98 76 14 12 46 88 82 14 6 94 33 69 42 38 92 87 20 71 64 21 88 50 19 44 19 0 19 69 73 8 41 28 0 93 56 28 98 73 56 67 96 50 49 69 25 49 64 83 11 97 31 47 69 28 31 7 11 61 29 54 8 
68 35 5 23 24 66 62 42 45 87 99 75 12 59 80 65 54 40 4 71 51 88 20 82 61 81 72 92 83 51 61 47 23 94 33 27 24 99 27 41 56 13 53 40 99 49 68 77 61 59 88 66 9 88 42 32 5 42 54 35 78 44 18 21 66 67 98 35 34 54 68 92 19 100 72 98 69 99 74 57 96 32 21 21 32 27 45 55 85 13 74 24 100 62 
31 43 4 75 37 24 87 81 50 21 14 25 0 57 20 86 17 87 96 38 43 20 72 52 84 21 85 10 52 51 42 52 82 10 58 7 42 33 1 68 70 91 84 93 86 40 90 82 93 27 14 29 44 2 69 51 42 33 53 70 9 12 36 60 28 2 62 27 53 55 90 52 47 94 34 24 76 74 53 52 71 26 18 25 67 68 51 59 29 25 6 49 72 16 
51 24 4 82 65 63 64 42 50 17 31 58 37 61 19 93 25 61 2 12 89 17 4 71 38 54 82 67 21 25 63 78 97 81 24 93 29 18 18 4 70 90 96 42 27 68 69 42 60 63 10 97 20 68 2 25 38 63 62 57 40 98 11 17 22 59 74 64 32 63 12 11 26 43 42 38 3 26 76 71 51 13 96 72 20 8 58 5 46 55 59 32 69 84 
44 67 15 85 18 4 65 40 95 87 86 94 97 73 30 39 95 39 30 60 38 17 14 41 18 38 48 46 89 56 78 21 92 62 1 78 100 9 31 62 63 14 2 5 15 2 33 32 82 14 68 45 90 93 37 39 86 12 20 97 95 30 0 70 87 50 47 55 34 55 52 11 69 37 22 88 78 19 4 47 95 70 76 7 84 39 41 43 9 74 24 14 43 86 
37 8 60 84 57 27 17 0 58 41 15 53 78 95 91 45 100 50 92 88 2 82 27 83 91 69 95 24 14 50 32 87 49 37 49 25 75 1 19 87 99 74 55 19 91 24 89 38 38 25 34 60 35 98 3 33 65 99 94 24 31 0 83 33 62 75 89 42 84 81 89 38 34 3 94 50 73 21 31 86 2 76 84 83 3 80 74 80 58 86 14 95 7 7 
43 54 68 62 16 12 5 61 48 64 39 95 89 18 25 77 6 11 40 29 3 62 73 46 76 98 76 54 14 9 62 60 90 13 19 59 73 21 1 34 99 54 3 81 49 55 37 24 27 69 64 31 60 12 48 14 23 43 41 100 3 5 3 90 22 7 37 46 99 60 71 90 18 81 31 67 34 48 87 46 33 47 49 45 18 55 75 95 6 56 89 86 41 73 
30 75 72 65 2 25 36 28 54 10 59 1 39 27 56 43 41 67 92 65 35 59 49 18 36 92 92 59 68 47 41 62 31 39 91 48 64 16 29 36 28 75 53 53 60 7 78 44 59 58 96 77 26 80 19 40 56 7 23 57 43 91 66 81 80 52 62 51 30 63 24 100 11 57 5 59 37 23 14 13 85 35 64 69 90 32 3 65 95 38 20 37 92 91 
33 96 44 26 93 1 77 25 68 40 59 25 0 22 31 59 32 69 53 62 44 59 58 65 72 46 53 76 82 72 3 94 9 28 77 22 17 60 43 86 8 92 67 45 99 32 17 73 49 90 89 44 7 100 27 45 1 43 73 8 78 13 87 14 12 61 21 44 99 19 32 48 98 93 70 76 35 56 81 90 34 10 4 34 55 75 56 61 67 25 31 17 61 99 
61 42 13 33 10 42 22 5 11 34 87 91 41 73 23 49 25 6 9 23 1 30 12 2 70 19 46 68 47 81 56 48 58 31 34 40 67 12 3 78 10 88 29 39 94 87 54 45 67 92 47 80 72 75 31 32 57 50 18 55 77 71 66 62 28 10 48 38 100 94 83 27 26 73 81 3 79 62 92 64 34 81 72 88 95 56 92 48 69 0 65 79 17 57 
72 26 32 77 80 38 8 74 28 78 16 72 97 52 87 41 81 6 72 82 58 13 41 8 99 64 22 40 69 38 3 3 27 8 46 99 6 12 84 84 33 87 6 90 36 65 48 60 40 56 38 73 34 82 68 9 84 29 98 58 12 41 10 68 66 59 61 12 55 87 1 100 17 45 82 51 59 27 31 50 65 81 4 2 79 75 22 86 7 26 39 64 83 2 
50 5 98 11 80 28 6 48 30 43 29 75 94 100 26 34 45 38 27 30 59 90 23 31 41 4 54 68 55 88 66 45 77 66 7 82 21 24 92 40 24 82 41 31 60 2 0 87 34 47 78 37 100 22 48 49 50 82 35 2 18 81 50 0 80 94 58 69 18 49 94 64 29 28 55 2 58 43 47 95 87 95 41 15 42 60 88 85 63 78 91 8 65 11 
