44
61 75 61 94 77 97 5 44 54 92 43 60 37 28 17 82 44 87 99 44 27 15 4 38 40 59 95 63 44 1 15 4 35 50 75 99 8 56 80 65 81 48 65 27 
26 27 84 52 6 43 63 64 99 54 20 26 57 43 7 6 51 34 26 41 70 41 28 90 97 43 98 30 77 47 77 44 38 17 86 92 45 62 41 63 89 93 81 82 
40 26 41 71 32 88 65 17 29 7 1 3 16 59 58 79 8 56 8 93 67 6 42 22 66 9 50 54 48 26 57 3 74 60 36 89 37 37 94 95 12 72 95 79 
46 48 58 20 25 58 59 4 65 87 13 96 7 15 24 52 36 93 17 66 21 8 0 43 70 48 25 61 46 20 29 56 76 88 86 45 58 50 97 64 39 45 8 87 
41 72 19 73 22 65 24 22 33 49 13 70 95 74 13 31 96 3 45 77 1 100 27 18 21 42 63 7 60 52 81 0 70 38 12 33 80 59 36 0 38 76 26 56 
32 57 60 48 54 36 3 85 28 42 64 82 12 57 67 22 49 72 28 66 32 36 98 53 94 27 7 7 51 94 57 38 61 29 10 79 52 98 87 24 67 12 72 54 
12 36 90 48 92 55 96 39 97 50 94 52 53 62 86 22 70 24 99 7 17 11 57 19 49 30 96 42 38 48 22 30 84 30 81 75 27 42 71 4 65 31 37 54 
58 96 16 5 71 1 10 5 97 13 35 90 39 41 53 87 69 24 83 82 72 6 61 45 54 62 89 70 74 93 85 81 14 97 38 92 19 75 23 24 51 34 28 37 
50 1 0 7 96 57 14 58 6 45 22 52 29 33 29 73 92 12 13 60 37 76 86 92 59 6 39 8 91 61 63 38 40 45 1 54 60 99 76 82 99 42 26 41 
66 63 17 75 18 33 22 17 48 82 89 94 17 74 29 55 83 72 12 93 1 73 38 82 15 43 19 56 42 4 4 9 35 49 23 66 87 62 29 81 78 1 74 63 
5 67 36 11 53 32 95 27 61 47 15 43 19 22 93 59 14 58 59 5 69 76 62 61 66 67 73 82 63 61 62 40 17 92 73 76 87 98 72 98 75 95 56 94 
38 7 39 43 75 37 63 29 52 19 96 4 53 83 11 51 50 27 68 43 28 66 20 100 22 12 54 83 34 7 3 93 47 9 98 41 68 94 58 32 32 42 30 63 
82 9 25 21 93 5 3 66 99 24 32 85 62 9 95 92 63 41 22 98 29 77 2 61 16 94 59 17 10 97 17 33 15 7 12 29 51 37 75 80 70 13 32 87 
60 11 93 57 17 13 99 69 73 98 83 85 31 14 48 40 48 26 53 37 53 4 93 9 96 7 86 33 66 94 14 9 33 29 93 39 87 10 35 70 78 0 63 75 
1 51 79 4 65 61 81 22 25 91 7 100 2 38 31 48 96 41 41 9 53 64 85 26 93 78 58 63 49 51 63 69 2 10 76 71 37 21 88 66 96 20 16 40 
57 89 5 26 48 45 48 97 51 4 4 29 91 27 13 14 100 56 100 80 91 13 34 48 98 16 5 68 59 11 100 72 51 60 97 45 97 8 39 31 14 30 32 91 
69 35 66 91 52 58 81 98 5 95 16 96 40 43 14 58 46 49 59 37 85 93 87 58 99 49 89 23 89 8 93 76 45 40 2 59 35 42 14 90 70 5 60 27 
13 90 36 90 17 77 15 80 67 62 54 95 92 100 42 38 79 97 59 78 76 48 30 91 87 30 1 0 88 8 69 6 26 32 40 45 69 8 11 46 13 88 74 62 
98 3 15 90 46 39 46 17 45 24 75 57 50 85 37 49 48 82 18 49 44 36 41 33 26 17 7 84 47 25 15 44 21 21 95 44 10 71 15 39 73 3 84 30 
78 6 14 33 22 16 56 22 90 56 98 87 52 42 86 40 0 70 42 0 49 27 34 19 48 17 76 17 9 79 24 86 32 36 21 24 63 18 97 45 44 35 14 67 
37 87 51 67 13 56 13 68 52 8 63 85 95 90 78 51 41 12 84 100 81 51 38 74 6 7 27 88 47 5 42 63 9 17 24 15 32 57 86 59 83 67 75 62 
44 92 20 66 84 27 72 49 99 70 44 7 73 18 4 72 95 89 76 89 26 67 49 39 11 87 9 64 76 18 39 24 45 12 46 15 88 11 15 14 71 51 11 28 
64 98 55 70 42 97 56 84 79 28 89 93 15 96 29 49 51 94 93 94 7 34 43 77 37 18 64 75 90 89 9 15 64 7 78 8 2 27 69 16 94 62 28 34 
13 75 87 56 9 36 42 48 98 25 44 57 46 63 86 13 53 19 1 25 42 24 40 64 44 71 45 81 26 91 70 20 85 53 18 4 35 4 67 14 39 43 30 89 
65 26 70 15 69 16 46 91 48 39 79 63 97 3 62 97 66 2 40 11 15 1 56 92 95 70 13 71 14 36 24 29 74 53 27 65 53 95 99 20 14 55 4 88 
45 95 41 12 37 49 83 69 99 25 26 89 38 18 2 48 64 41 97 66 87 51 86 49 27 5 7 100 58 91 95 67 34 98 50 100 95 45 62 56 38 74 51 44 
98 52 21 28 84 83 61 8 51 94 99 57 23 40 19 92 79 78 98 85 65 59 1 60 27 71 65 36 42 31 49 86 90 83 29 45 29 75 79 96 47 16 33 80 
81 30 72 35 57 64 34 75 96 11 52 20 56 70 96 76 28 23 32 13 10 41 57 84 15 22 54 95 88 20 83 7 44 44 3 45 57 8 94 23 45 80 6 33 
34 49 82 43 22 15 9 6 43 69 3 81 12 18 39 95 17 71 57 34 68 92 43 13 28 86 35 68 87 76 11 79 50 81 68 6 58 8 84 20 51 22 39 23 
48 42 29 15 14 96 88 54 15 20 17 9 99 85 90 99 54 0 63 63 22 0 22 36 75 46 55 88 79 72 4 54 10 67 67 0 91 89 27 66 55 15 49 78 
83 9 59 54 38 43 99 19 3 9 30 5 22 9 15 15 59 1 9 61 43 52 37 21 89 6 47 65 66 5 53 40 77 74 11 27 86 85 2 7 80 70 0 89 
58 19 57 90 0 12 36 90 49 45 74 77 87 70 40 53 32 53 42 95 57 11 91 63 5 93 5 14 68 10 60 60 44 34 63 71 1 15 36 33 88 86 53 90 
94 64 19 29 47 64 25 15 88 65 6 55 59 25 83 51 19 23 57 96 55 54 13 99 38 37 30 39 78 100 98 12 52 38 16 99 13 80 2 55 11 94 42 51 
69 28 53 57 18 65 59 77 70 15 84 86 71 19 10 3 94 4 76 22 36 5 86 63 39 83 75 41 55 71 49 49 15 38 84 99 81 55 55 81 76 95 45 24 
44 17 40 76 71 3 1 22 55 42 1 30 40 95 33 78 29 85 50 100 36 79 85 69 56 78 54 91 69 7 64 83 84 100 51 58 99 93 33 44 48 91 56 6 
42 77 68 47 27 34 38 3 24 65 12 85 27 82 85 89 53 10 1 4 99 48 47 0 27 54 74 45 91 57 66 1 78 26 63 4 23 35 76 14 36 99 69 94 
7 79 97 61 40 95 13 10 82 62 0 9 64 60 73 8 88 8 63 26 86 83 97 87 77 17 97 37 80 71 0 68 47 47 60 93 47 96 53 98 6 52 55 38 
73 74 26 45 79 80 4 91 14 23 43 2 28 23 4 27 24 65 0 3 24 25 64 73 2 83 66 42 31 42 25 95 77 43 72 91 36 69 65 10 20 64 75 39 
2 11 74 94 99 49 4 28 54 18 19 90 41 70 97 92 97 73 96 38 56 9 97 9 65 37 40 0 67 62 55 62 4 52 48 95 84 83 98 93 82 96 58 34 
4 4 83 76 24 98 18 78 49 0 30 93 2 9 44 77 25 9 44 11 26 30 43 41 24 14 6 76 87 89 29 100 43 78 56 97 22 84 21 75 52 35 49 55 
18 77 15 58 76 42 100 2 38 47 42 97 18 81 5 81 81 96 4 81 16 16 46 35 78 12 98 44 18 18 73 40 17 92 9 65 3 32 72 30 96 14 2 74 
25 8 12 41 8 77 77 72 89 89 77 48 63 79 14 50 60 47 70 18 34 73 3 17 4 92 6 65 38 62 49 39 59 12 93 14 47 57 57 71 34 100 68 69 
33 94 5 7 46 6 50 85 38 1 95 40 81 70 47 53 85 28 78 10 95 98 54 85 7 24 78 76 35 97 32 7 24 81 78 87 3 69 72 64 32 25 99 57 
44 59 29 16 41 73 55 55 62 57 52 63 33 33 92 89 81 63 82 50 57 77 8 5 19 99 37 3 49 52 56 94 11 86 87 57 92 62 16 94 51 73 88 87 
99 100 72 9 68 21 19 60 33 34 44 35 34 47 95 82 56 57 22 79 9 20 46 50 6 82 70 99 8 18 4 21 14 5 10 43 0 36 47 77 40 19 0 100 
50 56 35 99 55 78 77 41 73 69 31 48 38 30 92 93 38 52 95 56 20 96 21 95 94 7 60 17 46 11 66 71 25 56 99 85 78 17 19 11 42 77 61 81 
21 17 30 52 3 24 94 10 92 80 39 70 67 78 49 73 1 4 98 77 76 64 69 95 90 42 67 22 67 31 47 55 73 72 3 2 23 75 82 26 35 30 18 78 
49 25 0 14 41 7 24 94 76 91 74 11 91 82 60 7 4 55 0 53 95 31 99 21 77 30 88 75 91 86 31 28 76 69 98 86 81 41 43 51 58 32 88 44 
10 31 58 2 21 11 24 33 69 52 74 39 0 7 81 53 31 47 75 31 91 67 15 11 22 43 23 28 11 76 31 27 14 48 41 45 90 3 19 32 63 0 60 38 
87 13 81 85 63 79 63 0 47 16 26 91 46 63 4 59 84 96 68 23 99 56 8 73 90 73 80 62 24 61 54 49 87 42 48 20 24 12 31 51 3 54 100 97 
18 65 95 25 81 58 9 21 95 41 83 27 10 100 97 11 86 28 25 57 11 79 93 36 86 39 35 98 28 53 97 84 88 28 74 63 65 14 10 34 63 53 2 49 
48 3 54 45 61 12 15 99 27 95 66 35 51 19 52 59 97 29 76 79 85 44 92 58 58 9 71 5 0 8 29 83 8 43 34 6 49 40 32 61 59 54 67 49 
58 73 77 53 92 35 92 89 23 19 69 50 39 74 39 2 35 86 46 72 0 17 13 13 28 48 57 83 89 6 39 31 76 87 26 2 3 64 92 95 0 76 96 27 
44 28 4 20 27 26 54 64 47 61 62 62 63 89 41 55 58 94 73 68 6 10 37 27 32 45 21 55 95 47 32 33 68 84 4 80 72 39 74 6 75 51 48 21 
99 30 4 19 65 45 0 66 87 57 68 52 83 51 19 4 69 82 10 59 63 37 21 29 95 94 50 49 19 2 32 42 63 53 38 71 66 77 4 64 84 5 96 3 
71 90 20 55 68 43 31 49 39 79 83 43 56 25 44 42 22 69 74 48 69 51 4 53 75 100 6 22 98 98 17 6 19 10 55 95 19 8 67 0 64 84 61 22 
47 32 39 40 37 43 24 40 10 33 35 64 63 7 80 31 64 40 52 91 56 0 49 89 35 67 58 61 63 19 74 94 95 80 39 97 22 58 32 98 64 23 32 52 
60 87 39 6 47 2 38 86 20 87 22 77 7 25 18 29 20 40 85 12 56 94 67 67 43 85 40 74 90 57 68 16 54 13 45 91 49 19 34 23 58 34 92 77 
12 1 31 57 78 91 2 58 21 66 67 8 76 33 89 0 30 88 85 9 90 49 3 53 100 89 20 37 21 48 68 85 10 30 47 44 34 4 81 38 14 52 3 82 
1 53 10 85 10 78 97 34 71 49 67 88 65 73 95 62 72 73 58 70 42 56 92 47 46 2 19 87 92 70 61 45 10 32 34 11 41 8 88 44 58 53 32 18 
42 100 78 33 80 92 64 80 33 42 57 70 28 98 62 64 42 4 45 62 1 98 87 40 10 72 9 47 69 93 41 93 62 57 8 90 21 24 82 40 92 63 7 71 
54 91 100 57 89 2 80 96 80 16 86 8 95 76 88 0 82 89 82 86 89 1 49 70 81 34 6 49 6 8 78 57 52 70 67 79 85 77 11 11 60 95 48 31 
49 41 16 13 29 49 87 0 18 52 80 15 52 20 24 86 51 82 72 90 12 14 44 71 19 1 5 76 62 77 83 99 13 4 61 46 4 72 33 63 79 90 0 69 
33 21 19 2 82 100 65 80 81 92 57 98 12 17 49 57 15 45 98 77 11 14 54 12 58 46 46 30 33 62 33 75 34 16 69 31 38 95 1 91 61 59 78 53 
16 27 47 26 58 24 92 9 46 34 3 76 96 46 94 83 75 81 19 78 70 22 48 77 40 12 99 38 14 61 21 58 19 0 27 54 34 75 64 16 7 42 84 51 
85 38 90 29 32 19 21 26 66 97 26 23 94 11 40 88 60 34 50 57 38 68 37 12 97 99 4 96 66 29 41 7 47 76 94 3 66 17 21 68 51 32 67 31 
86 67 83 57 76 1 72 24 25 25 44 78 6 34 0 20 74 2 92 61 66 3 11 66 69 78 21 54 67 66 30 37 85 65 53 16 97 76 38 58 65 33 34 25 
30 61 35 38 70 80 22 84 78 53 92 6 66 68 45 35 60 70 71 53 46 9 48 87 15 59 46 86 75 15 17 33 46 99 86 78 71 97 90 98 82 46 29 37 
17 18 35 67 85 57 40 70 4 14 34 40 84 43 40 58 5 61 21 81 37 1 26 41 81 0 20 76 31 94 67 100 13 24 56 3 4 79 84 53 78 10 49 1 
8 7 8 56 39 21 95 48 95 69 23 7 84 54 12 42 39 96 90 61 79 46 90 0 91 27 42 45 68 42 0 46 57 21 83 84 92 13 6 17 18 33 42 33 
47 31 33 75 75 40 27 16 71 5 42 17 20 30 52 66 58 67 67 1 53 44 44 74 11 16 45 74 16 71 42 51 22 24 21 1 67 5 59 85 80 92 36 13 
80 58 45 10 16 57 96 47 79 21 16 86 81 76 22 2 3 94 76 70 42 37 86 1 2 57 4 14 28 54 18 50 65 17 48 53 93 100 5 12 75 91 69 3 
12 100 66 91 1 55 94 76 22 87 4 6 23 53 32 78 71 10 52 90 76 56 83 41 18 94 86 80 37 77 16 41 55 60 27 26 43 46 41 30 63 6 26 98 
32 37 55 76 98 38 24 97 22 60 68 0 9 54 96 84 22 96 18 35 87 95 77 0 66 97 58 73 45 43 72 12 88 44 29 35 29 83 39 38 23 54 16 33 
64 8 64 7 43 49 82 51 21 3 4 4 16 78 80 19 33 56 29 33 7 97 59 8 19 50 23 82 2 2 35 18 63 1 91 90 71 31 56 81 4 51 22 32 
48 98 38 61 75 20 59 0 66 6 94 77 55 13 24 95 95 9 29 11 71 88 47 16 34 23 38 42 13 67 62 77 25 3 58 67 0 23 92 1 96 76 25 46 
56 8 6 49 39 15 98 44 33 38 73 30 19 96 70 80 60 43 76 37 15 84 63 81 22 70 28 78 89 94 94 49 75 34 58 17 85 2 32 24 80 37 78 20 
72 8 37 66 88 37 34 9 98 62 67 26 38 75 39 21 92 41 83 45 96 55 87 73 90 91 25 37 23 84 45 31 93 10 73 98 73 71 30 95 56 3 85 0 
24 71 66 76 11 86 23 21 39 99 19 91 17 40 60 45 58 92 24 56 43 39 53 99 26 27 77 93 86 13 22 79 43 0 19 36 12 85 91 89 53 58 4 48 
39 50 16 85 63 87 38 41 40 23 1 21 90 56 7 7 87 35 83 11 39 23 82 49 15 86 3 89 24 89 9 23 36 56 71 71 99 9 79 85 61 78 86 42 
37 72 75 42 68 49 64 27 39 13 6 14 1 22 28 85 67 11 23 98 97 37 94 96 6 16 7 36 37 7 20 66 78 50 52 3 46 78 60 31 54 56 13 81 
7 21 77 71 31 9 54 51 15 6 50 26 15 75 58 97 61 6 62 22 52 33 35 99 46 81 59 2 75 54 99 50 27 97 3 66 99 31 32 68 96 20 3 7 
33 68 33 16 82 60 15 70 33 25 36 36 0 57 45 1 79 21 22 75 16 49 12 14 86 91 6 31 49 73 8 59 52 95 5 0 6 38 30 92 28 98 92 26 
49 46 98 60 22 88 19 61 84 71 48 90 39 62 46 30 95 96 17 80 47 65 19 5 100 3 1 98 76 83 55 83 39 24 92 89 48 96 94 64 99 45 3 90 
40 88 43 50 60 62 79 43 76 3 88 37 84 5 67 25 48 78 1 17 28 9 97 77 80 3 19 92 88 39 17 39 1 71 5 82 79 83 34 100 78 51 97 54 
40 86 14 38 50 45 28 47 78 56 78 87 23 82 40 3 35 14 71 91 69 81 65 16 94 6 22 76 76 60 99 67 5 71 73 25 20 9 49 87 61 58 96 59 
69 16 70 10 84 17 94 21 23 51 73 45 55 24 76 77 78 99 19 37 77 79 18 4 27 61 1 56 57 51 7 11 90 7 96 76 32 86 58 38 75 77 100 63 
21 63 23 82 72 47 54 78 7 17 72 18 75 54 42 75 51 6 62 36 40 67 72 11 39 45 84 70 69 19 38 66 59 91 89 47 28 2 68 54 9 81 0 37 
