55
6 47 64 40 36 7 4 58 23 23 86 19 12 33 77 83 4 99 50 41 13 91 7 3 74 98 83 53 55 15 56 71 100 13 47 26 91 86 63 64 18 47 13 47 91 18 42 26 20 15 16 49 77 44 73 
33 85 47 30 64 14 74 99 90 79 59 49 19 62 34 34 63 7 8 65 54 74 92 78 44 19 40 63 72 65 60 28 37 73 96 18 28 20 78 14 90 56 20 95 38 76 84 18 40 61 45 59 27 45 54 
20 10 20 45 93 8 1 41 38 20 91 88 15 89 26 76 79 40 3 58 12 8 3 63 92 65 63 63 69 15 74 51 35 34 2 24 9 62 49 90 42 67 3 41 47 45 73 61 95 39 61 48 32 65 50 
96 7 91 10 40 17 21 23 74 13 58 12 91 18 47 9 1 55 45 92 44 85 58 90 70 92 21 29 90 85 48 62 99 95 51 15 23 80 9 41 57 71 56 59 79 24 83 22 66 72 7 49 53 56 42 
97 88 24 52 76 2 0 8 25 88 60 64 5 30 83 99 68 83 52 34 15 42 38 98 69 71 59 87 84 96 38 72 2 43 75 28 29 26 16 3 63 70 86 29 18 49 3 68 29 77 28 33 19 55 67 
29 68 99 65 0 18 72 59 79 3 10 54 84 87 18 66 98 40 51 30 32 10 39 73 52 44 12 96 26 72 12 24 20 77 23 10 49 88 48 100 54 86 9 95 82 4 61 87 65 58 30 30 37 49 28 
71 45 17 5 79 18 39 30 22 23 92 20 97 13 44 65 92 44 26 3 60 19 5 53 18 85 58 1 98 94 16 16 31 100 44 20 26 49 50 43 75 99 50 56 97 61 50 31 19 55 90 5 38 25 77 
15 100 46 21 57 21 34 9 72 38 23 9 63 16 88 98 6 99 12 26 93 63 38 85 26 18 50 27 68 44 64 70 90 73 47 67 81 67 73 37 34 28 85 85 87 52 40 41 97 10 40 35 89 26 78 
41 0 74 49 84 94 19 29 98 36 81 90 55 54 76 5 26 14 88 7 33 92 63 42 1 10 29 66 28 99 90 92 24 73 24 32 91 28 33 51 39 36 70 87 81 53 68 15 13 93 55 75 6 19 5 
63 65 63 78 81 100 71 36 77 57 35 61 35 68 63 79 89 39 92 86 59 83 50 37 63 52 19 23 28 43 61 63 6 81 93 76 83 80 50 23 13 72 47 23 54 25 35 78 37 2 25 76 33 37 11 
55 95 8 15 32 65 75 49 44 7 63 57 49 78 39 75 88 64 18 40 6 39 63 26 79 22 1 80 91 44 58 99 71 40 64 72 78 42 18 65 86 33 90 32 21 82 88 80 39 73 59 16 53 1 69 
64 55 5 71 16 81 37 99 70 7 10 13 51 3 73 83 33 51 86 3 17 20 16 74 96 66 68 72 46 60 8 18 20 8 77 8 20 100 61 54 78 69 99 65 84 6 29 63 23 28 99 10 30 76 11 
84 48 33 60 46 73 75 87 79 14 67 62 79 93 0 77 55 71 31 84 42 72 36 41 45 52 33 37 80 8 15 4 46 58 82 43 89 7 97 19 4 8 83 20 9 58 40 50 72 91 49 24 82 90 92 
96 4 80 9 2 46 12 72 42 25 40 30 93 16 34 77 48 41 11 39 41 91 60 76 55 17 79 54 63 34 79 24 37 4 13 24 25 9 20 79 77 26 6 72 68 64 4 16 71 21 79 40 48 79 64 
66 75 39 67 53 26 66 52 38 71 98 3 75 72 30 32 70 70 94 65 78 11 78 43 71 46 67 7 22 99 92 54 71 100 25 86 31 21 56 95 87 57 26 48 82 39 35 67 83 92 9 15 97 47 19 
42 44 88 89 43 45 81 14 34 54 27 4 59 49 40 96 58 78 12 21 89 95 57 15 65 55 17 96 57 51 84 64 67 95 68 90 76 95 16 94 31 78 63 42 6 43 57 95 68 68 16 2 12 88 91 
25 88 25 32 14 81 41 10 0 50 30 18 57 40 86 62 42 90 7 21 44 45 27 27 74 17 67 0 79 53 64 35 83 14 35 29 65 77 46 0 33 98 10 26 70 17 57 3 34 76 10 23 55 84 94 
93 68 72 35 59 49 89 50 19 72 46 27 8 86 25 17 10 79 84 48 38 97 32 76 62 9 75 56 98 59 29 6 74 26 66 86 41 100 42 2 6 38 5 45 79 56 7 87 80 69 54 6 58 94 57 
35 92 73 95 11 82 78 82 11 76 12 6 83 55 6 83 2 90 94 32 35 54 93 97 60 28 50 23 99 47 5 7 55 77 92 61 50 21 75 39 28 88 5 67 41 65 36 24 57 97 12 91 44 60 52 
61 22 62 81 78 94 24 70 46 82 37 98 21 45 68 49 93 53 80 96 95 29 95 43 26 1 89 33 61 20 28 29 66 31 67 35 73 7 68 7 79 88 24 88 43 70 83 42 29 59 6 89 5 65 26 
69 94 97 58 59 47 16 97 60 70 25 14 0 36 10 13 33 59 72 22 20 14 1 33 31 31 97 3 5 85 18 99 48 77 30 31 58 71 82 14 16 30 16 56 80 63 23 52 49 84 61 50 20 43 17 
96 36 77 92 90 80 92 12 8 1 70 16 66 60 77 71 34 11 96 95 28 88 21 19 36 45 97 7 56 77 57 97 55 12 39 48 68 58 52 19 9 39 14 97 55 62 27 39 20 98 12 25 49 55 49 
21 73 2 85 91 24 41 5 21 1 58 87 43 23 3 64 64 14 61 96 37 22 20 6 42 44 64 21 53 21 26 52 6 30 91 83 16 70 29 57 72 36 7 82 35 22 92 94 24 95 57 46 33 24 61 
18 40 83 42 59 96 27 58 10 2 31 66 70 15 42 22 1 33 66 34 86 56 17 13 82 27 78 3 42 4 51 71 88 91 22 100 57 49 34 23 70 87 58 78 70 48 21 64 47 92 5 52 51 13 40 
73 35 54 48 68 4 98 26 0 59 56 58 44 43 87 92 8 51 90 50 62 52 100 22 63 25 33 78 13 28 96 7 87 32 33 52 6 0 88 5 66 98 99 91 24 38 56 34 13 43 95 5 44 32 80 
92 93 87 47 14 10 62 63 18 90 22 50 89 64 44 73 77 46 89 84 30 24 61 85 75 53 3 34 79 38 70 30 9 89 100 22 53 74 93 56 54 26 26 37 18 74 93 82 61 86 37 77 96 70 24 
73 12 55 63 95 85 48 70 13 90 52 57 53 40 72 56 88 80 57 32 82 59 60 48 66 12 93 71 45 9 25 36 0 28 62 20 11 94 67 85 23 75 48 69 30 31 13 82 53 42 58 0 21 84 34 
61 7 18 37 35 59 7 95 100 22 86 31 47 73 34 76 8 76 46 3 67 50 87 48 98 17 73 15 61 43 27 99 23 10 98 56 97 88 29 18 13 70 32 32 83 19 93 46 85 16 13 13 3 8 78 
60 25 28 83 34 15 91 79 42 75 9 3 49 41 3 24 80 73 53 97 51 39 42 14 36 99 16 19 34 50 4 81 78 80 7 70 30 34 53 87 45 100 64 21 81 79 82 48 97 67 55 92 85 97 85 
1 97 83 75 43 87 100 37 83 64 75 51 11 33 58 77 57 76 28 59 68 79 34 97 67 31 81 37 11 47 5 41 13 66 14 13 93 55 65 6 76 23 17 35 70 90 99 55 55 92 35 8 96 34 57 
25 51 81 94 39 34 64 90 57 68 69 16 86 9 90 78 16 62 0 10 11 89 57 39 36 2 39 40 51 88 3 14 46 81 83 82 76 21 78 39 30 42 22 57 68 71 3 93 72 49 75 52 7 95 8 
30 17 77 55 9 53 61 8 96 39 45 13 15 36 15 43 18 9 68 33 49 65 84 73 84 77 54 70 34 28 99 32 95 49 18 62 55 5 64 32 9 87 38 90 60 89 43 28 58 98 38 94 52 6 89 
40 43 40 2 44 48 53 94 28 26 33 20 75 31 28 79 22 85 71 65 66 79 79 13 16 62 45 1 88 69 51 59 10 87 70 25 98 76 42 54 11 87 23 36 97 41 67 22 93 72 78 35 35 27 27 
18 5 3 56 64 88 49 81 1 53 49 78 64 70 98 27 38 11 10 22 77 18 31 94 40 18 38 93 70 31 57 30 33 6 26 86 92 56 88 6 56 0 85 75 66 36 89 20 88 72 1 89 12 22 94 
7 14 41 77 3 94 26 15 63 15 43 43 42 5 41 24 66 94 52 68 75 87 14 17 7 27 50 32 28 67 78 66 32 57 64 96 100 43 30 46 76 4 57 40 84 88 84 43 22 19 68 97 94 91 60 
49 55 62 16 49 1 26 43 31 20 15 58 27 73 60 94 86 96 23 0 71 19 76 12 77 65 71 75 84 47 48 67 46 1 84 57 65 18 32 68 17 50 68 53 21 15 94 5 69 25 80 41 60 12 66 
45 100 11 18 62 68 55 39 69 63 64 62 71 67 43 86 88 98 26 27 48 49 20 4 95 23 47 61 61 2 75 11 88 32 3 66 83 4 35 51 40 51 36 55 72 7 88 42 30 91 81 37 2 3 86 
56 28 73 15 39 54 65 72 24 36 43 12 49 56 70 11 78 91 58 88 99 89 15 19 19 9 62 71 76 43 96 5 24 11 37 66 69 32 82 20 75 77 42 33 36 63 62 4 22 72 23 67 13 61 84 
55 90 31 18 82 53 56 58 82 90 92 30 7 88 17 59 88 89 82 87 90 29 49 99 41 96 74 87 96 5 46 81 62 85 89 17 24 12 97 43 13 41 52 62 26 14 48 75 94 52 14 80 31 64 26 
16 46 16 26 79 74 59 13 42 63 93 64 58 36 29 81 23 1 77 15 37 86 53 76 75 9 7 27 69 33 6 67 74 47 8 96 28 78 44 47 75 27 61 27 85 81 12 91 94 51 0 46 57 26 89 
67 75 57 55 61 47 98 57 9 49 74 8 91 58 61 13 44 56 80 95 42 89 51 4 71 65 66 26 45 16 63 90 1 65 11 55 46 52 55 48 57 41 58 56 57 86 53 0 17 33 96 55 56 6 63 
78 30 73 54 75 52 7 89 8 73 0 99 22 1 69 60 47 75 69 30 2 79 26 59 24 93 25 0 63 8 19 60 41 42 71 23 74 48 15 74 79 90 10 95 31 36 24 96 50 94 72 26 3 82 89 
62 85 9 18 74 98 26 53 13 34 44 34 83 60 52 22 63 16 74 93 29 14 46 95 70 91 8 8 80 26 28 76 21 66 23 72 44 93 28 80 20 29 39 56 43 77 20 6 79 21 62 15 83 62 19 
99 18 33 77 61 29 42 22 89 72 32 0 15 93 43 19 17 3 32 91 53 19 77 52 38 21 78 3 18 88 19 29 0 2 73 21 27 13 32 3 22 27 34 25 46 52 0 95 28 14 82 28 60 24 19 
82 86 65 49 63 10 27 95 43 11 11 40 29 29 71 85 53 66 76 3 94 35 7 74 37 19 29 48 47 32 74 73 85 12 62 85 20 72 36 49 12 88 60 98 51 6 45 98 91 5 83 54 15 21 96 
31 21 44 51 37 4 46 87 11 75 76 42 15 66 51 1 4 81 27 91 42 1 22 80 73 76 22 90 84 15 15 1 96 9 1 9 84 20 99 82 18 6 30 9 55 7 70 62 40 79 79 70 100 60 56 
18 25 4 93 16 73 32 97 66 51 52 36 61 59 84 5 79 85 71 24 47 100 66 17 6 92 29 33 94 33 68 10 7 72 15 87 57 84 18 15 79 38 90 35 90 65 41 3 0 10 100 2 11 28 75 
54 77 54 40 26 82 36 32 7 96 43 83 74 83 62 40 95 84 55 52 34 4 36 9 51 71 0 63 3 39 5 83 12 67 80 11 42 84 34 25 90 33 72 22 13 43 38 79 23 72 58 58 12 40 42 
65 24 15 70 71 63 41 74 54 94 19 79 30 5 74 88 82 19 70 2 89 65 62 22 29 64 91 60 13 96 62 83 50 22 61 41 72 10 5 62 64 68 31 18 75 91 52 89 0 81 59 88 74 81 41 
8 100 49 37 35 15 53 57 92 71 63 35 44 52 71 98 81 4 80 51 25 10 15 46 63 44 76 55 84 10 7 58 74 14 80 58 10 51 1 42 36 98 85 70 16 40 66 57 24 80 39 77 83 92 43 
11 68 41 29 13 59 69 91 68 80 8 29 54 76 94 1 59 14 65 45 96 3 1 11 2 68 9 29 59 32 64 83 26 95 82 84 93 88 61 68 1 67 35 40 77 75 6 59 78 60 71 26 45 59 39 
19 28 71 26 4 1 73 60 88 100 66 21 4 50 51 34 73 66 62 58 25 30 10 44 26 93 37 78 24 54 45 99 95 5 76 78 87 57 60 2 57 65 39 80 77 47 41 79 35 46 73 56 69 68 45 
47 100 26 44 11 61 58 29 62 41 82 6 25 70 31 11 2 35 83 2 41 4 46 55 20 80 1 91 23 24 96 96 47 21 27 10 64 77 96 90 52 55 81 71 43 18 81 97 61 12 39 79 51 12 10 
99 27 27 72 90 68 14 73 40 64 80 71 0 89 30 5 10 29 29 2 60 21 66 15 49 66 24 48 22 23 48 4 86 2 92 68 27 9 35 7 11 6 6 59 10 4 3 29 84 94 52 24 46 63 16 
95 54 98 52 50 21 32 75 97 36 94 84 83 42 84 51 62 3 73 80 19 69 95 98 9 11 85 6 0 85 86 46 29 60 23 19 10 96 18 81 54 82 82 9 82 56 41 96 47 64 50 24 6 38 5 
32 91 100 80 70 62 16 22 99 84 69 0 99 23 99 85 72 47 58 92 71 8 76 45 77 27 2 15 8 3 12 48 51 17 65 98 18 13 62 16 91 73 43 73 5 8 16 99 74 47 10 84 64 84 89 
73 67 19 84 32 45 17 19 97 15 37 32 93 19 40 25 28 8 63 3 77 3 12 69 95 35 27 91 60 80 4 65 15 15 90 32 57 96 82 20 90 6 100 32 62 38 0 95 31 6 71 24 36 98 6 
6 66 23 62 60 59 6 43 60 80 35 57 27 32 63 59 6 32 28 54 4 39 34 32 38 14 11 68 44 64 41 92 13 74 25 28 87 61 26 49 7 85 15 91 8 91 98 36 4 90 2 53 96 99 63 
48 11 79 21 73 53 61 32 94 8 42 49 2 47 84 16 50 29 66 12 14 74 53 97 28 74 94 74 50 61 52 74 38 48 40 1 61 3 20 13 64 40 59 23 64 24 84 51 49 26 69 52 0 77 31 
98 76 5 40 3 0 64 51 14 68 67 29 91 55 2 20 73 83 93 77 97 95 11 58 98 23 84 57 33 74 30 24 89 46 23 87 78 60 75 87 24 80 70 89 97 30 18 31 44 56 82 11 38 77 6 
40 20 31 69 5 22 11 4 21 1 32 86 58 100 88 72 89 40 95 41 78 96 15 74 11 6 14 55 44 37 94 17 6 79 4 33 6 59 42 27 100 11 56 82 41 94 43 41 25 94 6 47 68 37 89 
51 7 85 17 95 18 2 30 60 70 25 52 9 62 51 43 84 25 40 63 33 88 4 88 78 5 12 89 37 46 40 80 90 56 47 51 14 44 66 76 56 83 11 60 13 91 78 48 19 56 56 28 99 12 98 
84 83 77 18 91 45 12 93 72 88 84 9 26 62 92 76 17 37 35 82 90 44 25 87 39 35 37 71 52 64 96 58 96 65 22 28 38 86 81 54 99 0 3 32 82 15 100 3 45 42 60 76 82 84 12 
99 50 90 0 42 60 51 81 91 91 44 70 56 31 56 80 54 44 41 19 19 84 90 67 39 51 16 25 30 51 97 12 2 68 0 71 74 5 13 76 23 34 44 84 9 51 39 52 93 46 82 24 23 22 29 
60 95 29 15 39 75 88 30 99 59 29 42 59 14 69 39 52 0 98 98 65 93 52 98 54 40 92 49 0 40 15 12 6 1 74 0 51 36 63 15 61 99 23 48 68 58 57 48 46 91 51 47 57 3 66 
78 56 36 21 31 18 10 9 49 0 12 81 42 47 36 20 64 2 20 91 7 88 42 2 91 56 80 66 40 41 37 0 9 43 93 27 72 37 20 74 85 98 97 50 17 53 92 82 73 38 97 23 71 97 52 
65 54 48 75 16 34 38 84 41 5 13 90 51 74 6 3 8 96 18 50 80 11 34 14 46 19 100 68 65 43 63 18 29 55 49 3 78 93 6 25 50 60 81 80 89 98 64 37 35 92 50 83 71 18 94 
12 87 67 32 46 11 88 46 15 10 46 51 14 27 89 46 45 64 51 71 83 85 60 36 43 7 13 40 28 26 38 75 88 56 58 94 13 9 27 91 63 46 9 10 75 44 1 94 16 99 40 25 93 37 38 
40 90 1 38 1 41 51 82 61 38 83 21 58 22 58 42 33 27 1 63 47 74 6 19 25 10 45 70 99 71 97 64 81 91 21 73 12 95 51 64 72 59 69 65 11 94 5 68 99 19 71 55 45 20 98 
38 58 95 71 66 60 50 62 30 53 3 98 59 14 82 32 10 68 36 98 83 55 21 55 1 0 96 73 68 54 43 0 61 46 28 20 39 94 33 87 85 38 33 89 68 11 17 5 53 49 56 26 50 4 69 
59 96 41 57 51 16 86 92 100 99 83 69 14 81 95 94 74 35 10 29 77 8 74 37 80 31 53 98 89 25 89 69 22 60 13 51 80 49 15 35 81 71 1 70 50 66 76 75 80 47 30 86 73 19 35 
95 68 95 57 34 95 49 51 26 0 65 97 70 56 46 85 66 32 4 75 76 2 51 62 92 10 42 48 42 13 72 93 65 83 99 79 36 33 46 49 13 1 35 62 51 5 21 99 92 43 34 12 31 21 77 
93 26 25 0 4 84 63 71 7 44 41 5 74 70 67 22 53 76 87 57 69 78 81 19 25 44 5 2 65 74 33 67 20 35 35 61 26 42 11 55 6 49 59 88 35 96 37 68 50 28 64 71 65 77 59 
21 97 75 10 60 21 36 43 27 13 43 0 19 33 92 75 94 78 14 54 24 98 68 60 56 38 55 98 78 87 23 46 38 10 54 54 64 11 48 31 46 53 43 34 30 30 54 96 90 78 97 47 3 33 39 
29 40 31 11 1 35 62 34 72 14 27 75 30 81 100 32 53 96 35 3 2 3 14 97 44 81 21 74 59 17 55 56 15 59 57 24 41 59 4 76 97 28 72 48 37 85 95 7 43 30 69 58 21 10 71 
29 17 34 92 41 12 72 12 60 65 34 58 89 34 21 19 56 2 89 34 5 73 57 41 90 11 88 78 13 58 78 72 11 38 53 35 18 34 75 97 89 1 69 89 70 48 55 0 29 1 39 65 1 38 87 
23 88 43 87 0 47 32 90 81 43 55 72 62 42 48 46 36 73 23 49 19 6 3 47 29 98 32 57 84 7 35 71 65 6 2 31 89 3 15 91 50 73 43 56 46 70 82 11 99 42 8 44 35 3 74 
46 79 4 59 49 70 17 68 15 28 47 29 6 8 1 30 80 21 95 7 7 24 80 67 4 92 19 9 7 31 40 81 57 7 41 71 59 69 44 40 33 15 5 40 81 39 28 51 16 24 46 76 58 0 72 
32 67 61 22 55 72 22 62 100 40 67 43 87 59 92 22 59 44 67 72 25 5 75 40 3 17 79 10 2 75 40 65 10 48 93 65 52 56 33 88 57 17 96 93 49 57 9 4 33 77 62 33 57 15 23 
67 64 56 92 17 72 55 74 98 36 6 9 56 83 61 3 4 31 67 21 15 30 93 61 68 73 67 20 71 80 27 7 5 63 65 61 40 92 31 96 29 44 6 77 100 6 70 89 73 53 23 60 84 26 40 
46 4 88 60 100 62 16 40 64 25 80 33 74 100 98 67 65 40 72 21 96 97 58 48 56 19 1 81 18 15 61 3 32 30 92 7 97 79 66 37 41 65 47 9 5 59 52 59 3 31 58 31 7 41 51 
46 89 44 10 92 91 72 84 22 48 82 99 68 48 90 2 83 5 33 48 98 19 30 42 37 98 22 43 25 94 23 74 94 82 16 65 65 63 62 73 68 88 13 25 9 27 56 81 27 34 9 17 63 70 68 
84 65 100 54 69 100 74 29 93 6 47 76 0 67 6 38 30 42 7 1 89 8 50 37 27 100 19 45 43 24 100 73 17 37 22 88 79 59 5 39 47 82 8 33 3 23 84 99 87 85 31 42 8 47 69 
86 49 13 69 59 62 62 40 92 13 83 46 5 16 14 88 30 59 0 4 67 14 16 46 89 99 63 43 53 4 16 77 52 26 67 3 42 65 11 12 14 65 61 12 8 30 88 57 73 20 24 88 29 23 88 
34 96 48 81 94 70 100 15 3 79 18 39 56 54 94 69 27 80 93 68 28 19 67 4 89 35 4 0 25 40 72 34 77 55 45 74 97 50 18 50 21 6 60 92 76 28 39 85 82 69 46 28 66 80 76 
1 98 78 60 57 97 92 55 12 94 46 26 8 31 72 85 35 39 70 63 70 26 64 48 70 65 9 99 3 60 53 9 21 38 59 10 4 99 45 17 37 91 95 54 87 37 32 26 93 4 98 14 1 85 33 
16 93 54 73 52 85 8 21 19 15 3 32 58 38 38 32 55 81 66 70 17 43 22 51 71 54 5 17 81 98 40 79 90 79 14 79 33 98 76 90 60 42 26 44 80 35 40 56 17 71 3 88 32 42 57 
65 50 55 70 49 0 51 100 13 69 10 1 90 96 99 89 80 88 70 76 39 31 55 40 87 4 96 79 9 41 85 74 33 95 42 62 7 95 39 81 18 4 31 59 15 20 81 38 37 60 71 64 55 43 41 
89 70 68 1 56 41 12 2 73 36 37 69 87 5 55 19 17 47 100 38 21 7 15 67 81 25 35 29 40 27 22 18 53 16 9 90 88 35 43 61 16 72 13 97 89 49 53 35 57 23 6 90 10 67 14 
12 34 30 74 34 92 84 55 95 10 11 86 22 15 88 53 57 29 61 59 95 50 41 36 11 59 40 31 100 38 38 77 7 83 54 39 85 47 50 100 62 55 7 1 18 71 41 93 21 4 43 11 39 93 78 
29 54 0 62 31 40 3 11 91 74 75 24 94 86 72 46 94 94 94 29 15 53 73 83 36 18 94 79 11 15 79 52 32 55 70 23 14 43 98 20 68 66 20 87 2 51 72 86 53 47 48 71 37 62 31 
45 86 44 18 48 100 15 7 52 22 87 72 27 41 97 99 47 49 72 97 4 33 1 92 82 66 62 54 98 26 36 44 7 70 26 59 53 18 40 18 60 53 5 22 50 24 45 74 17 2 11 42 67 53 68 
15 39 0 60 60 43 96 27 99 93 42 28 64 14 11 98 89 56 55 50 53 36 25 95 80 0 19 39 62 79 33 86 65 58 100 47 30 14 10 40 71 70 86 43 43 75 24 3 36 13 35 41 10 1 60 
4 62 14 19 40 22 68 45 0 3 36 84 10 43 86 86 43 26 53 8 0 71 95 5 82 18 1 77 85 54 31 95 97 57 21 50 34 57 80 61 66 30 66 50 21 89 3 88 58 18 0 43 59 88 57 
2 63 29 85 39 67 57 82 47 46 87 27 84 72 60 84 55 40 87 32 71 33 74 84 36 67 93 18 53 12 96 64 67 89 3 21 59 59 7 80 88 89 66 85 19 37 93 66 4 94 51 20 97 83 18 
13 1 8 80 56 24 87 62 39 49 3 15 69 50 12 6 21 36 18 96 93 83 50 79 35 88 0 41 5 53 90 55 50 4 79 2 8 72 39 18 25 4 65 76 77 0 64 71 75 66 85 67 92 27 58 
6 19 82 46 14 62 43 55 33 19 19 34 71 17 36 64 59 86 87 34 38 91 79 30 31 76 0 97 60 72 31 45 28 68 69 22 67 58 48 65 13 19 72 85 85 69 86 83 44 4 53 83 94 51 26 
15 30 32 16 20 44 67 1 26 60 49 31 28 34 58 21 87 74 18 37 3 32 93 12 55 96 87 61 88 70 95 63 1 26 23 41 81 78 55 69 52 82 53 53 71 90 20 97 70 2 54 43 15 92 67 
38 70 2 55 71 37 37 54 83 56 92 97 53 58 8 61 94 1 39 89 20 66 48 99 84 49 4 35 71 9 30 12 10 49 15 55 44 24 2 55 61 29 12 71 83 94 73 54 59 90 40 86 18 36 61 
44 68 39 98 40 51 27 4 97 1 49 50 53 43 51 13 21 45 52 90 35 12 85 95 49 79 65 57 95 37 12 20 0 11 40 14 18 67 71 57 33 12 59 86 32 33 27 56 69 60 42 37 47 75 87 
91 5 91 5 25 87 68 33 56 8 52 34 2 89 52 100 24 78 69 99 67 100 79 70 55 11 9 97 83 38 57 12 63 31 60 24 48 51 100 45 38 3 7 85 20 41 92 31 28 36 26 23 0 81 49 
4 76 57 71 96 70 7 94 33 4 75 78 66 89 1 28 2 75 16 68 39 44 36 25 39 82 55 63 19 58 22 12 65 19 9 0 4 55 26 74 78 98 33 63 11 76 67 47 67 14 74 2 28 61 2 
40 58 86 28 85 5 76 91 40 92 30 68 29 69 7 32 37 33 13 47 59 69 2 0 54 8 44 97 56 66 74 42 78 77 30 96 26 36 54 73 3 33 88 26 67 17 13 39 75 44 10 4 38 84 26 
74 45 4 89 2 51 46 100 26 30 44 95 42 47 96 56 76 77 47 13 73 97 65 71 26 31 11 38 36 99 32 67 80 22 42 13 2 85 49 70 96 41 68 48 96 31 1 10 28 35 97 67 95 81 3 
93 46 100 97 34 21 64 23 10 30 85 12 23 5 32 35 28 61 6 9 47 32 94 4 8 77 56 54 46 70 58 13 5 19 25 16 26 81 86 0 5 60 36 17 60 13 45 49 34 5 72 93 39 73 72 
90 7 91 17 100 90 75 41 54 51 38 8 48 30 84 41 39 66 20 82 66 6 24 51 17 60 81 36 97 60 82 33 74 26 57 100 21 72 80 24 69 83 66 96 24 52 42 34 46 68 86 25 76 83 31 
54 51 94 9 50 58 33 71 69 4 50 86 85 15 11 52 72 86 71 34 89 36 84 16 96 62 54 50 75 70 51 23 36 42 36 85 14 73 74 97 99 65 27 5 55 84 61 51 31 11 99 47 40 33 10 
9 83 61 28 28 40 82 9 85 55 67 1 69 83 95 84 60 67 69 70 67 96 39 15 35 21 39 63 77 54 21 4 71 79 49 61 55 31 51 96 96 44 82 20 96 59 32 55 7 47 67 54 38 94 100 
6 56 39 43 75 67 86 68 27 95 96 66 86 85 61 25 89 28 14 30 34 68 0 57 69 33 37 36 20 9 35 93 7 60 61 82 59 31 42 93 27 21 68 84 99 92 41 61 3 55 53 35 1 62 14 
94 95 73 62 94 75 92 11 53 29 91 36 95 56 56 81 78 47 35 61 6 63 73 89 22 97 39 24 2 95 20 59 27 93 10 74 83 84 16 13 22 21 86 92 5 17 93 13 61 13 68 64 72 3 44 
