61
79 63 43 68 23 97 58 47 100 9 73 50 83 82 33 32 52 73 78 30 20 13 68 0 37 44 96 95 51 10 40 53 11 35 21 0 70 8 61 41 10 84 35 98 7 64 14 63 0 12 96 34 27 23 78 57 63 46 37 94 47 
38 19 8 6 87 26 17 97 44 83 54 18 41 14 45 100 94 51 0 32 6 64 60 99 44 85 46 47 15 61 33 96 2 57 6 60 29 3 88 41 29 51 51 37 97 76 53 38 93 55 43 22 63 1 39 88 84 27 85 61 36 
79 8 67 88 51 71 73 13 96 58 25 8 60 51 42 55 29 4 31 52 59 89 51 25 22 84 33 68 10 40 30 84 47 43 60 38 18 27 56 29 39 51 53 35 77 21 64 9 28 11 24 24 15 39 9 80 37 79 55 32 11 
33 42 19 68 85 12 64 98 100 28 5 66 68 9 80 38 83 92 43 74 11 93 26 97 95 93 49 50 89 55 31 76 35 38 96 89 11 89 40 45 17 15 10 5 84 65 26 50 7 72 26 10 68 44 40 97 60 8 96 62 52 
19 28 20 67 18 55 4 23 92 4 41 9 52 52 80 51 72 73 91 18 8 21 29 72 21 9 28 39 67 20 69 86 17 5 34 3 43 25 51 52 52 60 84 6 79 75 6 1 64 31 7 91 65 76 66 42 98 44 26 40 90 
66 61 82 99 55 73 71 27 28 13 52 36 71 91 40 46 66 1 39 59 27 17 51 61 30 1 20 81 17 44 70 6 10 25 9 99 86 66 47 45 70 21 5 43 70 3 46 11 47 72 47 58 1 8 78 75 12 64 79 10 68 
56 38 52 74 43 16 34 20 11 59 30 49 47 21 4 49 80 59 38 85 22 86 45 7 40 100 43 38 24 14 60 95 58 57 71 13 93 22 4 94 78 90 70 51 11 35 84 69 0 15 1 79 53 89 85 15 41 99 58 14 100 
49 34 66 64 39 14 26 44 29 92 58 3 69 13 53 79 7 79 51 66 54 82 72 59 70 27 4 9 7 72 35 53 35 72 9 8 99 43 48 67 9 63 76 98 81 66 17 60 29 18 83 96 16 67 45 30 16 4 74 15 10 
95 86 91 49 44 19 49 52 24 55 23 18 65 26 40 62 91 100 9 13 66 13 31 43 54 16 52 97 30 32 99 43 93 37 68 93 56 53 61 16 33 60 72 82 28 2 82 97 8 41 29 1 16 59 34 78 46 46 5 49 1 
4 68 94 91 54 83 97 43 32 41 10 53 16 65 7 69 9 41 25 98 74 65 64 98 98 86 66 57 31 67 95 100 30 5 0 71 87 78 17 76 44 4 56 75 17 53 75 81 69 9 37 97 18 7 93 72 73 87 53 4 8 
7 28 87 61 60 55 76 75 43 38 56 37 90 75 97 93 79 45 45 15 47 73 98 86 95 10 32 91 61 88 18 54 95 20 9 63 54 99 2 49 12 68 18 25 54 91 26 14 83 50 24 98 86 25 54 74 7 65 6 22 50 
19 32 83 91 20 96 18 79 25 7 27 66 44 33 88 74 29 77 92 0 3 62 78 26 41 76 72 74 31 52 3 15 99 92 48 52 52 58 21 95 81 4 16 29 28 100 66 48 16 72 72 60 93 87 33 40 13 31 55 67 8 
63 32 42 80 45 43 32 18 90 81 33 61 65 12 72 9 52 65 94 83 40 44 88 83 9 55 71 92 46 90 3 25 64 73 33 15 53 1 79 96 67 19 99 15 19 3 9 4 57 57 50 56 20 33 5 14 23 48 29 75 3 
32 48 36 13 52 11 62 83 93 36 38 52 74 62 43 55 62 3 54 13 75 77 69 57 7 27 4 5 31 99 13 44 26 8 21 0 61 21 78 6 27 41 79 87 97 66 97 17 53 60 29 53 16 52 54 5 69 66 49 14 37 
32 10 69 5 39 89 50 55 26 20 9 55 30 23 96 51 25 78 8 28 30 24 42 46 75 48 25 63 27 18 92 13 52 18 32 92 39 70 19 54 12 51 80 65 31 57 88 18 21 42 90 31 12 61 78 89 66 85 87 73 14 
60 62 21 53 44 52 96 53 28 96 41 85 32 16 83 69 40 54 90 8 96 81 91 47 89 92 35 65 3 66 18 23 98 33 37 99 43 99 19 72 48 1 64 67 26 24 76 63 10 69 74 11 97 56 28 22 83 45 40 32 43 
47 63 48 32 96 48 23 25 2 52 28 44 93 34 4 0 18 50 30 81 89 91 24 54 52 53 71 44 35 22 48 45 24 6 75 40 23 59 31 51 53 71 4 56 55 27 65 19 19 49 79 43 53 78 11 28 59 62 72 1 92 
64 14 52 97 87 89 75 71 87 98 31 96 45 26 50 11 83 33 53 56 58 17 63 85 83 7 33 28 43 48 9 76 12 52 7 73 82 67 69 79 63 66 29 34 31 65 20 13 5 16 70 66 99 44 85 89 70 19 31 68 73 
68 50 83 79 3 58 68 10 84 26 67 34 54 60 30 74 35 87 47 62 41 43 94 32 58 27 52 17 21 39 42 16 46 31 39 37 29 49 7 28 7 32 40 58 47 90 3 9 1 95 32 85 54 44 93 61 50 90 48 15 59 
23 74 27 42 87 6 27 12 32 21 31 4 46 86 10 0 37 31 60 69 16 20 70 23 48 22 23 7 42 27 72 50 3 46 50 60 79 77 51 55 55 49 52 33 4 75 78 40 71 49 41 91 52 95 78 36 32 51 0 12 37 
29 4 80 49 98 17 50 94 76 76 81 72 39 66 49 20 59 63 65 11 48 52 64 28 74 31 0 73 56 8 43 100 71 48 5 83 23 49 7 47 64 34 32 34 45 86 3 83 75 81 40 33 81 86 31 97 8 20 46 49 20 
4 72 33 55 51 54 77 81 58 74 79 30 19 73 99 31 61 40 59 40 62 2 60 55 22 83 37 80 96 19 43 36 86 68 16 67 74 24 57 80 42 34 56 1 92 87 21 67 85 1 92 56 49 62 66 37 30 51 54 4 74 
91 37 2 87 95 5 74 95 83 100 92 91 20 75 33 75 78 60 31 86 23 100 7 2 95 81 52 68 14 81 31 36 49 13 26 83 10 34 27 1 67 33 44 82 8 53 15 55 72 74 10 32 38 79 61 94 49 81 80 83 99 
76 41 26 3 60 24 86 71 10 59 0 87 37 24 83 20 38 72 85 11 26 99 33 73 1 66 7 45 99 63 10 72 24 49 52 86 62 18 49 25 20 87 8 21 42 74 49 24 5 58 79 63 79 97 35 48 17 55 45 70 15 
97 79 49 38 1 88 44 8 39 64 17 26 7 58 17 32 96 25 31 54 62 17 11 96 15 24 84 52 45 21 84 65 37 100 92 56 78 68 50 91 26 62 90 67 4 96 97 40 49 45 0 10 4 44 63 43 73 25 91 6 32 
65 15 32 98 79 3 43 91 96 94 99 25 10 75 58 43 83 47 54 51 33 34 28 41 66 43 90 93 2 79 60 98 16 66 54 50 7 36 90 87 33 88 27 91 20 6 92 69 92 30 9 76 1 82 88 57 55 99 2 9 59 
51 69 6 34 3 18 21 68 87 16 43 10 62 72 85 38 9 36 12 13 75 96 57 50 36 95 72 47 96 54 64 38 5 63 4 88 71 65 0 30 96 65 72 21 69 27 77 50 5 36 88 49 83 54 85 70 36 83 40 43 21 
16 3 19 38 52 22 62 78 86 30 55 49 9 15 21 81 92 44 84 11 13 91 15 24 76 7 40 67 10 44 5 83 62 87 24 37 21 70 57 5 23 13 92 81 46 51 31 90 66 74 3 40 68 99 43 41 6 32 30 59 65 
4 63 8 67 77 12 87 31 44 83 4 73 9 77 67 100 90 37 8 50 58 12 98 72 74 78 44 39 21 97 86 58 72 7 44 9 46 82 69 20 21 69 98 80 37 38 30 20 72 88 71 47 99 54 88 78 60 78 15 22 98 
86 68 30 28 96 61 66 75 70 57 3 64 55 77 41 73 93 39 88 73 97 28 62 3 11 8 13 85 16 8 53 40 33 72 46 92 47 45 18 50 54 23 72 14 96 3 7 48 44 6 3 1 40 57 100 90 4 53 84 58 80 
43 83 88 65 8 98 11 46 6 47 69 49 33 93 100 61 11 79 56 88 91 100 98 60 49 68 82 94 9 70 73 71 15 12 33 95 33 5 69 41 74 35 34 10 49 10 28 32 3 7 45 5 97 33 36 61 19 76 12 79 63 
28 4 2 86 95 32 23 48 14 80 45 97 68 56 32 25 46 93 9 52 98 22 72 74 89 22 14 3 34 22 99 92 94 10 4 89 34 95 44 0 96 92 33 45 32 55 47 16 98 67 1 0 4 52 46 15 75 96 51 54 54 
58 29 72 78 32 20 28 89 89 38 82 49 86 47 8 15 58 26 68 39 8 34 65 35 58 80 62 29 28 71 49 50 76 88 72 67 95 8 78 64 41 75 30 100 74 91 98 5 99 81 23 20 59 47 27 49 19 12 99 15 24 
34 82 37 40 30 58 24 4 38 83 20 36 13 29 98 3 33 44 97 19 62 20 68 40 95 43 55 75 72 56 24 22 67 69 31 22 51 90 92 50 97 56 69 16 1 5 23 53 7 98 79 72 59 93 87 59 42 36 14 20 77 
10 71 93 59 46 53 0 83 24 86 4 83 85 72 82 78 33 81 34 9 29 46 13 99 68 57 3 73 3 42 9 33 82 100 38 64 72 19 63 100 12 100 23 9 22 43 90 67 30 0 94 100 32 96 10 48 71 35 46 81 9 
2 55 38 37 79 95 0 20 55 3 12 0 3 44 5 96 49 56 86 63 42 5 4 16 24 36 15 19 55 41 78 90 10 25 75 89 6 31 49 91 80 25 74 29 44 88 11 100 5 53 37 39 90 83 11 16 31 73 45 30 25 
25 86 50 36 49 17 94 3 50 56 99 20 38 71 38 45 58 84 1 83 13 15 13 53 68 75 84 15 8 21 10 34 18 43 68 98 9 30 53 21 86 32 83 2 62 35 58 5 41 93 38 100 25 3 86 72 36 10 91 80 42 
68 67 44 24 1 90 67 50 64 16 35 5 52 1 53 22 32 17 2 6 21 14 29 36 72 2 8 98 0 31 27 77 47 0 94 28 27 32 66 72 60 75 47 8 52 32 2 52 72 38 88 6 67 9 95 50 82 53 55 92 90 
18 64 27 61 5 0 99 100 83 69 33 49 68 86 28 35 75 81 93 99 40 92 76 43 71 70 29 82 75 29 95 88 86 96 13 50 73 57 88 13 99 1 51 50 79 8 31 69 47 21 96 99 37 20 32 75 14 83 94 12 48 
74 12 67 89 31 63 95 91 32 27 77 8 42 99 71 36 96 15 82 90 57 17 96 36 56 76 2 30 11 23 1 100 59 86 65 0 79 13 12 39 72 36 11 10 18 9 8 15 57 11 69 61 23 23 52 44 59 91 81 76 84 
52 64 1 84 87 85 16 52 7 62 96 99 14 53 73 11 71 51 34 28 85 90 40 59 85 72 59 63 42 77 80 84 75 7 70 70 22 90 51 62 99 40 33 11 43 53 34 53 32 73 60 71 32 65 30 0 85 97 76 82 81 
75 42 41 42 26 70 68 29 10 41 24 45 84 18 86 88 75 4 27 99 38 0 73 83 83 49 90 11 5 86 3 36 69 31 43 64 5 6 56 80 41 40 54 15 67 14 75 99 98 64 69 33 0 12 49 100 94 39 68 60 19 
73 95 23 71 88 24 7 16 34 35 78 39 26 69 85 4 80 5 3 13 60 64 57 4 97 42 78 11 61 78 35 97 20 96 41 4 21 72 97 22 52 37 60 25 95 89 35 48 68 85 19 28 15 52 49 80 100 20 47 15 96 
65 50 34 2 25 69 9 11 25 15 75 2 17 96 86 62 33 59 93 27 94 40 64 19 21 45 47 11 77 67 49 46 76 24 70 92 80 70 37 9 75 3 13 76 60 89 72 66 25 55 67 2 90 47 54 32 14 41 17 70 35 
31 18 33 59 84 79 54 30 89 55 36 63 60 69 6 73 73 96 63 89 29 42 34 9 1 48 86 24 88 90 57 41 67 95 100 63 66 77 52 25 56 44 83 84 41 57 73 94 16 36 31 49 96 29 55 64 50 7 82 96 97 
50 100 69 34 12 8 39 13 17 43 89 82 98 10 82 60 89 0 84 20 35 68 33 77 75 96 40 18 11 91 23 35 78 71 21 25 73 43 40 77 93 81 23 61 26 52 55 90 57 61 33 19 99 92 69 3 67 83 4 17 48 
56 57 28 38 90 25 65 36 6 21 16 36 12 5 70 52 9 51 58 51 68 58 80 98 41 87 12 32 35 97 42 25 89 94 60 87 17 34 10 31 22 37 97 19 82 90 70 12 55 70 54 43 84 100 100 66 75 18 50 37 71 
35 68 60 73 85 72 66 64 29 54 50 35 46 95 50 27 8 2 58 30 63 22 98 15 27 12 1 72 98 69 86 100 13 54 86 60 33 63 11 83 17 17 46 7 6 92 81 83 69 93 54 51 33 67 67 12 37 83 67 32 58 
31 22 29 3 42 49 74 94 91 44 73 33 59 40 26 79 77 98 78 54 51 79 99 36 47 94 73 51 7 89 76 36 5 29 62 53 58 13 9 69 69 76 80 35 67 15 95 25 50 28 36 26 66 27 27 78 82 8 39 17 19 
57 41 70 69 29 94 85 7 51 28 18 71 7 93 12 63 19 38 10 15 40 80 21 13 6 61 15 48 32 99 11 80 27 91 100 6 83 17 0 83 54 66 50 26 28 47 77 2 64 3 99 88 38 22 54 50 37 95 59 81 72 
84 34 86 17 3 66 9 90 22 76 56 24 27 24 24 15 23 69 73 23 55 56 89 67 76 14 14 55 93 69 72 28 73 15 66 10 81 11 80 90 91 66 83 80 87 51 10 39 47 55 95 39 80 53 46 10 44 70 29 8 90 
58 70 86 90 8 83 53 45 79 24 60 0 0 2 51 89 96 89 54 90 29 20 14 84 57 98 91 29 64 0 63 92 90 85 23 2 97 30 56 37 16 60 19 26 87 37 86 50 73 21 7 68 10 37 17 95 41 89 71 29 15 
15 95 74 81 80 4 26 86 37 95 18 69 9 23 38 7 91 41 55 48 26 33 42 45 64 80 59 78 71 51 34 23 45 96 83 98 80 84 19 11 62 6 73 87 5 67 99 22 51 93 61 39 82 56 21 5 52 97 43 42 5 
71 31 59 43 73 33 59 65 5 88 35 100 97 0 19 88 86 69 69 87 27 94 16 23 88 57 93 86 29 37 9 61 9 3 72 45 44 12 35 76 1 81 45 74 30 27 19 1 52 3 60 52 47 50 0 42 31 46 31 82 0 
47 59 13 85 29 91 73 44 79 48 7 94 94 53 46 40 94 39 3 80 53 85 82 69 98 64 92 78 33 73 92 100 1 68 46 55 81 16 25 21 57 72 16 92 67 2 5 20 65 36 55 18 64 9 95 20 73 31 78 6 4 
99 98 79 50 18 51 14 26 28 90 38 46 30 13 97 87 59 77 31 23 65 28 61 76 77 93 48 84 79 69 88 97 13 15 54 62 93 28 100 29 84 33 69 13 0 69 97 85 18 19 95 75 84 1 36 26 6 59 8 7 32 
88 79 86 49 95 5 25 75 84 85 50 15 5 4 98 10 12 70 37 99 20 99 43 53 60 13 46 94 61 74 94 72 16 28 97 65 14 79 50 50 34 84 42 30 40 50 6 41 28 83 66 49 3 95 73 34 99 100 63 12 48 
31 61 27 96 72 0 46 92 81 66 5 2 47 55 16 54 22 19 21 60 91 38 42 25 99 28 90 19 42 100 9 54 80 97 82 22 34 10 4 71 85 23 30 18 69 34 35 45 54 84 35 10 40 67 78 74 90 97 84 31 27 
72 12 93 35 62 68 52 31 88 78 33 26 94 13 21 77 19 26 97 93 21 17 38 64 9 84 69 11 82 83 52 80 94 22 63 25 85 71 98 67 37 32 92 8 67 49 58 43 46 3 72 98 20 53 61 86 69 12 67 72 10 
55 7 64 74 18 46 92 66 27 30 32 10 59 91 94 54 27 81 75 46 60 19 44 41 81 52 18 95 45 53 43 30 68 30 84 15 56 5 92 75 25 80 9 2 76 8 11 87 46 54 20 44 64 68 19 14 89 46 62 80 87 
47 60 5 94 62 81 17 66 88 97 52 5 31 70 55 28 57 56 17 0 47 67 64 60 31 27 40 17 33 6 63 70 1 22 24 4 51 35 74 57 21 90 9 60 30 73 56 87 80 82 17 88 36 39 20 71 5 84 90 59 61 
33 29 56 2 96 95 73 53 70 74 15 20 71 26 29 79 68 36 50 54 11 80 9 8 2 26 95 69 20 3 58 35 9 8 30 67 6 43 75 34 42 3 0 80 52 56 9 37 92 74 41 88 30 16 65 56 62 89 5 83 82 
95 9 22 93 75 4 47 48 17 88 65 51 41 52 76 61 19 46 23 73 91 12 25 86 62 58 81 59 11 54 92 25 43 60 41 28 50 19 25 75 87 91 26 35 63 85 70 37 7 37 11 27 55 40 40 93 68 93 92 77 92 
71 23 26 2 7 74 55 99 40 19 8 38 62 6 70 40 89 6 36 85 32 37 59 81 29 40 27 8 75 5 35 23 57 86 70 95 3 56 95 32 59 77 33 82 84 100 72 39 32 10 28 82 32 92 63 26 10 68 31 78 11 
45 97 95 97 74 58 13 47 84 62 6 95 83 97 47 40 10 96 19 59 92 95 2 88 22 23 96 41 95 10 91 11 45 59 90 45 62 5 20 94 10 60 23 94 49 11 82 15 50 34 39 92 42 34 19 4 37 10 37 4 29 
33 82 87 45 61 88 38 8 42 50 47 46 81 29 26 25 54 57 97 37 21 50 25 36 57 78 37 1 87 47 10 8 34 4 48 93 80 64 86 55 10 5 64 60 4 17 94 92 65 63 70 100 29 100 36 31 89 91 93 37 3 
64 97 5 9 35 8 43 32 88 75 25 68 62 51 78 1 24 18 62 48 8 25 71 68 30 73 68 68 41 30 25 100 73 26 25 22 70 86 61 73 24 70 26 87 62 69 86 31 34 54 82 74 26 55 94 88 80 64 71 49 86 
59 2 2 5 91 5 97 23 94 17 99 35 10 47 51 21 28 24 41 74 78 30 74 66 50 18 79 82 12 43 100 47 41 67 32 36 3 16 24 33 53 92 40 76 15 60 60 25 91 93 69 17 96 20 45 100 5 4 69 64 100 
76 0 22 91 72 94 88 11 61 57 54 82 71 73 97 76 20 29 28 71 51 41 84 37 95 47 18 17 16 24 51 81 40 47 76 72 27 83 25 81 76 13 64 3 49 6 45 64 67 85 57 34 13 72 36 63 32 6 34 82 27 
53 62 90 90 50 44 0 5 85 61 10 29 76 60 39 30 94 63 25 20 69 6 99 53 67 85 55 43 12 80 99 21 99 10 37 63 32 32 45 31 75 52 22 23 91 59 14 23 22 87 83 83 37 44 32 1 19 84 26 70 16 
6 67 85 47 7 8 78 32 17 25 91 13 0 65 93 67 99 55 48 23 49 37 43 59 4 55 48 11 34 13 89 36 90 90 17 21 58 68 40 0 47 11 26 54 54 15 4 79 37 89 30 65 78 65 69 19 97 39 40 14 81 
81 8 53 20 71 23 84 62 55 33 4 36 28 39 37 6 77 59 65 54 46 3 52 97 18 12 15 96 8 80 89 14 20 71 11 12 14 14 35 15 85 26 23 74 47 89 95 96 76 88 27 46 56 9 32 23 26 8 59 51 37 
32 86 70 48 50 22 0 27 13 18 9 51 72 51 16 96 90 43 4 71 59 31 33 52 98 92 72 96 76 76 80 53 16 42 30 7 53 57 38 17 47 12 30 22 1 97 93 50 17 94 63 42 70 9 55 68 26 52 50 9 14 
7 69 32 10 88 20 71 19 54 100 96 51 35 59 46 34 81 1 41 2 41 44 100 51 55 71 39 59 80 65 26 7 7 79 6 51 37 14 34 22 15 80 73 72 45 74 43 70 41 9 47 36 73 69 78 69 25 61 2 70 75 
13 82 20 43 37 56 30 99 27 21 69 5 95 61 60 40 46 13 90 26 58 0 66 65 1 40 18 45 24 98 40 81 92 88 3 98 43 13 1 65 22 83 95 54 78 75 74 54 44 31 59 2 54 87 96 81 53 73 30 100 83 
63 57 76 90 34 88 68 66 64 73 22 8 95 74 55 87 31 84 64 29 50 27 47 79 38 91 75 77 93 66 39 77 42 18 82 94 87 89 63 45 42 11 42 37 60 7 66 97 47 63 84 62 99 24 52 82 44 70 90 76 40 
23 80 67 78 27 56 84 86 1 8 92 37 43 88 8 10 35 8 3 42 96 65 95 82 65 25 82 40 14 57 96 84 29 100 35 14 96 97 36 50 9 42 85 87 49 10 65 100 24 69 25 36 72 2 76 81 45 87 71 18 59 
98 27 18 44 41 84 100 45 41 23 77 73 17 76 82 72 49 96 13 79 97 97 51 91 25 51 54 45 71 9 19 99 21 7 66 63 12 35 81 1 64 11 35 39 0 85 65 7 35 36 59 34 6 77 12 59 5 58 38 25 26 
28 36 87 26 18 73 11 83 30 6 1 81 62 75 36 73 4 30 14 86 65 74 57 75 43 45 92 51 33 43 33 16 29 13 31 1 88 14 50 89 32 29 87 46 34 19 77 28 95 21 5 7 8 21 50 45 94 75 9 11 5 
57 95 17 83 47 2 23 88 92 71 28 24 1 10 52 79 72 53 76 89 37 53 100 36 89 45 23 45 30 44 75 0 45 21 20 33 85 24 59 36 31 99 66 10 77 30 31 45 9 43 38 88 24 87 45 63 93 10 80 37 43 
31 66 39 48 6 30 91 25 81 62 98 89 91 27 14 12 13 55 77 86 7 54 65 84 93 20 51 76 44 48 28 43 19 52 38 84 26 67 38 19 14 78 80 44 40 4 79 65 34 33 11 33 89 72 63 67 17 89 6 7 80 
26 98 65 59 38 7 47 40 62 30 70 22 40 36 3 68 53 69 93 75 15 84 58 11 59 95 77 64 2 80 83 81 78 45 43 13 67 55 8 90 64 89 31 63 70 68 1 32 93 69 57 26 90 22 45 85 94 43 68 93 3 
70 22 45 29 91 12 51 21 83 15 100 32 7 7 50 79 17 100 21 5 85 19 86 84 53 56 100 70 64 47 22 23 17 77 4 70 73 12 49 24 88 92 79 45 50 57 57 68 75 83 57 41 40 45 59 64 96 26 30 94 79 
72 30 83 10 21 22 55 54 82 92 36 62 38 15 89 52 88 14 26 77 66 96 9 82 98 60 36 64 71 32 87 83 52 50 89 82 56 94 3 13 62 72 58 94 31 84 69 16 59 10 33 2 89 22 87 75 44 9 44 70 81 
47 85 42 47 74 41 9 10 48 98 52 96 90 27 66 26 40 1 18 85 90 56 79 16 60 12 6 53 38 73 19 21 96 38 90 71 51 26 17 39 47 84 93 26 53 23 58 52 23 18 4 25 58 50 76 44 61 91 82 95 81 
44 13 37 84 9 32 87 91 20 73 24 86 74 76 100 79 63 44 16 54 66 88 99 76 64 10 91 10 89 28 40 85 19 49 48 99 76 45 10 57 90 93 72 93 42 63 64 90 3 92 1 37 2 56 69 63 30 45 2 28 40 
93 62 1 0 16 51 12 30 73 9 74 87 34 18 25 28 38 66 17 38 67 68 61 3 65 54 97 74 85 52 67 39 44 36 92 27 3 18 79 77 34 2 23 57 2 24 80 33 1 58 2 4 28 53 94 56 40 25 11 6 85 
39 8 46 68 38 23 78 94 1 33 37 13 59 44 32 47 78 81 26 79 92 91 73 31 69 90 61 79 1 1 32 40 90 73 86 73 45 73 72 64 25 95 45 69 2 31 34 65 92 86 38 10 20 37 58 27 4 84 35 48 57 
16 41 96 56 8 46 89 36 23 64 88 94 67 46 27 4 41 73 96 8 89 63 62 99 6 11 61 27 96 8 85 16 65 13 38 17 100 79 62 94 68 53 32 86 33 5 86 92 87 49 25 94 11 61 15 84 67 22 74 80 24 
24 98 53 14 17 2 80 60 0 63 99 5 73 63 57 62 97 12 39 36 50 85 43 13 55 77 33 99 22 2 82 56 42 64 97 88 12 68 75 40 92 81 36 43 98 38 40 3 11 45 77 19 54 51 77 83 33 70 7 87 79 
78 28 57 32 31 25 68 46 57 61 21 98 25 91 97 41 11 45 92 53 94 82 21 29 47 41 44 46 38 67 26 100 27 92 77 83 19 70 94 55 41 24 16 25 26 49 89 55 33 57 42 40 34 88 86 30 38 9 51 9 49 
76 19 33 74 21 48 93 17 10 63 63 33 77 74 47 33 1 49 32 49 39 54 4 18 77 14 2 38 84 94 2 86 98 74 65 34 42 87 77 83 84 31 86 96 57 72 1 17 37 18 2 98 29 9 94 64 83 67 80 4 89 
92 71 56 99 9 19 21 58 91 64 47 72 11 26 32 28 24 88 69 48 41 35 15 43 72 67 62 91 60 86 40 79 0 19 84 46 50 61 43 46 40 96 8 13 76 79 95 85 77 70 0 28 74 40 34 72 90 99 71 40 68 
32 94 33 6 21 16 9 29 93 4 62 100 28 38 97 52 23 79 43 7 79 42 71 76 63 79 86 94 79 21 19 24 20 59 59 29 13 20 59 88 58 3 37 15 34 76 60 27 31 26 48 26 6 46 74 18 93 71 28 95 9 
15 69 20 41 76 90 21 94 83 68 75 36 33 81 17 97 33 96 46 62 23 71 78 8 85 35 80 54 27 22 91 6 22 81 2 74 27 83 68 27 11 8 47 49 86 78 17 13 91 47 9 66 2 10 39 8 50 54 44 11 61 
66 60 0 84 99 79 86 44 26 88 41 32 58 68 56 43 90 10 100 0 8 80 79 41 90 20 89 55 31 6 71 79 33 63 38 11 18 12 35 0 32 30 28 96 93 10 56 88 53 75 81 83 26 73 30 62 60 62 100 32 70 
66 73 84 76 44 77 88 86 24 69 18 40 80 45 67 90 55 85 94 85 72 99 31 97 66 34 33 100 40 55 36 74 32 1 74 21 31 90 65 0 97 22 62 16 54 11 36 31 89 20 31 75 43 6 7 71 91 97 67 12 63 
31 40 50 22 77 42 75 34 63 64 11 64 20 42 51 1 10 13 97 7 79 68 91 16 75 44 48 40 11 23 28 70 69 37 5 61 59 78 17 46 100 79 20 23 77 15 66 3 93 25 71 14 14 64 77 0 86 44 81 64 62 
5 5 37 76 42 48 81 49 65 6 41 13 73 82 27 94 84 3 77 68 22 39 21 20 77 55 87 37 81 74 67 21 63 26 69 18 90 90 20 84 82 76 79 34 79 99 87 64 95 39 68 15 75 86 47 30 59 22 51 41 98 
82 15 51 90 2 4 32 34 42 29 40 4 37 99 4 0 27 71 68 39 69 57 73 72 100 18 16 56 52 49 20 8 12 31 100 27 71 17 14 53 18 62 36 2 77 27 82 12 77 4 76 55 19 59 47 25 70 70 89 11 95 
23 16 98 23 96 8 59 95 10 25 38 34 84 26 41 59 69 38 59 5 74 46 25 41 19 5 64 89 45 99 63 79 97 83 20 26 46 6 15 63 22 93 8 6 65 5 80 23 14 58 54 25 20 27 79 14 16 82 40 47 93 
34 44 7 74 85 0 81 79 9 74 94 24 4 100 53 85 7 76 88 36 41 84 98 44 57 89 41 64 72 24 40 72 24 84 60 44 6 34 1 48 25 55 29 18 15 67 95 30 5 81 46 89 2 2 36 1 62 73 56 4 36 
9 64 48 35 4 95 80 41 86 53 65 50 24 40 41 43 88 52 97 9 39 68 11 68 37 8 10 56 96 14 16 0 6 14 96 75 27 43 34 0 92 52 99 68 94 21 61 70 59 48 87 73 95 100 23 80 82 29 43 44 67 
2 10 54 47 91 97 88 66 17 45 7 57 67 78 53 21 97 80 41 99 8 10 85 84 65 29 94 3 69 30 20 41 30 29 48 86 94 38 58 29 1 33 99 60 15 86 69 8 15 33 67 44 58 86 73 38 64 15 80 39 48 
61 66 19 37 49 2 94 25 20 9 23 61 0 28 46 70 67 66 3 53 87 21 54 25 40 5 88 72 51 21 96 37 83 54 45 85 78 96 65 89 46 4 48 34 33 60 33 53 21 88 100 12 42 43 5 40 6 92 53 42 89 
16 50 60 0 44 11 66 58 75 12 90 29 45 0 38 100 75 7 38 8 62 34 23 31 34 98 31 27 76 54 5 63 78 49 93 76 86 52 98 63 47 70 34 91 72 70 64 51 67 27 52 42 9 92 40 20 61 50 33 51 44 
4 66 91 31 12 61 28 19 48 24 0 89 93 30 57 65 43 83 22 44 20 72 100 38 0 46 7 53 1 79 36 19 13 6 74 15 26 42 38 71 28 14 11 34 54 88 67 43 2 39 28 29 85 26 10 45 35 49 24 6 12 
4 47 67 84 88 95 87 50 67 39 58 63 67 67 87 48 18 63 63 25 57 71 57 90 95 66 17 15 85 35 78 61 47 57 88 16 44 19 12 11 16 26 87 71 5 73 11 93 34 98 23 83 34 31 79 74 11 13 29 5 15 
37 91 49 44 47 24 5 89 98 75 11 23 50 51 12 79 69 37 20 51 30 59 43 46 76 58 47 58 57 46 16 29 60 32 97 37 5 56 43 9 61 70 17 73 21 37 97 65 25 59 88 84 28 46 69 45 52 75 88 71 62 
21 2 42 67 52 44 68 28 3 12 73 23 8 70 100 5 16 77 67 46 33 72 51 68 98 18 60 92 20 46 36 48 98 67 94 52 65 54 79 20 25 97 19 83 15 80 91 28 51 51 14 68 83 68 70 32 67 45 97 7 1 
42 93 94 7 53 54 44 50 5 15 94 19 70 69 20 29 25 87 72 93 63 64 61 93 93 64 10 47 99 36 97 38 66 29 37 71 54 16 4 50 2 23 68 21 4 16 97 1 59 78 79 83 1 99 28 13 83 53 3 69 22 
38 38 66 80 88 72 97 5 3 27 72 67 52 71 8 68 33 60 100 1 5 45 49 2 27 3 58 97 62 16 2 56 35 96 33 13 61 49 86 91 62 38 88 40 51 38 95 21 68 38 4 43 64 27 10 44 87 57 5 10 15 
64 58 35 41 12 3 70 95 81 25 36 66 99 30 86 70 13 34 23 44 42 11 46 99 41 75 52 40 88 97 23 41 69 84 89 42 17 52 18 83 34 92 14 18 99 0 86 63 46 21 25 65 66 28 42 6 56 38 98 76 29 
39 53 68 61 67 42 4 20 71 2 75 35 52 45 44 65 61 45 84 98 86 77 7 88 79 33 35 3 87 94 9 50 2 38 25 78 34 17 68 16 64 35 69 67 61 90 100 55 39 86 88 32 0 20 25 67 99 93 86 71 96 
4 85 47 21 36 44 65 52 29 52 80 52 98 16 71 63 57 65 59 25 53 33 26 76 94 51 46 40 62 9 1 27 34 69 55 94 28 59 77 24 90 49 72 67 43 19 46 91 2 46 1 77 10 79 61 60 33 92 51 69 55 
8 0 35 34 59 37 81 13 3 74 96 5 31 32 56 96 32 49 67 23 78 38 10 42 85 27 42 66 30 90 62 56 38 28 61 3 76 92 11 10 14 24 48 78 46 88 81 48 59 97 3 66 20 59 12 55 14 23 49 18 29 
53 14 17 5 2 36 83 69 49 74 60 30 6 4 4 17 44 16 65 58 59 0 19 61 85 28 72 29 54 48 9 25 16 33 64 67 1 80 59 12 73 24 22 90 4 25 79 44 94 52 80 38 67 47 18 12 72 71 40 97 33 
43 54 32 35 40 90 32 58 2 66 9 60 81 78 34 11 10 89 6 7 91 98 58 10 22 44 14 6 15 25 82 83 82 64 40 50 69 59 63 65 0 83 88 38 25 29 5 27 100 15 55 43 51 94 30 33 94 22 35 9 0 
12 54 31 45 44 16 82 71 7 71 71 63 31 1 70 6 96 49 59 71 40 22 39 64 11 18 41 18 23 66 34 32 9 83 17 56 97 4 37 8 40 21 86 65 81 33 50 33 19 8 24 41 34 14 16 75 69 37 95 42 65 
28 67 77 42 39 84 78 17 24 3 60 33 27 74 72 45 90 5 82 63 33 46 68 69 14 80 43 49 52 13 99 8 67 26 66 58 97 84 10 98 73 51 17 32 59 59 38 85 6 98 90 8 72 56 45 8 83 16 43 10 82 
75 13 60 55 65 97 24 30 79 94 25 23 35 86 53 33 21 6 2 45 18 61 58 73 95 7 11 56 97 62 79 97 14 99 74 93 66 29 28 16 37 6 83 24 91 85 82 21 0 11 50 92 95 63 35 91 6 28 33 46 74 
2 49 16 24 56 45 5 47 87 79 31 34 68 48 4 38 48 77 44 95 73 23 62 85 26 83 77 49 21 25 44 82 80 91 13 56 77 19 46 59 58 4 55 53 34 94 65 79 25 65 76 56 1 61 96 80 46 64 87 84 38 
