72
15 41 24 40 13 17 42 83 93 84 95 53 69 87 1 89 86 98 76 43 41 100 98 50 60 4 82 63 78 83 68 97 3 52 80 4 92 75 19 71 52 38 12 95 55 35 4 96 23 62 78 79 16 93 50 21 50 15 57 84 7 22 42 53 26 100 4 62 75 52 69 61 
56 70 94 17 98 4 19 75 9 23 21 11 30 66 36 52 86 3 58 51 36 91 28 33 81 49 70 62 42 33 37 79 63 61 82 31 82 10 58 80 54 14 9 48 62 4 23 64 14 92 38 9 25 81 35 66 40 51 63 21 24 55 60 93 59 25 85 66 94 76 73 61 
42 51 61 68 42 51 67 24 9 35 11 24 37 96 9 73 51 38 84 29 2 17 63 17 56 9 76 73 24 32 56 63 36 33 8 20 56 8 12 45 70 21 57 81 36 43 37 70 41 26 47 46 11 75 62 14 92 95 92 20 62 17 38 25 76 42 98 24 35 35 93 86 
24 73 20 85 89 43 43 72 12 13 81 1 36 40 59 89 31 92 32 1 99 78 88 85 76 43 89 71 67 48 33 47 26 43 7 61 62 18 93 87 42 79 27 94 12 86 48 91 67 47 63 27 29 68 14 71 28 82 58 17 88 23 44 79 53 19 92 58 25 3 87 17 
87 89 43 94 29 39 9 17 16 39 12 27 46 49 66 10 1 90 93 97 89 93 27 76 13 20 7 40 49 40 70 63 78 89 100 42 26 88 15 8 24 79 73 55 48 93 28 26 41 80 95 7 8 47 73 75 40 100 55 97 6 76 22 17 24 8 81 50 96 76 24 53 
62 9 1 82 32 76 28 33 68 47 82 22 40 34 61 62 92 42 100 33 71 67 64 71 10 60 86 98 79 4 87 81 27 8 20 0 98 83 30 44 81 71 85 82 26 61 59 66 55 66 67 78 16 79 56 7 98 37 26 37 71 36 39 71 44 85 13 23 47 8 39 68 
55 13 48 98 64 92 26 63 42 21 51 78 21 84 95 7 23 20 30 90 18 87 9 45 65 82 30 84 81 52 97 4 40 17 31 51 100 48 6 73 94 94 6 2 65 61 19 47 3 69 38 47 18 33 12 72 66 73 84 35 5 25 86 54 67 11 5 95 30 8 38 61 
74 98 55 40 25 99 6 97 29 25 4 73 21 8 56 65 52 68 51 51 26 42 27 10 37 3 60 50 7 11 44 38 76 84 80 99 85 93 71 21 68 18 100 99 26 4 31 82 52 6 73 26 49 29 82 60 33 89 95 12 32 52 39 61 17 33 29 8 27 45 68 83 
64 54 5 27 87 69 24 27 26 62 56 73 85 17 48 89 11 41 24 42 57 84 25 31 46 62 16 17 37 70 92 39 38 27 19 33 5 10 5 50 56 41 70 28 43 47 65 76 8 18 79 75 88 17 95 97 33 17 17 98 0 84 75 40 88 11 53 59 40 94 36 45 
52 84 46 45 36 67 10 95 33 63 1 13 80 20 28 47 77 81 73 36 4 14 89 35 87 63 31 19 95 40 69 52 52 61 85 100 78 33 100 16 73 99 49 31 40 20 97 22 1 64 87 46 40 97 45 66 87 24 95 98 30 30 41 56 18 79 45 88 84 7 89 5 
92 32 93 74 30 1 58 3 61 14 28 56 99 73 94 70 13 18 95 48 56 3 82 88 43 73 54 24 70 64 73 23 30 53 18 55 60 6 61 20 31 11 30 19 70 93 24 81 71 49 100 97 33 55 9 23 40 15 0 46 54 79 85 25 5 33 26 60 92 33 43 45 
19 66 89 4 51 16 64 27 40 7 91 38 76 38 30 83 54 8 40 9 58 42 98 63 10 28 29 44 40 42 30 98 56 22 66 5 35 7 82 32 78 65 65 37 48 66 39 34 55 89 89 92 1 46 23 82 16 76 54 34 70 47 37 41 99 60 85 33 22 41 82 17 
16 74 30 31 68 7 23 89 39 25 29 89 8 95 12 25 69 98 44 24 98 21 68 86 31 87 36 20 8 99 10 94 66 74 10 24 0 89 54 2 28 20 7 19 2 99 56 29 92 97 53 81 95 98 18 86 67 47 72 19 97 69 53 74 14 85 45 95 68 97 97 79 
72 6 33 20 11 76 81 27 85 59 53 41 79 63 69 40 42 17 9 2 87 50 32 62 23 7 84 89 40 73 0 65 47 53 81 50 62 53 57 46 23 55 26 12 22 66 91 97 20 5 30 64 83 46 10 58 33 29 95 22 40 18 9 54 55 59 88 87 84 63 92 8 
61 36 72 72 50 9 46 44 95 53 79 16 91 71 90 58 60 19 55 84 42 92 52 85 26 57 58 29 7 47 29 34 28 37 0 66 36 58 84 19 80 35 64 95 15 44 10 54 97 27 62 30 72 10 48 40 15 14 56 97 65 57 56 37 29 76 39 12 6 30 43 3 
21 57 61 52 67 95 53 30 12 88 21 90 5 46 5 50 5 28 13 28 91 48 97 24 48 53 27 0 39 4 51 22 90 61 5 63 55 59 35 71 52 18 55 61 74 33 21 88 4 30 24 83 20 88 13 1 44 52 20 88 66 16 25 49 82 18 100 22 90 81 16 50 
40 17 1 12 56 60 84 73 48 86 46 41 92 46 10 68 51 39 86 3 65 61 72 100 20 36 8 45 84 12 92 43 74 69 9 83 85 75 66 71 99 90 2 3 41 5 27 19 84 62 4 47 72 89 85 38 57 51 62 68 53 13 100 15 29 38 43 82 43 84 33 92 
43 74 81 91 11 55 46 45 28 54 76 87 69 8 48 71 67 35 55 44 12 51 12 31 59 73 82 88 67 48 40 91 98 100 29 42 43 91 86 30 53 29 7 63 94 89 36 52 55 93 42 52 80 0 46 48 92 3 16 52 42 90 28 68 4 63 65 20 80 15 5 58 
98 86 26 85 32 53 11 80 50 60 48 87 74 45 53 19 32 45 56 94 7 89 30 72 30 93 66 6 66 43 1 1 83 1 69 34 24 85 23 98 9 6 58 65 16 77 26 95 62 93 18 3 52 80 66 92 71 48 75 1 48 94 12 34 1 42 89 61 61 24 12 95 
14 35 20 24 29 93 97 18 40 27 40 43 18 58 45 65 47 25 98 29 75 93 13 23 26 52 52 86 84 71 9 5 77 82 51 21 36 0 34 28 1 10 69 42 99 77 68 74 6 49 7 30 96 78 18 29 5 60 41 100 86 80 33 9 31 14 26 33 62 13 50 61 
58 87 69 2 38 45 20 46 24 80 38 69 61 91 83 11 64 78 48 65 14 65 89 33 40 33 90 59 33 55 90 46 97 86 15 97 32 31 82 54 1 10 89 27 24 84 100 21 2 100 85 13 64 99 75 45 94 72 46 16 81 55 44 8 84 15 100 65 28 61 17 14 
64 65 22 8 40 15 0 7 100 2 72 47 85 10 76 62 7 97 67 44 32 51 37 69 58 72 27 21 26 17 82 93 68 1 66 37 64 53 56 12 9 46 47 38 76 88 68 44 24 8 86 100 20 89 36 44 39 29 16 48 77 42 19 97 92 11 12 57 53 70 78 76 
63 74 62 29 89 76 12 98 12 38 0 64 78 21 46 45 21 49 0 99 82 34 63 80 45 18 15 31 66 49 14 31 69 10 81 34 27 77 65 75 67 51 75 36 39 9 9 79 74 71 27 95 96 51 36 41 60 78 95 46 64 81 54 9 9 65 84 36 46 53 66 73 
10 46 34 35 42 24 9 46 46 21 58 31 23 6 50 26 98 80 34 5 8 62 24 32 47 28 64 89 51 22 45 33 92 51 69 1 23 41 69 46 62 6 67 72 22 74 4 24 45 46 82 34 65 0 91 22 18 74 27 16 100 62 25 44 86 32 34 96 22 44 49 71 
20 17 44 50 0 85 90 71 14 31 48 80 96 8 61 94 37 59 97 12 0 5 13 37 95 84 49 99 81 28 48 6 100 27 93 72 19 24 84 46 47 22 9 5 70 7 79 57 94 23 6 43 17 45 8 92 46 36 95 10 41 91 7 39 54 92 29 10 90 42 55 77 
9 41 5 100 55 27 26 18 56 89 7 42 60 31 98 31 96 51 19 53 46 42 3 45 12 50 88 12 74 39 59 33 95 41 39 67 20 4 28 78 66 61 62 15 94 71 57 24 24 22 33 68 43 98 55 100 83 24 11 92 89 79 43 31 21 6 80 36 38 84 46 34 
45 28 48 39 33 30 51 84 39 78 11 18 79 80 17 71 47 17 61 35 99 79 40 33 37 58 59 52 82 18 80 78 89 61 58 58 46 32 36 71 77 78 93 84 2 22 86 23 67 18 10 100 23 18 76 47 14 46 72 85 25 69 70 96 72 12 98 89 52 59 54 90 
97 15 81 69 63 63 96 18 78 96 47 9 31 32 62 24 53 56 79 19 45 2 96 71 42 19 85 18 20 48 37 90 88 17 41 97 13 50 19 8 94 3 73 63 43 12 1 62 78 4 3 66 18 97 74 81 27 1 55 2 74 97 8 67 63 41 5 9 7 37 70 47 
2 76 3 26 33 9 85 4 42 42 35 51 25 35 63 99 31 61 57 70 84 61 78 62 64 79 71 71 0 89 100 78 73 33 69 37 24 33 93 39 24 51 25 25 45 8 59 93 31 82 50 17 78 51 44 61 58 55 94 65 47 75 99 42 45 76 13 3 93 49 95 100 
31 49 92 56 62 16 98 27 84 32 13 12 30 39 98 95 39 26 100 96 8 74 98 77 40 88 95 3 65 82 47 66 95 83 12 33 60 68 51 61 23 63 35 94 71 52 15 39 27 83 75 88 41 72 64 13 53 36 86 84 21 12 100 61 73 33 32 67 22 77 35 48 
57 7 19 70 79 77 65 18 70 48 71 86 9 63 5 79 57 71 72 65 92 82 88 55 51 16 62 87 39 66 0 37 71 82 86 18 85 56 0 98 40 77 3 55 74 49 71 95 0 24 54 35 58 87 36 63 42 79 71 42 97 67 39 76 28 84 65 90 73 92 69 90 
39 58 53 81 0 40 44 80 9 11 46 53 53 83 61 45 84 100 99 4 87 18 83 1 67 97 4 2 76 42 3 53 93 11 61 68 55 53 52 47 86 31 77 48 63 84 64 6 41 92 43 65 100 66 100 52 3 84 65 47 80 26 27 91 55 94 37 44 3 14 58 3 
7 64 88 21 24 60 39 99 5 0 72 33 30 64 99 56 28 94 20 82 23 17 52 51 5 90 53 54 17 56 66 53 31 75 37 42 25 41 68 16 97 4 11 42 72 75 27 42 11 57 59 39 96 50 81 28 50 19 43 66 65 19 16 96 89 8 95 51 6 12 21 2 
57 14 55 43 23 69 74 30 98 85 84 18 35 12 1 60 22 36 8 65 21 54 93 24 87 96 44 59 58 19 59 43 59 74 61 8 80 23 63 38 7 74 11 91 37 55 96 33 82 24 12 60 58 14 13 29 11 48 86 47 22 65 29 71 0 61 49 30 43 23 59 77 
40 3 73 98 43 84 30 75 15 2 84 78 50 67 40 96 24 60 30 66 97 7 71 62 6 84 4 21 13 62 67 55 71 35 12 50 48 61 64 62 33 21 13 66 77 84 69 1 63 11 7 38 24 66 10 40 26 85 76 15 94 41 30 75 50 11 89 30 0 10 42 13 
78 65 59 94 15 43 39 24 42 62 56 56 3 16 64 73 39 40 78 65 88 70 30 34 5 61 76 92 99 10 0 97 12 49 39 48 45 35 27 35 54 54 31 81 85 91 37 74 48 56 86 43 1 64 88 27 43 94 60 55 92 99 65 20 31 23 39 40 49 54 48 98 
65 15 2 46 68 83 24 1 84 76 43 45 44 48 64 41 42 1 43 13 81 71 48 43 52 71 7 97 9 3 57 76 20 55 53 54 5 39 8 60 3 71 53 85 22 56 58 62 62 61 39 30 20 80 54 65 20 5 56 68 10 95 48 24 40 64 80 79 0 69 61 98 
92 48 87 97 47 26 7 68 35 29 78 39 14 37 73 34 8 76 61 24 40 47 54 96 22 17 95 64 10 36 45 10 58 46 77 35 31 7 90 33 73 48 1 43 18 9 87 41 15 62 63 56 86 87 46 38 41 73 21 22 40 63 9 37 39 39 20 77 89 56 22 28 
63 41 69 17 42 26 66 25 66 77 67 72 36 49 36 94 47 71 0 39 50 29 95 64 100 29 81 16 33 34 61 19 69 16 51 6 43 69 68 68 11 68 42 4 83 78 74 0 67 35 85 68 48 75 29 20 29 56 82 70 83 14 100 65 31 62 33 23 33 82 42 98 
31 13 20 3 18 20 49 91 3 71 42 35 99 95 31 84 43 89 13 73 55 76 71 23 67 50 14 54 75 63 26 89 29 25 98 40 36 37 90 95 39 67 54 34 12 43 6 73 86 32 30 82 71 5 49 44 70 37 8 54 81 72 45 59 37 49 36 7 32 94 62 34 
29 96 16 32 56 32 51 56 27 20 50 75 51 98 46 74 9 61 44 48 18 23 15 74 13 61 61 16 5 63 74 30 8 10 37 63 45 30 50 44 63 23 55 48 18 55 11 55 32 42 61 34 4 90 40 40 42 71 60 99 52 27 69 97 85 49 43 34 48 65 78 95 
15 43 90 19 98 90 36 24 62 84 16 76 7 4 13 15 35 23 87 8 74 77 33 43 46 31 69 22 84 21 97 9 35 13 65 26 15 17 49 14 99 73 80 11 47 55 18 99 28 95 58 17 73 6 90 75 55 60 69 73 24 42 58 37 98 1 56 26 100 67 18 53 
18 79 35 47 97 88 25 34 88 92 55 18 52 23 1 92 52 21 6 3 91 29 3 70 4 8 99 99 79 70 50 63 74 54 80 61 78 8 96 14 3 57 23 26 16 39 69 91 52 84 64 2 59 40 65 46 87 67 98 41 84 70 92 64 95 32 26 99 67 80 79 74 
94 65 72 74 73 75 33 61 48 99 34 25 54 92 59 50 99 42 17 73 47 14 28 68 88 32 0 80 90 21 14 95 1 22 74 16 30 59 75 92 10 100 26 2 53 58 95 10 22 32 90 34 3 63 83 85 34 54 43 93 24 10 29 2 97 70 67 27 98 28 12 62 
85 3 61 30 85 70 71 0 67 70 7 84 88 79 20 18 94 81 7 94 1 84 40 71 78 79 53 1 86 26 3 50 92 10 75 78 30 19 72 41 68 18 30 1 36 37 43 69 2 79 62 13 1 35 54 16 68 57 97 54 8 4 45 27 33 2 18 85 21 52 75 97 
88 76 81 89 90 16 91 31 72 98 89 50 58 16 65 0 16 41 28 20 80 23 74 63 82 46 56 59 41 74 43 78 13 71 45 64 87 6 46 96 92 69 85 73 54 36 57 32 1 3 41 56 15 50 64 18 93 89 67 82 25 48 31 38 61 66 74 70 69 4 27 47 
27 6 61 22 26 61 4 64 25 47 93 37 34 60 29 52 92 62 41 1 61 97 81 82 72 58 82 67 81 13 95 68 20 7 40 8 62 17 68 95 18 9 4 61 54 36 24 18 86 78 89 38 85 97 24 52 13 74 48 36 67 45 44 32 90 54 62 10 0 87 0 68 
36 60 64 43 96 69 41 65 57 35 27 84 89 87 83 41 82 76 15 81 73 20 12 13 29 7 80 80 32 10 40 73 63 1 19 20 82 59 9 37 62 12 93 99 12 60 65 87 98 56 90 21 48 66 77 78 12 14 59 37 100 87 18 44 7 69 85 50 35 11 1 74 
38 71 33 12 50 69 72 69 9 43 44 0 40 18 52 87 87 2 80 74 97 72 52 62 6 30 38 10 83 40 26 10 95 58 12 28 45 23 89 17 90 95 11 83 2 20 92 99 77 85 39 52 67 79 50 50 22 87 23 100 51 69 31 77 21 100 6 16 94 92 95 3 
41 5 93 48 87 23 89 66 84 54 44 2 9 81 8 79 44 72 44 34 69 26 5 98 82 6 6 20 45 0 54 46 91 99 49 2 48 87 75 36 86 88 18 28 72 7 12 65 88 53 72 55 65 51 75 95 17 73 17 51 97 31 24 7 92 32 10 69 40 75 21 54 
37 47 100 0 54 44 37 70 96 28 41 18 71 89 5 83 45 75 59 93 100 27 48 97 26 98 65 91 22 65 40 57 70 73 37 64 7 39 46 98 37 30 49 5 21 93 1 75 62 72 63 97 57 87 58 68 0 18 71 32 53 38 79 79 91 92 98 30 35 93 92 2 
6 24 60 14 51 23 7 76 36 5 77 87 22 66 79 19 49 51 45 80 93 86 25 51 84 11 59 84 92 68 17 79 27 8 98 65 95 51 6 89 15 100 63 57 0 82 19 98 32 84 73 35 4 3 8 96 9 23 15 78 84 82 52 71 47 11 55 99 92 52 19 11 
25 64 96 71 49 4 82 91 36 40 1 26 50 100 95 34 5 1 75 36 70 12 17 65 41 100 86 75 81 11 7 35 66 87 64 63 77 66 55 35 74 74 42 99 96 86 89 82 87 3 57 54 57 93 21 95 11 67 8 74 3 21 71 49 12 42 72 38 43 54 18 10 
87 73 70 15 8 85 35 48 42 68 98 95 8 15 63 38 87 43 5 97 1 82 50 36 21 87 36 70 61 14 38 43 41 57 26 66 56 25 18 40 39 16 47 95 36 30 29 18 21 90 23 66 19 1 21 75 21 58 90 4 93 51 72 3 29 81 13 55 9 44 60 59 
21 56 69 59 3 45 96 3 97 2 75 22 3 97 2 38 19 78 78 58 53 26 66 8 72 29 100 9 38 87 23 0 9 74 40 62 26 26 28 9 20 7 33 28 100 91 51 96 99 51 59 14 8 59 54 20 14 22 17 77 17 5 8 56 99 41 53 51 72 96 81 94 
28 66 37 65 58 14 61 12 20 66 7 30 77 26 60 45 31 10 62 24 20 61 56 14 64 10 12 42 59 35 98 63 81 71 91 35 28 8 68 49 19 91 10 33 28 64 99 35 19 79 94 40 24 20 43 57 54 19 39 21 58 84 10 66 65 48 60 64 63 20 44 58 
9 79 72 18 84 64 70 90 6 45 36 32 5 62 90 62 96 87 66 46 91 39 41 98 97 56 77 92 14 2 3 93 81 66 5 54 15 78 66 51 45 58 79 28 45 68 52 2 91 14 42 43 30 54 0 0 14 87 36 84 39 21 97 97 99 71 42 78 47 13 67 6 
13 2 74 77 22 31 27 46 20 88 28 9 2 43 89 58 88 64 98 22 93 44 14 11 6 95 25 96 56 38 41 91 17 93 35 48 19 50 49 58 39 74 1 14 83 75 93 3 8 45 84 13 34 52 87 75 23 22 14 87 69 75 48 82 90 78 46 30 22 33 93 96 
81 24 52 95 0 78 93 13 100 20 83 80 22 29 83 16 45 19 80 100 64 6 34 5 89 40 49 33 14 95 72 13 54 72 83 59 34 38 53 8 6 12 45 67 18 71 10 65 44 36 9 51 72 73 37 29 100 92 54 87 84 58 37 63 44 32 13 87 15 100 32 56 
2 77 88 41 87 80 16 41 70 5 2 32 75 71 81 70 34 81 32 42 19 54 83 87 14 4 76 27 27 64 73 70 90 1 89 86 91 63 87 64 47 42 74 1 7 56 82 88 32 88 20 69 11 21 37 26 2 71 16 99 3 89 10 7 93 9 94 7 96 41 46 45 
79 45 51 88 53 41 41 86 57 24 20 57 51 5 71 17 25 96 95 91 31 94 69 71 66 52 7 32 71 37 59 94 43 96 77 92 50 99 53 17 1 36 96 20 31 62 93 91 74 27 86 64 47 52 58 9 89 18 4 6 84 85 29 13 95 56 9 84 85 57 99 77 
83 2 76 88 48 53 50 73 16 95 79 49 40 97 82 16 68 27 19 96 6 26 99 2 67 74 17 2 99 1 50 7 46 32 54 12 98 47 29 84 98 10 76 46 51 18 28 32 36 30 52 89 10 8 48 56 68 78 86 61 83 78 65 95 63 72 86 66 78 22 57 42 
41 72 94 26 72 66 78 40 54 14 67 92 70 89 98 62 82 82 13 39 80 89 95 71 31 96 93 41 89 65 98 58 44 57 64 30 46 45 99 70 6 98 92 33 60 32 8 6 70 79 13 88 84 93 75 13 75 15 61 50 30 68 55 41 81 27 29 71 71 19 49 97 
6 29 17 59 57 10 78 70 71 48 13 30 42 9 34 45 44 71 38 26 5 31 74 94 3 26 50 28 91 11 74 41 94 94 2 39 41 3 43 26 100 50 52 57 52 13 88 34 18 39 38 23 20 66 34 12 39 82 100 56 4 1 10 68 33 8 65 62 91 99 82 47 
47 28 87 32 61 38 41 94 0 28 38 14 79 88 58 93 93 4 64 76 63 25 83 90 18 22 91 36 88 93 9 99 81 8 85 87 73 75 89 82 21 78 79 94 89 20 5 21 46 86 45 82 68 79 5 62 67 16 26 90 16 88 81 42 45 0 29 23 37 75 14 3 
37 62 67 76 60 97 77 84 55 1 57 35 72 15 80 86 25 7 86 74 60 97 89 33 61 96 19 17 59 42 89 7 34 87 70 95 1 57 8 58 55 10 29 71 79 46 99 8 66 42 45 57 6 37 67 25 26 69 64 11 94 43 75 88 20 93 23 5 26 50 80 20 
57 54 5 92 46 39 42 22 86 1 45 30 42 36 88 66 14 79 90 18 49 100 22 85 33 49 23 84 49 30 5 40 47 55 43 72 82 20 82 65 11 99 89 3 57 29 62 96 77 64 34 23 82 94 71 84 37 64 32 25 83 63 43 82 91 21 13 56 43 76 75 18 
94 80 47 6 43 59 39 55 39 48 54 81 4 61 50 15 21 73 75 45 46 17 86 6 26 41 0 59 44 46 71 11 12 24 51 93 92 75 8 75 5 38 13 16 77 100 76 55 2 46 42 80 57 75 68 70 73 89 6 65 45 32 6 18 71 44 98 30 97 35 99 86 
58 22 96 23 12 63 55 24 24 89 87 85 34 20 61 23 22 17 42 31 60 91 7 57 0 83 48 13 55 6 78 9 51 72 96 69 77 62 86 89 56 35 28 39 0 51 79 14 46 67 37 81 56 38 91 92 61 19 27 53 64 62 50 68 19 41 24 88 87 67 50 61 
94 54 46 38 79 68 71 83 90 57 32 11 49 48 59 32 35 64 24 82 20 84 62 73 73 69 3 87 8 4 23 98 60 49 88 100 94 82 27 68 77 92 84 89 8 51 6 32 34 58 92 52 27 61 99 35 97 74 72 42 63 60 68 1 5 53 63 62 70 11 78 0 
7 58 61 49 54 36 14 93 98 79 47 36 85 90 83 61 56 58 82 0 20 77 37 20 4 34 47 83 37 83 89 9 58 24 48 100 58 50 57 58 87 35 71 28 97 77 77 49 90 9 99 79 4 55 71 47 61 92 76 40 23 29 70 16 81 42 42 17 43 98 93 20 
96 69 9 41 68 34 83 97 12 95 1 64 89 53 99 19 3 59 53 32 60 94 65 41 6 48 56 50 86 41 72 14 39 53 70 9 6 83 41 93 19 66 86 13 99 89 41 21 88 2 45 80 80 24 60 98 39 59 16 15 11 1 33 22 62 96 28 86 18 51 32 26 
78 56 60 57 12 33 6 82 96 19 82 20 15 79 80 94 64 75 62 1 98 56 4 70 35 36 20 46 15 75 75 77 35 85 44 92 58 21 92 76 36 43 57 14 4 23 87 34 37 80 47 67 76 40 2 29 55 48 48 85 7 99 26 22 13 49 76 86 17 42 83 21 
45 35 31 42 82 29 85 18 98 40 41 40 26 49 34 18 46 36 76 16 8 74 84 35 11 32 5 79 20 43 56 85 83 95 25 3 88 80 14 42 55 3 26 20 82 33 93 99 57 39 35 78 32 60 83 83 3 0 98 80 52 28 75 75 40 51 25 18 61 61 56 96 
100 3 98 78 26 2 64 79 67 29 18 22 95 26 100 28 44 0 30 68 47 63 94 48 30 66 84 27 45 70 29 63 97 54 67 50 97 23 19 11 77 9 84 28 13 46 48 29 61 65 95 93 92 67 56 5 96 36 14 94 83 12 94 26 87 51 58 49 79 21 23 96 
17 17 52 90 8 3 81 40 59 7 100 76 25 20 92 94 3 89 96 97 17 99 45 62 91 77 9 54 14 79 24 75 45 21 10 25 100 90 90 9 20 23 64 6 37 58 22 1 50 86 72 39 98 49 23 41 2 94 74 16 92 36 65 38 43 24 8 72 8 2 7 81 
3 93 23 46 69 76 58 69 55 20 48 43 71 92 1 30 94 47 18 57 53 92 74 19 20 63 59 85 61 49 3 94 43 78 26 25 13 24 98 76 68 19 97 51 86 62 96 93 12 66 23 66 94 2 69 100 14 3 42 43 80 44 88 85 50 24 35 46 14 16 29 50 
61 43 51 25 95 2 60 84 84 62 83 6 58 83 59 2 87 49 98 45 95 8 7 82 13 59 27 80 69 17 29 65 37 83 12 50 50 65 87 59 9 29 7 8 43 2 39 100 26 30 33 8 32 75 52 11 99 93 93 68 24 54 64 38 23 65 43 27 5 8 8 64 
66 44 19 77 97 93 96 5 50 16 18 71 22 78 48 94 45 19 37 23 80 10 90 33 73 45 70 81 17 100 97 43 9 68 55 81 19 41 3 82 99 5 88 92 98 66 60 45 71 16 80 28 86 27 49 58 67 16 84 55 43 12 62 36 70 42 66 66 63 92 26 34 
43 30 39 51 92 91 93 78 72 40 54 37 45 3 76 67 13 1 41 14 41 30 52 76 56 93 17 44 30 48 16 15 78 55 35 47 38 13 91 97 16 35 5 71 11 97 93 60 45 57 62 43 73 42 57 91 51 28 88 99 76 72 16 21 25 79 2 0 74 4 37 5 
54 24 97 25 91 20 11 81 22 71 27 46 100 47 3 7 15 39 72 85 5 81 56 95 33 30 32 51 36 40 53 0 8 17 2 63 39 49 31 19 33 67 87 49 86 50 57 45 88 0 75 24 78 52 57 22 78 75 78 58 65 4 0 75 80 2 12 19 66 11 43 10 
90 100 51 97 96 65 25 18 80 69 20 12 1 19 27 38 60 7 58 3 1 92 79 15 45 53 30 98 30 98 24 35 33 56 97 56 98 13 51 38 85 83 42 14 38 75 65 20 8 58 56 89 88 100 26 7 58 26 72 73 45 51 43 20 29 56 63 12 58 24 19 11 
67 66 91 65 0 69 58 91 78 88 19 34 68 38 23 27 49 61 71 91 74 78 57 35 71 54 53 73 48 35 52 38 72 22 29 70 51 9 82 19 50 91 57 82 89 23 86 50 25 77 72 66 30 39 10 97 79 35 35 64 39 91 11 15 18 40 35 3 7 61 2 21 
33 96 45 93 97 78 70 45 70 81 34 86 81 53 39 68 99 20 41 32 3 44 98 34 3 92 0 12 35 48 74 54 62 63 22 50 39 34 72 76 42 58 32 4 43 99 67 54 3 58 68 45 16 54 51 83 0 29 31 13 54 51 39 22 96 85 91 57 69 31 25 3 
80 81 53 49 89 10 6 8 93 35 75 92 54 91 51 43 60 90 46 93 33 9 31 78 24 88 19 35 37 17 4 82 95 100 99 17 36 81 60 29 92 69 86 79 94 29 15 93 6 92 80 7 97 20 72 14 61 29 38 29 97 45 21 62 78 51 86 75 60 61 18 59 
54 8 89 34 15 54 1 5 45 38 81 84 15 37 71 74 46 2 42 0 3 80 27 90 94 54 43 60 84 59 62 85 58 37 37 8 99 56 4 49 53 13 9 19 15 74 29 42 48 31 92 34 13 91 14 5 87 9 16 80 83 42 60 42 9 70 46 69 27 36 61 87 
89 86 44 84 74 100 35 49 61 72 8 35 85 57 11 46 76 2 62 13 85 33 71 9 41 57 97 6 85 0 44 79 83 5 73 13 17 43 66 73 3 15 81 26 78 64 88 43 56 99 53 6 69 15 42 10 10 79 32 29 57 65 68 79 45 5 0 16 27 90 89 34 
24 85 61 54 53 6 50 24 100 47 75 81 65 28 9 15 4 50 62 68 30 52 85 37 62 3 45 73 34 84 60 1 97 35 63 82 74 87 47 11 57 83 29 22 56 69 99 38 33 16 59 72 93 93 86 98 95 96 40 31 20 25 24 87 21 54 67 96 5 13 63 21 
53 19 29 93 75 93 24 40 37 60 59 12 36 26 1 0 83 66 30 11 20 76 15 47 23 65 16 1 12 5 24 68 91 55 3 20 6 13 91 26 80 91 64 81 52 98 2 83 41 79 78 1 20 50 57 87 58 19 19 25 63 87 95 58 47 72 95 4 88 1 89 47 
54 56 37 87 33 63 97 74 62 81 55 64 58 25 62 54 3 5 48 12 26 91 78 98 78 32 60 16 6 87 1 100 77 34 7 63 75 82 31 1 14 2 53 26 22 33 29 42 68 42 37 31 74 59 14 84 15 84 69 97 4 55 0 24 93 34 68 61 73 27 94 86 
43 57 72 92 54 64 51 91 83 84 87 68 76 40 88 11 68 56 5 55 71 51 44 7 74 2 77 53 26 74 10 44 69 40 30 29 44 66 6 84 7 13 62 29 7 91 17 69 21 61 71 73 50 77 82 83 18 14 53 31 34 9 46 89 92 30 58 81 38 46 64 51 
30 50 90 43 44 75 62 42 35 93 76 2 35 93 51 27 50 80 84 8 98 25 3 26 85 90 0 59 30 68 81 68 61 45 63 57 63 64 21 11 49 30 47 64 74 16 80 63 19 41 16 18 18 24 27 61 0 62 15 44 68 53 3 54 41 82 36 40 42 40 32 52 
77 34 27 51 62 24 84 58 4 73 64 12 2 14 98 90 67 74 77 89 48 82 68 77 36 77 31 81 61 90 72 33 9 48 70 25 51 49 68 25 9 84 5 67 56 12 38 6 88 36 72 15 23 91 99 45 37 79 32 87 1 8 56 23 16 98 45 19 40 83 26 24 
65 13 81 73 84 43 7 0 43 40 0 17 93 77 9 16 65 71 87 89 48 100 39 82 40 92 34 35 82 74 43 59 28 37 96 47 98 39 5 54 93 64 78 58 10 91 2 92 63 68 7 34 85 76 14 67 1 23 36 48 80 29 90 78 83 60 19 23 6 40 70 48 
70 63 35 70 82 45 71 18 4 17 71 95 97 54 15 29 100 67 62 0 91 14 27 76 39 21 86 56 22 95 79 57 85 81 13 57 61 7 95 89 88 100 17 60 74 63 14 16 7 80 36 6 20 52 7 94 34 94 92 21 60 57 49 50 26 39 71 94 58 4 45 40 
39 28 52 39 3 37 22 72 75 1 98 50 27 21 70 14 31 81 100 14 33 93 35 93 56 46 79 23 32 22 79 55 8 50 42 65 79 17 89 33 30 57 0 87 22 62 42 71 21 22 35 50 61 73 32 46 15 92 22 62 93 0 46 62 75 43 22 87 91 56 3 33 
77 51 13 40 68 69 42 38 19 87 87 66 59 76 74 65 22 47 1 95 2 40 84 35 43 20 89 76 33 10 94 0 96 73 15 5 76 97 77 36 70 78 9 18 49 89 33 2 69 69 29 75 77 100 17 92 46 26 0 25 3 47 27 59 41 94 4 49 10 57 41 33 
41 32 21 83 51 6 21 3 26 94 34 30 81 94 63 97 39 37 85 46 98 38 11 28 50 69 89 5 90 18 21 39 31 18 3 58 90 32 90 10 41 43 57 56 31 96 24 59 8 64 30 70 14 67 90 23 29 34 93 82 82 9 92 13 61 38 2 61 90 77 28 60 
35 21 54 18 97 36 96 34 66 51 89 51 55 22 48 52 67 11 53 55 4 14 12 56 82 26 27 28 75 57 65 86 10 13 95 54 99 6 59 22 47 72 77 61 21 0 9 21 26 1 23 70 30 76 38 15 69 49 54 19 75 0 70 13 41 90 64 69 6 51 86 68 
17 38 78 93 16 7 37 30 46 93 68 45 81 95 9 86 24 7 18 11 19 41 48 69 82 1 58 41 47 75 36 63 68 89 36 61 45 57 31 76 42 51 68 68 31 31 56 3 77 35 25 4 37 19 47 68 61 85 90 18 93 42 61 41 15 99 60 99 14 68 34 48 
9 28 16 95 7 99 97 54 84 97 38 16 63 86 51 26 86 56 85 18 70 71 99 86 4 76 23 61 32 69 24 34 14 59 21 55 86 74 41 65 25 91 90 87 29 98 86 51 37 16 84 28 59 40 77 22 5 61 64 20 8 98 21 16 5 61 6 45 95 88 85 11 
11 48 73 76 72 19 13 49 76 50 41 8 88 87 12 24 14 24 84 74 55 98 83 70 3 33 6 36 16 30 16 12 78 35 47 63 27 24 36 17 36 21 25 85 38 2 10 6 56 74 46 35 84 19 6 68 8 57 72 65 82 48 9 33 86 47 35 48 36 94 97 52 
32 81 17 59 43 40 68 33 80 46 83 40 9 24 27 78 95 100 68 42 75 48 29 84 23 14 22 52 37 16 75 43 51 59 14 100 87 8 67 12 64 14 87 44 49 79 20 63 15 8 72 46 31 93 29 19 6 99 60 15 72 88 91 78 59 72 26 45 4 75 82 97 
9 81 15 23 19 59 0 81 100 14 77 27 36 2 53 41 76 98 63 0 85 13 1 34 98 15 79 7 85 64 75 84 48 83 91 74 38 48 21 86 51 32 90 5 29 58 30 96 0 37 10 88 19 3 7 91 87 71 9 66 66 59 97 18 35 91 99 13 28 36 74 27 
53 57 30 72 100 94 84 74 75 79 44 79 23 80 43 17 19 0 72 71 38 0 88 90 55 6 89 78 11 22 90 47 63 69 33 87 89 5 23 12 19 18 72 96 44 69 85 83 69 51 31 44 45 87 77 31 15 66 75 24 11 13 40 88 16 30 47 82 90 45 46 94 
83 80 65 82 32 6 48 47 82 50 69 76 80 74 84 24 53 36 36 31 52 24 33 82 25 86 36 57 47 23 41 44 39 24 57 100 37 36 88 69 85 10 81 28 87 75 14 92 32 18 13 96 63 76 18 60 76 64 76 85 56 7 86 38 91 44 49 31 12 8 95 0 
79 24 74 33 64 64 68 6 40 47 12 36 71 100 84 48 34 75 57 7 66 23 46 93 63 64 2 81 13 83 2 91 41 71 73 93 60 68 27 82 93 89 5 92 5 32 55 67 42 12 86 38 76 54 77 70 10 42 45 73 95 26 82 83 26 9 13 79 73 77 68 80 
34 41 24 20 100 19 99 31 15 53 80 58 34 41 22 81 14 69 69 49 13 12 43 14 65 82 48 36 57 33 54 7 31 38 70 2 87 15 18 55 50 55 73 20 46 85 15 78 83 68 28 76 29 24 36 20 66 14 40 76 13 43 38 15 81 44 2 35 0 81 59 42 
16 61 12 48 64 41 79 61 47 96 44 36 2 51 48 30 12 15 70 82 97 65 63 0 4 57 49 41 77 86 2 96 62 96 59 36 94 24 24 75 70 42 98 36 96 93 7 68 66 76 31 8 14 18 58 4 51 7 0 58 55 5 72 13 10 66 89 48 92 8 53 8 
37 27 38 1 72 53 80 54 63 70 29 79 23 81 44 16 96 59 10 47 74 25 28 88 63 63 90 17 68 22 52 97 63 8 77 76 97 46 72 3 17 54 88 89 34 85 30 69 40 6 100 90 75 38 70 6 96 60 67 49 81 55 2 22 86 72 90 26 36 95 27 27 
20 69 40 1 6 23 14 38 11 81 49 86 100 45 38 52 64 12 36 17 43 53 71 8 74 38 15 39 60 26 30 31 39 35 38 53 53 47 84 50 67 43 5 57 93 52 10 4 97 59 30 69 17 19 14 28 19 60 58 20 37 79 3 16 15 58 43 48 37 62 15 72 
87 88 80 45 100 77 2 36 0 22 95 17 19 15 78 97 43 25 87 98 39 98 8 79 71 27 34 62 77 35 74 18 78 42 48 12 68 43 74 18 59 5 88 49 15 62 98 77 90 51 32 16 39 34 46 10 1 13 2 41 36 90 13 49 77 68 48 41 46 81 16 13 
33 98 85 20 23 35 96 75 33 90 91 46 12 50 57 100 82 68 53 2 36 6 77 69 43 56 83 33 86 31 67 82 59 66 74 58 11 71 87 43 73 25 22 73 34 12 19 27 60 30 7 31 47 25 99 26 65 34 20 12 37 41 99 79 49 66 55 58 2 62 73 80 
34 76 51 4 82 99 51 72 62 17 98 86 90 41 99 18 57 61 91 21 55 65 23 55 94 32 45 89 68 58 43 27 70 91 65 71 35 91 10 6 93 32 73 92 37 10 89 85 60 26 90 23 93 66 94 56 58 84 74 86 32 69 80 75 60 54 16 20 76 83 92 100 
30 61 95 47 16 44 68 12 41 56 77 2 9 14 100 22 87 20 86 57 72 60 51 56 8 81 22 21 86 73 32 15 31 69 39 20 1 14 24 31 95 7 74 63 61 89 71 92 97 28 38 82 14 56 16 48 49 19 62 63 48 70 5 11 28 7 97 49 22 48 37 19 
40 70 71 28 8 76 77 95 86 73 4 7 37 38 21 78 40 51 81 55 49 87 24 43 30 11 71 41 58 30 72 98 24 66 16 45 13 69 24 58 25 4 70 52 71 48 3 12 66 91 87 28 76 48 41 60 23 95 81 77 40 6 86 33 23 51 28 78 37 71 62 4 
64 56 34 5 100 82 88 68 39 86 52 31 16 84 48 6 69 58 58 3 51 77 23 39 35 15 85 10 46 91 75 52 29 42 13 26 54 95 90 4 99 14 14 36 62 32 76 23 5 83 49 42 24 1 18 74 87 78 30 50 4 47 88 13 21 61 35 45 21 0 11 28 
9 91 73 33 4 41 94 47 51 32 14 81 48 97 94 39 32 95 72 23 81 63 65 97 19 94 41 60 38 70 47 89 63 59 94 33 36 65 9 6 95 55 28 81 57 38 62 85 50 50 82 75 44 74 10 5 80 5 89 43 92 32 78 83 77 99 4 69 52 64 73 29 
6 82 80 72 43 58 25 3 49 66 96 72 66 19 66 38 33 41 48 33 22 74 74 52 96 19 99 91 49 8 69 36 32 24 72 54 45 48 72 35 60 95 13 1 16 49 12 90 88 30 4 42 21 38 95 83 92 67 34 71 25 78 24 45 92 80 20 100 55 55 84 63 
43 20 99 71 71 18 71 49 29 86 56 50 32 30 91 6 62 16 30 2 80 55 3 68 84 25 56 49 18 87 27 18 85 62 80 8 4 94 0 1 19 2 15 9 49 7 100 1 31 78 72 98 14 35 11 10 84 23 24 14 28 5 61 76 98 70 49 61 94 45 100 27 
96 59 10 41 17 89 48 91 50 94 10 90 32 18 90 78 42 17 84 77 33 34 30 54 20 27 62 97 18 53 6 0 73 14 81 37 36 50 52 42 98 39 57 32 36 14 21 66 89 36 7 89 30 52 73 21 20 53 39 4 57 6 97 94 41 13 83 61 53 25 16 68 
76 21 89 99 33 40 28 70 25 88 83 73 71 97 11 87 88 94 65 94 92 0 87 72 70 82 84 44 70 4 35 28 15 82 49 83 30 19 69 78 35 66 9 21 55 63 61 7 43 33 88 92 6 38 32 96 3 29 68 90 39 37 94 25 76 95 40 99 36 84 44 74 
75 46 3 98 37 5 23 85 31 86 19 50 85 31 24 23 61 47 32 72 64 31 62 9 38 65 34 82 61 75 91 37 79 86 94 36 21 33 91 66 25 100 37 38 13 99 99 6 42 10 89 33 100 50 2 76 15 33 64 87 18 40 88 42 58 27 24 39 65 15 45 42 
22 55 81 44 81 67 26 92 19 76 61 88 54 18 66 63 42 71 26 89 21 36 51 59 99 94 52 82 74 79 55 52 48 66 55 81 76 71 17 21 43 86 89 20 86 14 91 57 83 82 84 83 85 25 36 53 66 93 47 8 8 7 81 79 54 78 29 78 90 53 23 35 
41 62 27 85 4 77 6 89 27 4 60 86 25 80 38 85 100 12 98 33 79 44 69 49 19 71 35 86 14 65 32 65 17 9 41 5 72 2 31 32 93 10 47 33 61 78 90 9 16 27 0 41 49 89 59 37 48 55 70 77 45 63 73 39 52 19 14 80 0 45 70 10 
21 0 99 81 13 7 64 80 10 91 70 88 32 98 75 62 72 77 95 42 77 13 12 83 1 62 41 71 57 16 20 89 83 13 31 7 2 64 74 41 52 41 35 98 94 88 33 88 50 12 34 94 6 92 57 13 99 92 32 15 57 85 66 79 75 16 27 7 51 49 68 36 
87 0 35 69 51 32 38 23 65 73 77 64 34 77 52 47 55 46 10 19 68 78 82 39 19 10 32 1 86 73 38 1 38 71 28 66 74 62 83 23 28 1 76 4 59 60 83 93 56 45 13 60 9 82 29 71 65 32 58 24 30 55 13 69 7 39 83 26 81 66 50 89 
79 74 48 91 84 38 72 55 65 92 94 83 53 39 62 22 89 48 77 35 13 20 60 68 69 76 83 56 44 92 11 65 80 99 76 12 11 15 82 35 21 71 16 4 20 49 20 86 94 57 27 13 65 4 87 19 77 31 26 33 88 43 28 41 22 16 3 86 47 6 14 29 
41 52 62 14 87 73 35 100 7 94 12 56 14 47 39 44 61 42 26 4 87 82 48 54 24 3 40 44 98 29 11 28 18 87 24 68 78 24 24 48 86 23 98 84 96 99 2 53 26 24 7 89 68 30 11 86 29 66 60 40 72 14 51 17 20 8 12 95 71 79 98 60 
12 44 13 33 42 17 1 58 55 79 10 73 7 65 46 62 7 43 100 50 78 98 53 79 95 33 47 92 95 68 51 8 95 88 55 67 90 67 100 62 8 91 89 16 38 22 69 55 55 9 60 68 27 23 75 90 63 63 65 29 29 82 72 15 68 18 80 63 74 21 99 65 
20 23 11 47 38 96 85 82 98 69 7 8 35 42 14 23 25 78 16 44 7 68 35 43 95 32 10 22 35 61 39 61 3 28 62 65 42 36 90 4 85 61 72 7 13 15 6 46 55 45 67 47 11 32 5 3 64 61 35 66 12 74 4 41 47 35 34 39 34 54 68 32 
93 57 46 20 79 8 26 20 6 12 93 17 78 36 37 52 90 65 2 33 49 58 11 91 16 61 40 8 50 16 92 16 24 60 89 24 49 100 89 6 7 9 88 4 94 2 72 89 13 41 27 87 87 16 20 91 53 0 3 84 78 47 24 58 10 7 20 13 44 69 46 56 
63 52 58 28 96 9 42 60 3 18 91 7 72 61 28 17 76 35 64 45 55 30 15 98 7 69 27 6 84 9 92 18 55 36 24 80 74 94 68 57 56 56 33 98 49 12 73 43 81 28 73 42 74 4 6 27 98 47 60 39 90 19 57 38 42 40 20 20 71 50 60 17 
90 49 62 78 69 99 28 33 37 25 98 99 75 71 27 80 92 77 32 69 87 5 10 55 60 28 97 80 79 30 16 22 55 23 49 93 78 54 11 50 97 55 19 2 53 84 95 34 24 26 21 74 0 82 64 2 18 43 15 60 42 45 26 100 24 39 29 3 30 22 75 52 
81 29 32 17 54 58 18 17 59 98 70 52 57 71 65 12 7 14 53 33 57 62 65 22 100 89 0 93 77 54 12 92 93 41 44 75 74 64 93 100 85 22 84 20 85 1 0 9 90 53 100 40 72 6 0 7 8 97 27 66 72 9 56 16 9 69 81 76 60 33 4 95 
17 69 33 18 14 13 98 13 8 51 62 95 85 62 87 18 4 21 37 44 72 54 77 70 87 72 77 95 14 51 29 65 0 35 53 4 78 51 22 42 80 85 58 79 46 70 68 65 69 54 19 74 34 64 85 92 54 93 84 73 89 65 29 16 0 55 41 58 6 68 79 5 
99 14 20 46 60 30 77 0 8 17 31 17 17 19 29 14 20 57 67 24 84 77 57 1 15 92 60 79 38 25 11 10 36 82 98 18 79 100 38 24 56 68 92 60 83 12 99 68 69 74 5 32 56 48 56 15 66 44 36 86 6 94 3 60 39 11 50 90 9 93 61 80 
74 96 84 7 92 39 21 78 60 34 94 50 11 97 56 1 0 43 59 20 50 47 76 50 32 10 53 25 7 82 46 59 48 21 56 84 8 7 63 63 33 10 37 2 7 100 78 47 96 50 85 41 8 73 91 75 15 70 96 58 82 98 85 95 92 0 18 35 98 29 28 38 
100 61 58 83 54 91 30 85 51 64 31 30 23 63 47 20 66 62 82 94 94 27 53 70 45 21 48 27 26 27 64 15 51 25 93 56 11 62 11 94 97 12 82 88 36 16 85 71 38 44 29 5 53 19 21 8 75 3 84 46 63 30 51 0 55 24 89 58 93 65 7 96 
88 57 83 35 92 43 82 5 62 54 68 39 25 75 44 83 75 100 30 99 77 75 14 94 54 66 10 94 61 5 97 61 3 93 44 14 35 57 55 97 44 13 46 10 23 57 68 8 63 98 54 11 40 5 15 92 68 35 36 38 33 50 42 3 54 47 42 88 15 84 62 14 
69 26 20 5 13 86 27 47 87 14 89 31 26 77 55 86 95 5 57 38 76 21 100 82 73 81 15 37 79 55 97 24 94 82 67 80 15 37 47 6 19 3 29 26 8 47 72 65 6 28 79 8 7 1 13 0 21 87 66 65 77 8 95 84 58 48 73 60 98 46 40 39 
59 48 35 84 64 86 47 10 54 41 21 38 99 29 13 11 88 90 62 95 62 92 28 50 73 79 39 42 81 7 7 42 33 66 32 11 71 69 97 0 62 64 19 82 71 1 23 7 86 50 34 69 88 61 11 72 29 9 82 95 39 70 41 58 93 7 6 38 6 81 79 7 
35 98 18 67 98 73 54 31 56 59 78 50 8 78 95 97 92 58 32 53 95 42 20 77 18 55 12 12 54 11 89 100 52 28 84 93 4 55 3 69 66 40 53 24 81 14 69 64 4 27 33 27 24 93 15 30 14 24 65 2 94 63 64 42 69 22 89 24 68 18 61 50 
9 51 81 95 63 47 65 10 87 100 43 94 56 43 84 99 14 65 44 100 11 40 76 93 18 31 24 2 15 92 5 52 7 82 51 86 15 64 51 69 34 43 34 0 68 76 73 5 76 57 96 11 92 60 40 5 9 88 96 33 27 61 2 97 6 55 13 42 99 59 34 66 
