1000 6374
1 282 2396
282 725 -7972
725 780 3793
780 549 -8153
549 201 -715
201 217 2535
217 171 -6927
171 533 2215
533 892 -9960
892 220 -2147
220 408 9204
408 265 -8625
265 856 -5813
856 791 -3687
791 134 5783
134 39 214
39 890 -4221
890 859 -3853
859 192 1481
192 46 -1597
46 360 6834
360 148 896
148 284 7448
284 226 -8421
226 751 6976
751 813 5720
813 738 -6615
738 752 668
752 154 -4931
154 56 2075
56 607 -8820
607 986 -2199
986 608 -2090
608 873 -1898
873 371 -5105
371 180 -5049
180 496 -2234
496 303 8803
303 151 -7822
151 826 359
826 676 -3857
676 498 -3697
498 955 2042
955 80 -4954
80 191 -2295
191 530 -8673
530 143 5610
143 834 -9999
834 9 -1478
9 552 -5963
552 32 -6769
32 846 -7028
846 644 6855
644 76 -7408
76 694 -5413
694 653 7125
653 949 -7031
949 84 -9645
84 788 -4364
788 233 -8251
233 185 -412
185 109 -7129
109 271 -3762
271 539 -2441
539 415 -6252
415 901 450
901 542 -4746
542 486 -3508
486 493 9544
493 516 -1718
516 337 -7664
337 317 -6099
317 309 5908
309 691 181
691 225 -3420
225 228 2611
228 698 -8958
698 310 -6381
310 728 9108
728 899 -6044
899 444 -9559
444 532 -7250
532 597 4690
597 911 -4897
911 481 7969
481 370 -8176
370 546 -561
546 48 3033
48 416 757
416 831 966
831 896 -6889
896 482 8776
482 131 8473
131 122 -6684
122 803 -6981
803 869 7809
869 604 -6114
604 195 -6807
195 586 8559
586 161 -867
161 907 -1340
907 398 -5724
398 545 -9867
545 584 -5950
584 506 -8240
506 717 2103
717 634 -7463
634 956 -7521
956 222 -7297
222 463 5243
463 520 -1697
520 184 -5801
184 711 -1095
711 366 9445
366 735 -4038
735 158 -95
158 42 -5271
42 401 359
401 808 3198
808 928 -5009
928 74 -8533
74 383 4058
383 723 -5512
723 100 -1009
100 3 -8409
3 722 -5222
722 770 -995
770 479 -6769
479 289 -7522
289 565 7602
565 756 -1440
756 121 3204
121 989 -9822
989 581 -2982
581 591 -1400
591 888 8204
888 11 1835
11 177 2462
177 797 -8607
797 172 4561
172 703 3911
703 12 -2047
12 721 -8335
721 73 -2031
73 38 -2383
38 806 130
806 117 -7249
117 447 3997
447 359 -1754
359 861 -1410
861 511 -9265
511 820 -1729
820 153 1940
153 739 -6090
739 113 -7648
113 895 9440
895 855 -172
855 719 -8910
719 350 -806
350 318 -3608
318 61 -6151
61 499 4422
499 193 146
193 865 1607
865 351 2953
351 614 -1869
614 227 1681
227 249 -2189
249 904 -2164
904 521 9425
521 720 -7004
720 176 7507
176 361 6915
361 579 -5107
579 585 9652
585 115 4860
115 746 -9542
746 357 -5874
357 845 8056
845 102 -7270
102 425 -415
425 19 7676
19 737 -3862
737 334 -8431
334 165 -4649
165 104 -9118
104 790 -648
790 689 -9628
689 128 -440
128 645 -6989
645 173 -3268
173 982 -6090
982 83 -5798
83 991 3243
991 800 2734
800 960 4911
960 214 -3134
214 875 -8296
875 548 3608
548 810 7745
810 923 -2820
923 421 -9991
421 77 -4438
77 850 -1301
850 299 -2246
299 466 1669
466 882 9167
882 675 -7650
675 662 -1284
662 374 -4241
374 137 -6752
137 553 5727
553 283 -8095
283 433 -5367
433 420 2711
420 765 397
765 554 -7715
554 33 -4121
33 306 -4569
306 320 -6461
320 348 -9044
348 307 -4539
307 96 9514
96 86 -8641
86 633 1606
633 787 4203
787 700 -5894
700 531 3492
531 674 7284
674 396 8752
396 603 -475
603 664 2460
664 18 9154
18 62 4541
62 866 -933
866 838 -8509
838 439 725
439 394 -4717
394 868 -3670
868 280 3040
280 551 -4450
551 75 976
75 54 5292
54 403 5813
403 825 -3377
825 594 1709
594 81 -9794
81 37 -4614
37 983 -9266
983 570 -9652
570 544 -8332
544 297 4964
297 209 7976
209 718 -4175
718 255 -8116
255 647 -4404
647 308 -152
308 333 750
333 168 -5120
168 429 -9075
429 980 -3864
980 323 -2781
323 272 6560
272 505 -1234
505 475 455
475 353 8357
353 328 159
328 59 -959
59 573 1147
573 701 734
701 257 -6291
257 754 -886
754 224 4297
224 97 726
97 743 8453
743 30 -9916
30 248 -2125
248 525 2545
525 727 359
727 798 -9407
798 659 -1135
659 523 1817
523 405 -791
405 324 -6127
324 655 67
655 243 -4354
243 748 169
748 305 9669
305 637 -954
637 535 -5894
535 341 -8729
341 716 -4941
716 817 6373
817 876 9209
876 823 -1711
823 179 -3107
179 847 -4814
847 221 2873
221 513 -2754
513 543 4942
543 407 -9099
407 17 -3889
17 241 -6913
241 244 -6588
244 203 164
203 256 -7957
256 2 -7405
2 641 -8396
641 110 -8108
110 210 476
210 988 -8646
988 693 -5878
693 824 3951
824 443 5591
443 673 -5203
673 419 -9008
419 783 -2298
783 643 628
643 981 -5621
981 827 -9327
827 841 -504
841 8 -8423
8 503 2327
503 940 -289
940 461 -3564
461 731 -709
731 564 4736
564 568 -3342
568 606 -3444
606 793 2818
793 654 -127
654 821 -5711
821 160 4587
160 69 -5267
69 336 1002
336 575 -1642
575 36 8536
36 582 -266
582 958 5950
958 853 -9523
853 646 -9605
646 667 -4233
667 388 -9408
388 376 -8035
376 713 -9329
713 186 -9715
186 678 8007
678 953 8554
953 975 -9320
975 335 6171
335 426 -9031
426 914 -8102
914 954 -8329
954 457 6546
457 883 1623
883 702 -9801
702 631 -8676
631 948 -6576
948 648 -9323
648 448 -2540
448 372 3484
372 389 3463
389 660 -2354
660 750 6452
750 471 3364
471 126 -384
126 487 9365
487 970 -8505
970 382 6668
382 57 7455
57 246 -8721
246 778 -2762
778 925 -1105
925 53 -1623
53 296 -5313
296 412 769
412 562 -6118
562 145 -9405
145 848 8481
848 395 7527
395 293 -1246
293 814 -2628
814 424 -6085
424 22 678
22 839 -7621
839 550 -5362
550 518 -591
518 602 579
602 139 -2937
139 298 33
298 650 -8199
650 588 -5107
588 818 -6005
818 442 -6608
442 27 -6994
27 768 3997
768 262 -3352
262 966 5168
966 286 -9623
286 211 -6208
211 708 1993
708 199 -6129
199 677 -4756
677 325 -3304
325 971 5625
971 766 -3110
766 494 -8832
494 993 4000
993 338 311
338 854 1761
854 302 -8542
302 668 -2385
668 63 1004
63 786 -3746
786 913 -1894
913 51 2238
51 428 -5861
428 120 3092
120 242 -6772
242 651 -6355
651 346 2394
346 124 -1068
124 622 -8686
622 321 -1405
321 745 -9247
745 771 1734
771 52 -470
52 240 3765
240 729 7649
729 849 -4506
849 5 -84
5 528 7497
528 558 1047
558 555 -3507
555 41 6271
41 833 2395
833 714 -9088
714 268 658
268 142 620
142 777 3008
777 456 -5905
456 733 -5968
733 593 -9454
593 127 -9975
127 49 -8003
49 489 -3766
489 979 412
979 999 -7542
999 70 1344
70 155 -5844
155 963 688
963 355 -6308
355 138 8159
138 72 5171
72 129 -9430
129 279 -3905
279 916 -7867
916 400 -1840
400 264 -216
264 884 -8668
884 404 -4939
404 684 -1143
684 492 -9689
492 692 -1718
692 273 6077
273 761 609
761 941 -3314
941 327 2151
327 88 -2195
88 349 -7878
349 464 -3767
464 902 4266
902 605 -8759
605 200 9271
200 196 -6119
196 685 -2530
685 267 -7139
267 984 -6810
984 281 1386
281 238 -5966
238 918 -2511
918 852 8926
852 418 -9467
418 379 -713
379 68 -2082
68 363 -7578
363 358 5671
358 632 5577
632 932 -9920
932 491 -8810
491 386 -6990
386 679 1010
679 152 -3092
152 939 -1246
939 170 -4126
170 891 -3061
891 166 -1565
166 364 4820
364 957 -6653
957 198 -5788
198 480 -4089
480 141 1721
141 140 -1279
140 87 -634
87 261 3470
261 877 -2881
877 105 7967
105 574 3095
574 878 7445
878 595 -68
595 167 3564
167 458 7549
458 936 -5449
936 413 3507
413 125 -1196
125 943 6663
943 830 1790
830 500 9587
500 547 1939
547 236 -7959
236 837 -519
837 538 -2879
538 612 -1489
612 274 -4154
274 763 1167
763 362 4535
362 640 134
640 972 1075
972 147 4114
147 567 1037
567 973 7012
973 391 3865
391 974 3096
974 832 -1481
832 329 -1990
329 844 -517
844 789 8838
789 741 -6706
741 665 -7859
665 945 2617
945 190 -1075
190 402 -6572
402 681 -8533
681 774 -1291
774 213 3610
213 387 -7150
387 977 -5629
977 835 -8140
835 427 -1848
427 103 4196
103 563 -4396
563 601 -1626
601 269 -7367
269 978 -7208
978 656 -9882
656 377 393
377 215 7909
215 885 -6446
885 459 -9703
459 642 -8277
642 509 -7950
509 652 8948
652 20 -9797
20 706 5136
706 732 -1755
732 169 -420
169 753 478
753 157 -781
157 726 -4424
726 218 8527
218 135 -8663
135 312 9423
312 470 -6804
470 445 340
445 887 525
887 231 -1664
231 343 385
343 94 -316
94 385 -2757
385 613 -347
613 275 -6364
275 512 -991
512 330 3188
330 16 -182
16 146 935
146 406 1123
406 920 -8895
920 369 708
369 432 -73
432 239 1787
239 623 8324
623 909 2267
909 314 -9717
314 132 7090
132 278 -657
278 779 783
779 598 8504
598 897 -4943
897 736 -3820
736 805 -7244
805 724 -3443
724 744 -7609
744 560 -9444
560 710 -3296
710 435 8251
435 373 -2970
373 294 924
294 229 2375
229 705 -9228
705 452 47
452 417 -5276
417 755 -9212
755 946 1433
946 893 -4592
893 183 -646
183 576 2267
576 707 -1268
707 437 -7189
437 149 -6265
149 508 -1187
508 879 6573
879 764 440
764 82 7088
82 354 -1557
354 851 -2973
851 182 1773
182 301 -1848
301 441 9535
441 450 7577
450 234 -4130
234 205 9924
205 785 6631
785 870 2060
870 620 2240
620 938 399
938 430 851
430 959 -7966
959 245 -1518
245 490 -706
490 92 -6414
92 194 -7459
194 67 -9475
67 108 -5817
108 187 -5257
187 864 -9777
864 917 2779
917 34 -6482
34 313 -8798
313 919 -7760
919 992 -2601
992 987 1408
987 578 -1764
578 326 -7314
326 55 -653
55 119 -5788
119 393 -1661
393 881 2373
881 253 -7376
253 819 -9586
819 636 -2841
636 769 -2577
769 368 -8439
368 577 2965
577 136 -1964
136 212 -5762
212 619 1505
619 811 -8472
811 561 -239
561 295 -952
295 617 7678
617 449 5949
449 686 3688
686 696 865
696 40 -682
40 251 6890
251 58 8039
58 365 -4753
365 144 9129
144 867 -1224
867 952 -2777
952 596 -2150
596 767 6671
767 816 -2412
816 98 -8757
98 762 2435
762 590 -9196
590 666 999
666 903 3466
903 990 -649
990 287 -7424
287 534 -3415
534 610 -7375
610 288 8259
288 589 -5860
589 572 5777
572 453 -9021
453 174 -9046
174 536 -5838
536 624 -7023
624 89 66
89 352 -7947
352 332 6228
332 263 -1280
263 912 -1549
912 95 1099
95 440 -8672
440 468 -1353
468 704 -2372
704 935 7233
935 682 -7837
682 934 -2560
934 517 -3951
517 749 -1709
749 625 4027
625 600 -8661
600 886 -8400
886 106 -2829
106 794 4033
794 734 -6493
734 649 2154
649 7 7329
7 862 -4889
862 206 -6655
206 828 -829
828 495 -3139
495 527 -5762
527 658 5279
658 937 5659
937 857 3641
857 410 -8036
410 14 -6160
14 812 2670
812 259 7602
259 510 -1796
510 638 -6418
638 28 8761
28 483 4928
483 207 -4155
207 292 852
292 465 -2498
465 699 -9300
699 477 6512
477 392 6574
392 164 8522
164 219 4770
219 91 644
91 24 4557
24 515 1813
515 905 -4121
905 933 5188
933 111 8703
111 860 617
860 44 1388
44 411 7020
411 944 6814
944 804 -3994
804 599 -4508
599 123 -9512
123 669 -2393
669 524 -3674
524 277 -557
277 799 -1722
799 93 8815
93 484 -8323
484 159 -9497
159 378 -932
378 863 6801
863 796 -3837
796 921 -245
921 626 -2835
626 566 -2261
566 237 -2379
237 252 3961
252 423 -3496
423 345 -5846
345 871 600
871 688 -5168
688 519 1009
519 618 -8030
618 947 -6880
947 397 -5274
397 26 -2652
26 454 -1693
454 858 -9808
858 537 2944
537 414 -4360
414 331 4872
331 230 3842
230 680 -9792
680 540 -7088
540 757 882
757 795 -4886
795 254 -8161
254 156 -8520
156 942 -7340
942 478 -1770
478 759 -7877
759 976 -482
976 162 -7216
162 25 1785
25 344 4850
344 469 -1570
469 504 -8093
504 258 9448
258 712 815
712 951 -2141
951 79 -2628
79 204 3364
204 270 8964
270 580 -9845
580 316 -6094
316 611 5497
611 381 -3559
381 740 7754
740 792 -2281
792 994 -5433
994 760 9124
760 967 1617
967 836 -6233
836 266 4895
266 10 8090
10 31 1233
31 380 -8634
380 276 -720
276 962 2789
962 130 -9510
130 630 5737
630 961 -8862
961 43 -6217
43 683 1641
683 747 7923
747 894 -8126
894 695 4125
695 639 -9438
639 670 6019
670 250 416
250 514 -3913
514 908 1530
908 356 8172
356 15 246
15 657 6759
657 340 -808
340 342 -9242
342 460 -6806
460 438 -2456
438 13 6109
13 21 -8445
21 616 2549
616 900 -3839
900 709 6145
709 627 5348
627 557 -2651
557 319 -2758
319 65 -6208
65 116 -1620
116 571 3967
571 569 590
569 390 5845
390 29 -5995
29 45 4553
45 965 1666
965 995 -2778
995 85 -2174
85 587 -9432
587 163 -1099
163 924 5024
924 66 2805
66 208 -7771
208 347 -1607
347 99 9860
99 112 9410
112 898 -7434
898 559 -2015
559 609 7010
609 474 1284
474 304 -6342
304 583 -9958
583 189 6277
189 431 -817
431 197 836
197 872 -2305
872 758 -3504
758 311 -1243
311 964 -6341
964 60 -5977
60 114 2471
114 472 9388
472 188 3905
188 50 -1822
50 501 -9679
501 446 -9280
446 285 -9709
285 181 -859
181 715 2203
715 473 -2683
473 467 -5647
467 926 7906
926 927 -639
927 529 3360
529 697 -4673
697 367 -9860
367 690 2121
690 842 5927
842 455 1227
455 671 9817
671 384 5809
384 802 -1227
802 889 -8624
889 968 -7496
968 880 -950
880 784 -9117
784 497 8474
497 663 -7995
663 930 484
930 488 -8493
488 996 9482
996 621 8586
621 829 -531
829 485 1071
485 775 -8292
775 929 4201
929 615 2772
615 782 -6958
782 175 -5560
175 629 8903
629 906 2227
906 522 -2332
522 507 -7930
507 742 1739
742 6 -8340
6 4 1612
4 476 8886
476 874 -3544
874 235 50
235 375 -8223
375 434 -2210
434 290 1303
290 300 1099
300 322 7650
322 809 6805
809 202 6217
202 910 4917
910 462 6151
462 223 -3136
223 216 315
216 592 6471
592 772 -6057
772 178 -5254
178 107 -7893
107 526 -7782
526 90 -7909
90 672 -7654
672 247 -6359
247 232 -4632
232 661 -109
661 64 -8177
64 315 -5326
315 502 -141
502 628 -633
628 730 -4017
730 101 1177
101 635 -6679
635 399 -1215
399 950 817
950 339 1798
339 409 4006
409 133 -2534
133 291 6167
291 985 -3868
985 35 -8294
35 260 5169
260 843 -3631
843 997 -8202
997 23 8525
23 541 6467
541 687 8062
687 922 -9814
922 71 -3871
71 931 9239
931 118 883
118 815 4017
815 150 -9385
150 47 -9670
47 822 -4095
822 998 4429
998 422 -6412
422 840 8555
840 915 -1230
915 78 -4341
78 969 -5403
969 773 -7881
773 1000 -364
1 679 -471
679 308 -7656
308 49 2419
49 856 -8609
856 208 -3756
208 575 -5317
575 970 -4759
970 732 3269
732 936 -9365
936 386 2901
386 794 -3819
794 702 1296
702 562 -9958
562 468 412
468 81 -9528
81 941 9121
941 160 -9654
160 92 -7138
92 839 6148
839 820 -5730
820 696 5374
696 873 -4663
873 676 -4265
676 363 -4110
363 675 8992
675 139 6536
139 260 -5241
260 99 -2636
99 28 -5413
28 269 -7473
269 132 -4498
132 832 1261
832 404 -6134
404 380 5273
380 712 -8343
712 72 9044
72 361 -5424
361 78 6575
78 247 -4309
247 760 -3299
760 988 -9046
988 394 2284
394 920 -4777
920 184 5650
184 94 -7518
94 111 3743
111 406 -7219
406 187 -4545
187 868 -7547
868 83 1329
83 282 -7324
282 438 -2284
438 845 -8361
845 462 264
462 207 -4038
207 388 -1113
388 755 -9467
755 120 1418
120 334 424
334 724 -9832
724 127 -68
127 168 -1018
168 899 -8774
899 344 -551
344 866 -3111
866 918 -9072
918 966 -9347
966 293 -2546
293 916 6080
916 580 -6293
580 889 -615
889 905 4593
905 41 -8528
41 734 -8436
734 452 -9055
452 660 8538
660 526 -7658
526 834 -9348
834 170 4520
170 177 -996
177 943 -2078
943 203 -4866
203 85 2455
85 953 -8077
953 914 695
914 358 8210
358 35 189
35 162 -3747
162 631 -3353
631 210 4633
210 219 -5050
219 283 3302
283 45 -9666
45 430 -4486
430 615 -8402
615 880 -8631
880 314 8445
314 267 -4188
267 102 2552
102 814 2612
814 607 -6262
607 266 -8523
266 378 4474
378 715 7915
715 119 -5914
119 408 2619
408 672 -2404
672 604 6032
604 329 -1472
329 461 6009
461 287 -4575
287 533 9377
533 850 -3256
850 379 6956
379 946 -5436
946 383 -8766
383 910 -6138
910 783 1710
783 442 3463
442 159 -3427
159 486 -852
486 851 -3845
851 20 -4024
20 594 8647
594 974 -3351
974 764 -3950
764 822 -363
822 697 -3835
697 450 -4096
450 522 -8450
522 472 673
472 870 -1714
870 37 6136
37 152 -4906
152 609 -4329
609 193 -973
193 691 6069
691 701 -318
701 79 5135
79 789 284
789 719 -8921
719 563 8959
563 723 -5441
723 351 -8587
351 931 8129
931 602 132
602 144 3796
144 730 -5623
730 630 -243
630 390 -7962
390 619 -5375
619 960 1518
960 489 -8162
489 205 -9991
205 643 246
643 795 5857
795 108 2566
108 279 -2280
279 482 -619
482 500 -8397
500 578 -4151
578 800 -5113
800 411 -2559
411 321 4325
321 348 -2543
348 504 -2570
504 662 408
662 256 -7249
256 131 2212
131 849 -9591
849 681 2627
681 509 1223
509 397 -9901
397 811 -5386
811 384 -6293
384 13 -352
13 980 500
980 353 4814
353 659 -8722
659 392 9553
392 597 -7406
597 579 4736
579 885 -9230
885 98 760
98 237 -7805
237 389 -3589
389 646 1913
646 969 671
969 243 -933
243 371 -6382
371 514 8662
514 531 -2083
531 645 -4224
645 320 453
320 632 -4544
632 571 1120
571 449 -5283
449 209 -1603
209 801 5444
801 772 -4695
772 869 -6246
869 787 -3497
787 298 9311
298 776 -7912
776 824 1292
824 38 -7642
38 316 -8788
316 846 -5525
846 861 -8503
861 573 -5422
573 19 -4453
19 62 -3423
62 518 -7809
518 188 -5915
188 635 -9981
635 11 -4636
11 884 5221
884 611 -7608
611 67 -7463
67 395 -6170
395 796 -6190
796 249 -8887
249 773 -6431
773 554 -502
554 788 -2068
788 881 2464
881 493 7493
493 255 -3161
255 8 -2236
8 652 -6125
652 951 -6972
951 277 2601
277 998 -4383
998 233 3094
233 797 -3700
797 100 -5032
100 77 4890
77 557 310
557 673 -6325
673 502 -8483
502 463 2440
463 113 9816
113 588 -1918
588 858 -9727
858 656 -1574
656 24 -9667
24 769 -8484
769 89 -3911
89 87 -5941
87 236 106
236 532 -4451
532 138 -9536
138 54 -3791
54 962 -8155
962 245 1214
245 14 -9565
14 484 1015
484 778 -6974
778 148 -7336
148 381 -8734
381 238 -722
238 629 6783
629 633 6431
633 507 245
507 360 -9760
360 770 -5108
770 777 -2350
777 186 6958
186 473 -2203
473 350 -208
350 855 -5744
855 549 -3906
549 517 9401
517 107 1576
107 230 -6068
230 141 -2918
141 252 9549
252 491 -2000
491 975 -4572
975 968 -9377
968 405 9372
405 726 6823
726 587 -2674
587 821 5171
821 919 -5950
919 529 -4882
529 752 -7500
752 785 8975
785 634 168
634 163 -3407
163 857 5795
857 192 -8038
192 232 -2461
232 926 -9526
926 598 2718
598 140 -1993
140 189 -1794
189 929 1730
929 671 -6248
671 535 -1534
535 746 -1323
746 707 -838
707 782 -3934
782 318 4918
318 906 -7868
906 239 489
239 657 -607
657 109 -1549
109 268 -8898
268 590 -2426
590 744 2947
744 872 -9186
872 242 -7262
242 414 -2296
414 903 -3884
903 528 -8598
528 423 7947
423 623 -7188
623 305 9356
305 678 3062
678 930 5288
930 356 2743
356 372 811
372 278 -5738
278 241 -1877
241 196 -7428
196 891 -23
891 524 -4650
524 544 7621
544 161 -1440
161 863 7943
863 175 444
175 572 -9902
572 172 2749
172 512 -5687
512 422 -8370
422 117 -399
117 727 -4924
727 848 -8440
848 505 -3628
505 315 -5769
315 456 -8954
456 419 -3709
419 558 -1793
558 548 7716
548 520 -9739
520 552 2038
552 467 -4086
467 600 -8650
600 3 -5530
3 301 9198
301 937 -2432
937 214 -2819
214 165 -1062
165 661 -3717
661 567 -417
567 564 -9489
564 497 9437
497 711 -8217
711 337 3131
337 729 -2500
729 625 5454
625 742 8198
742 76 2693
76 911 9156
911 668 9153
668 469 -306
469 459 -7667
459 700 2760
700 82 -1023
82 343 3241
343 803 -1082
803 220 8447
220 354 1914
354 897 5929
897 965 4041
965 879 7082
879 948 -107
948 735 924
735 133 -6755
133 771 -3926
771 263 2213
263 541 -4000
541 339 -5706
339 169 -8592
169 610 4995
610 445 6489
445 362 -4581
362 650 -1291
650 683 -1067
683 465 -1728
465 921 7437
921 649 1611
649 440 372
440 204 7134
204 648 -9980
648 176 -8684
176 958 173
958 774 3929
774 15 7292
15 864 -3759
864 967 -1816
967 65 -8114
65 823 240
823 568 -2210
568 622 -3128
622 412 8896
412 654 -9051
654 895 60
895 790 -3950
790 444 -7825
444 50 4011
50 254 -4305
254 29 3057
29 978 1997
978 96 -8033
96 457 -5559
457 458 -6919
458 257 -7955
257 976 -8492
976 670 -7674
670 481 -5109
481 439 605
439 304 5748
304 720 -2598
720 259 8089
259 306 -5226
306 608 6081
608 553 -7896
553 537 -8117
537 31 -239
31 717 929
717 506 -3339
506 425 3808
425 928 6812
928 149 -3270
149 812 -2565
812 949 2424
949 694 -2290
694 994 -3206
994 793 -2142
793 955 -2862
955 147 -3561
147 550 -3398
550 487 460
487 525 -3406
525 369 443
369 63 -989
63 217 272
217 750 6022
750 234 -9024
234 569 1970
569 106 6571
106 9 -7352
9 498 8198
498 114 5240
114 171 4305
171 947 -3194
947 973 -6985
973 961 9541
961 791 -1815
791 804 1857
804 124 -6273
124 786 134
786 206 -2918
206 323 4851
323 333 7518
333 264 3629
264 151 2624
151 402 -4492
402 413 -8549
413 664 5296
664 6 2596
6 545 8382
545 513 -4837
513 290 -1740
290 748 -4853
748 317 -1616
317 620 5619
620 663 2475
663 60 -6194
60 435 -6544
435 480 4250
480 180 3163
180 599 9482
599 377 1813
377 636 -8510
636 570 -9982
570 86 -1800
86 983 1539
983 84 -536
84 887 5143
887 103 -2016
103 490 -1896
490 565 7850
565 847 -4045
847 302 -215
302 258 2663
258 908 -1862
908 325 9487
325 346 1428
346 745 99
745 971 -8080
971 125 8175
125 703 3914
703 453 126
453 370 -7260
370 534 -1536
534 95 2899
95 917 7186
917 421 5596
421 251 -2594
251 433 -5303
433 784 8448
784 860 -830
860 454 -2471
454 128 1933
128 398 -4809
398 805 1946
805 743 1113
743 474 -8584
474 542 728
542 52 -7469
52 167 -9056
167 253 -8941
253 882 -4328
882 954 -9285
954 4 9134
4 364 -3733
364 809 -1819
809 213 -5320
213 989 -9365
989 441 7519
441 270 -9396
270 342 -6987
342 265 8544
265 198 -4867
198 143 -4934
143 808 3737
808 692 -8921
692 640 6925
640 178 1569
178 854 -3298
854 460 -9756
460 429 -6485
429 424 -9122
424 722 5985
722 240 820
240 758 4858
758 876 -5671
876 185 4821
185 651 3717
651 833 -1737
833 938 6861
938 355 -8131
355 574 -7226
574 865 9804
865 155 -8888
155 799 -838
799 368 -8191
368 311 1702
311 704 8533
704 815 8865
815 276 -3290
276 115 -5366
115 838 1240
838 581 -1423
581 57 -790
57 349 6019
349 762 -679
762 979 1827
979 628 -7793
628 199 -3969
199 310 -9467
310 992 3523
992 322 -2874
322 687 -4422
687 708 -1486
708 593 6814
593 695 9330
695 894 -9669
894 182 578
182 922 -6372
922 647 -1745
647 347 2270
347 680 -4151
680 705 -3760
705 817 -4685
817 883 -558
883 173 -3054
173 997 -1714
997 892 -8652
892 365 -1212
365 58 4894
58 667 -1251
667 33 3434
33 118 -5125
118 780 -3345
780 359 -979
359 915 -2858
915 123 1093
123 341 5829
341 156 5322
156 540 4034
540 896 -910
896 428 -9882
428 223 -2799
223 945 -1653
945 335 2656
335 546 7011
546 271 1186
271 768 -99
768 827 -2281
827 698 185
698 382 -9865
382 521 -8994
521 366 -9354
366 272 -4043
272 740 -3724
740 129 -8978
129 806 5260
806 142 -5572
142 47 -7488
47 940 -723
940 27 8364
27 677 9098
677 324 -205
324 122 -5698
122 739 411
739 432 1305
432 996 -6992
996 244 9002
244 853 -4212
853 749 -7356
749 923 -4523
923 22 2056
22 718 -3890
718 56 -7668
56 539 -2864
539 638 3899
638 852 -7036
852 43 -8389
43 46 6036
46 478 -4548
478 201 -779
201 190 -8025
190 986 -4563
986 289 9019
289 291 5349
291 819 569
819 551 -7216
551 566 -7104
566 810 -9084
810 48 -913
48 559 -3785
559 875 -1482
875 194 -1211
194 807 -4673
807 338 -9588
338 280 -6646
280 642 -3758
642 332 -9923
332 584 -1469
584 665 -1616
665 427 286
427 71 8479
71 878 -1812
878 130 2312
130 641 1627
641 93 -2081
93 767 3753
767 307 703
307 202 6702
202 907 -7328
907 226 -9827
226 618 -552
618 583 -1825
583 714 -9260
714 616 -6650
616 901 -7572
901 674 -747
674 101 2653
101 477 -3251
477 36 16
36 716 -7103
716 519 -3117
519 523 -4132
523 761 -5546
761 288 9337
288 164 -9882
164 66 -4657
66 904 -3753
904 181 -7031
181 466 4901
466 606 -9235
606 451 -1424
451 737 8453
737 464 8862
464 766 -1544
766 154 -5846
154 7 -4222
7 401 1894
401 536 -1501
536 409 -162
409 909 517
909 538 1211
538 292 5349
292 603 -4104
603 999 -324
999 977 -5528
977 964 -5748
964 709 2139
709 5 -20
5 443 -6935
443 614 -1741
614 59 -762
59 216 523
216 134 6352
134 995 7894
995 30 -5066
30 26 -5969
26 285 3431
285 653 -4955
653 693 8108
693 437 -5978
437 228 -9097
228 840 -3017
840 104 1488
104 669 -3864
669 303 -24
303 982 -8543
982 859 -5290
859 53 9833
53 585 -4758
585 225 -8920
225 385 2080
385 150 275
150 605 -4940
605 166 2419
166 836 -5116
836 121 -7276
121 527 970
527 17 -8764
17 68 -7857
68 227 -8396
227 932 -6684
932 972 -2423
972 231 -3734
231 146 -9590
146 511 -3539
511 221 8046
221 802 -6339
802 888 -9425
888 488 -726
488 959 -3691
959 913 5681
913 116 -4333
116 420 -5284
420 273 -56
273 415 7034
415 367 8398
367 197 7591
197 733 -4690
733 284 -7275
284 516 -3174
516 222 -2317
222 34 -2243
34 731 -2099
731 871 1055
871 503 2706
503 357 -3120
357 179 1509
179 327 6383
327 16 -8764
16 816 2265
816 934 4433
934 501 -5356
501 471 -8264
471 829 -5929
829 944 4581
944 639 -9690
639 446 -2316
446 294 331
294 956 -429
956 991 -1343
991 596 -7690
596 153 -3896
153 753 -6513
753 475 -234
475 706 -2756
706 262 3434
262 215 -6251
215 88 -6015
88 2 8129
2 174 1704
174 309 -818
309 447 -6309
447 950 -9559
950 655 -9716
655 713 1934
713 591 1617
591 12 -7777
12 912 -61
912 867 -7519
867 798 9781
798 939 -4996
939 32 9712
32 825 5160
825 229 -1165
229 843 -5461
843 436 -4410
436 300 -1794
300 73 -6425
73 902 1995
902 296 -2986
296 792 -7008
792 375 1645
375 818 2325
818 319 1573
319 69 2125
69 981 -4519
981 637 -4642
637 612 -2206
612 399 -4598
399 10 -9144
10 42 -2401
42 407 -7497
407 417 -8855
417 299 -8106
299 826 -3757
826 494 -5795
494 39 5738
39 40 2705
40 530 2337
530 483 1909
483 828 -478
828 690 -2354
690 70 9051
70 426 820
426 250 -2596
250 582 -4101
582 137 -6938
137 779 -9218
779 763 -2754
763 689 -4683
689 97 -2661
97 135 4151
135 747 2253
747 508 -2341
508 336 1453
336 18 -1034
18 837 9971
837 261 -9661
261 492 1900
492 448 -3910
448 126 -8384
126 158 -8277
158 515 2665
515 877 -7486
877 560 -1010
560 224 1266
224 286 -6213
286 756 8856
756 374 -2198
374 145 7048
145 403 -8639
403 91 4973
91 191 7664
191 576 -9693
576 248 585
248 313 -7221
313 725 8406
725 212 -5997
212 942 -1775
942 925 9542
925 235 2348
235 391 7321
391 699 -1300
699 644 1589
644 952 -3999
952 110 1267
110 556 -5817
556 738 4704
738 577 8714
577 984 -9765
984 64 -3252
64 543 -2054
543 547 2783
547 352 -7022
352 835 4038
835 112 5649
112 470 6406
470 345 -2761
345 963 3271
963 455 -3708
455 751 -3691
751 211 1052
211 728 2727
728 183 7028
183 274 8018
274 710 922
710 933 3854
933 340 -5123
340 741 7869
741 75 4995
75 61 4371
61 601 -4665
601 275 -5296
275 485 -4103
485 621 4261
621 312 -8103
312 935 -3579
935 295 -2050
295 613 -4342
613 721 -147
721 105 3353
105 418 2827
418 589 -4249
589 993 -8758
993 595 -4849
595 862 -5307
862 813 -1376
813 924 461
924 393 4857
393 434 2540
434 23 6400
23 841 -2103
841 686 -3629
686 499 7574
499 842 -2245
842 396 5073
396 927 -528
927 431 2716
431 626 9073
626 410 -876
410 985 9657
985 627 -4525
627 890 -7338
890 281 1801
281 592 1586
592 200 -7042
200 757 -6288
757 900 -3030
900 754 4319
754 330 -6526
330 328 608
328 376 -2651
376 893 -7800
893 218 -326
218 387 -3739
387 55 -2352
55 990 -9799
990 157 -2772
157 886 2909
886 682 -4322
682 51 -8115
51 555 5499
555 685 846
685 80 -9456
80 987 4492
987 400 4222
400 496 -9884
496 624 -6483
624 830 6994
830 781 -5486
781 326 -4805
326 561 -8683
561 586 4562
586 331 1259
331 195 -5088
195 617 -7246
617 775 -1957
775 297 -3983
297 736 -4525
736 74 -5807
74 25 -2566
25 479 -2712
479 765 -5585
765 136 5839
136 759 1343
759 874 6864
874 844 -1170
844 658 -5673
658 898 804
898 90 6319
90 476 -1498
476 510 -5333
510 416 -7188
416 688 -7189
688 831 -1448
831 373 -2335
373 44 2409
44 957 -7715
957 21 -8629
21 666 -3056
666 684 3329
684 495 738
495 246 -4556
246 1000 5514
1 121 -4199
121 328 2422
328 392 -8529
392 224 -281
224 294 -6748
294 734 -5968
734 713 8085
713 959 2169
959 225 -5309
225 875 9301
875 511 -5857
511 440 -80
440 85 -1345
85 788 -1987
788 43 500
43 886 -3386
886 871 -1861
871 319 1516
319 945 2331
945 795 -5606
795 829 6093
829 137 -5420
137 266 -4053
266 695 -9294
695 976 4365
976 170 2875
170 178 1986
178 739 8420
739 812 -1653
812 376 1215
376 302 -4422
302 422 -4457
422 859 1478
859 268 6071
268 802 -1127
802 726 -3771
726 45 -8166
45 540 -1413
540 662 -56
662 377 6436
377 112 7578
112 887 -5913
887 854 -4858
854 36 8230
36 469 -6785
469 752 -8196
752 33 -8323
33 460 -1763
460 755 -6753
755 796 -1305
796 798 5366
798 74 -5117
74 405 -5439
405 879 -1082
879 102 9513
102 900 1593
900 882 -6768
882 547 -568
547 913 6840
913 298 -5106
298 978 302
978 38 -7307
38 389 -8068
389 146 -7997
146 554 4363
554 550 -6322
550 990 -33
990 336 -7188
336 283 -490
283 272 -7786
272 691 -7860
691 637 8729
637 342 9267
342 424 -3407
424 255 -3868
255 310 -2890
310 352 2734
352 296 3467
296 226 -1165
226 951 -720
951 636 -1361
636 238 6621
238 222 2434
222 370 -6791
370 484 6319
484 455 4684
455 327 -7858
327 985 -7954
985 219 3145
219 830 -846
830 162 -552
162 203 823
203 801 6356
801 975 -6592
975 451 5342
451 177 -3794
177 737 -5039
737 69 -7004
69 761 -3701
761 616 -8668
616 579 -3264
579 78 -3800
78 106 1771
106 672 4256
672 141 9559
141 84 -9925
84 825 1
825 313 -1143
313 947 -7019
947 436 2197
436 118 -6340
118 779 -3290
779 378 4372
378 577 -2219
577 883 423
883 374 -6940
374 306 2334
306 168 -2836
168 213 -7232
213 982 -9319
982 373 5378
373 450 -5281
450 681 -4500
681 108 -1594
108 705 -6362
705 722 1865
722 880 -9815
880 9 2146
9 411 8415
411 366 -5984
366 314 -8829
314 930 6228
930 153 -7777
153 76 1529
76 933 4075
933 476 -6655
476 415 -4338
415 390 -594
390 82 -3067
82 917 7271
917 706 -9252
706 295 -4193
295 987 -1247
987 98 7081
98 652 -9322
652 132 -2025
132 83 -9875
83 911 -4212
911 845 -8169
845 193 272
193 648 -3223
648 974 2305
974 622 3073
622 618 6585
618 733 -2021
733 434 -4187
434 835 5836
835 499 -6505
499 610 -9949
610 228 1701
228 487 -8258
487 62 -8886
62 251 4561
251 284 2373
284 65 6779
65 109 -9422
109 843 -5418
843 131 -5789
131 993 -577
993 725 6161
725 508 -4519
508 195 -2344
195 904 -1686
904 408 -7117
408 799 -1301
799 227 -2401
227 169 -3108
169 414 6315
414 231 2397
231 606 -4679
606 386 -3871
386 320 7615
320 39 -8464
39 513 240
513 603 -3218
603 712 -5945
712 503 -4532
503 820 2714
820 7 2125
7 75 6194
75 556 3286
556 885 -2592
885 353 2133
353 452 907
452 768 -1796
768 340 -6624
340 954 -8834
954 412 954
412 498 -7501
498 782 -8113
782 683 -2669
683 870 -3699
870 688 2563
688 211 -5949
211 425 -8248
425 881 -4904
881 983 -5472
983 254 593
254 239 5294
239 878 -4774
878 143 8157
143 335 3250
335 751 -731
751 649 2498
649 491 860
491 492 -468
492 290 4466
290 510 -8558
510 103 -5079
103 956 -2482
956 256 2705
256 586 9251
586 381 -856
381 427 5851
427 409 8653
409 818 -6679
818 589 4972
589 677 -7350
677 34 2701
34 73 -3879
73 604 6250
604 926 2061
926 457 8817
457 743 -3672
743 771 -5908
771 465 2002
465 483 926
483 8 -7882
8 948 2026
948 661 -4793
661 437 -2731
437 580 -9557
580 670 3926
670 612 -9023
612 274 -6453
274 289 -7616
289 621 5015
621 558 -3490
558 924 -4043
924 316 4673
316 533 -9415
533 379 -5399
379 443 1570
443 693 1649
693 876 -3901
876 696 7038
696 192 -9459
192 570 9903
570 481 -2199
481 966 -3186
966 851 -5805
851 122 -5224
122 862 706
862 660 5541
660 77 -350
77 568 7756
568 514 -4579
514 846 -2517
846 785 -8813
785 918 -2219
918 804 7888
804 750 -8760
750 264 -2855
264 86 -7290
86 819 -8175
819 93 -6900
93 973 -2182
973 5 -5567
5 707 -6520
707 910 -1843
910 869 -8738
869 384 1916
384 816 -4924
816 40 8146
40 441 965
441 305 -7932
305 467 -5395
467 633 560
633 267 4446
267 892 1666
892 960 2459
960 977 -1549
977 199 -9450
199 445 5309
445 719 -2811
719 853 -4513
853 276 -1459
276 738 -9055
738 159 6428
159 105 1815
105 120 -5553
120 749 -2690
749 786 793
786 368 -3618
368 584 -4415
584 27 -5612
27 569 -5964
569 349 5724
349 66 -8037
66 124 2734
124 133 -2281
133 51 9347
51 921 -4971
921 638 -9812
638 490 -4462
490 783 -9997
783 245 9701
245 521 581
521 184 -8432
184 428 3898
428 609 6120
609 158 -8756
158 545 -2454
545 598 4416
598 828 -6146
828 534 -5261
534 971 4538
971 56 -2589
56 363 -1157
363 174 -435
174 981 -173
981 406 1214
406 527 -1893
527 822 -1607
822 872 -6897
872 684 -2097
684 537 -8266
537 19 -4388
19 620 -1655
620 520 6457
520 596 -3115
596 784 2765
784 13 -7124
13 37 1767
37 643 -3452
643 160 4279
160 946 -4213
946 732 -8174
732 361 -696
361 991 2491
991 532 -6893
532 23 6884
23 458 1490
458 953 -3724
953 181 -7202
181 697 3070
697 497 -1708
497 277 5311
277 91 2505
91 477 248
477 388 -6988
388 474 -4934
474 212 6696
212 814 8935
814 46 -3873
46 850 -1588
850 942 -2535
942 810 -4572
810 994 -1696
994 55 4294
55 711 -7402
711 512 1642
512 776 -3791
776 312 2473
312 337 -3921
337 54 -2240
54 466 2512
466 100 5063
100 26 1399
26 341 1240
341 191 630
191 792 -1042
792 551 1790
551 680 4470
680 632 -6107
632 666 -6749
666 767 -289
767 668 -1259
668 288 -6464
288 394 -9333
394 867 7290
867 754 -5785
754 574 1983
574 180 -560
180 907 -1819
907 715 -260
715 896 -9278
896 127 -1087
127 762 -865
762 399 -763
399 410 3718
410 322 -37
322 663 -4219
663 908 -6407
908 675 -1578
675 958 -505
958 594 904
594 57 -7977
57 221 4260
221 4 -6044
4 393 -3681
393 504 9069
504 920 -5512
920 72 -8089
72 240 2169
240 155 -3272
155 478 -1464
478 720 -801
720 209 -6315
209 932 -2739
932 839 -2487
839 41 -5858
41 873 2614
873 939 -1512
939 528 -6972
528 611 -6475
611 630 -1743
630 359 -8413
359 893 -7635
893 700 -7169
700 585 -3575
585 509 -807
509 935 -4496
935 996 4386
996 780 -5827
780 367 -1108
367 561 9197
561 963 -4367
963 432 -9856
432 197 -2860
197 805 -9466
805 627 -7083
627 860 -2679
860 682 5944
682 495 6549
495 685 9132
685 185 -4756
185 135 1618
135 868 8036
868 544 6162
544 894 4649
894 461 -6802
461 523 7479
523 659 -4000
659 573 -9661
573 874 -941
874 68 -9171
68 703 -1293
703 70 -3500
70 915 -3291
915 563 5319
563 149 -6129
149 852 -6977
852 97 -4182
97 571 -8633
571 343 -9053
343 897 -5882
897 423 -4372
423 152 -6467
152 438 -3154
438 931 3037
931 807 -7490
807 375 -5282
375 891 -2782
891 744 -450
744 243 -1533
243 890 -7561
890 895 872
895 488 -1537
488 200 -8853
200 128 -7584
128 901 -2204
901 355 -6335
355 482 2623
482 936 3412
936 646 -6566
646 572 -150
572 961 -5729
961 578 -2529
578 952 -8623
952 154 -4682
154 888 8842
888 80 -5127
80 216 8824
216 625 -7095
625 280 1982
280 694 -6349
694 619 8038
619 236 5864
236 919 -7679
919 380 -2545
380 89 -1210
89 419 808
419 742 959
742 601 -5163
601 196 8211
196 613 -89
613 470 9204
470 923 1571
923 724 -5696
724 214 -1510
214 794 -948
794 669 -891
669 12 -1701
12 270 9094
270 241 -2423
241 252 -8155
252 988 563
988 344 -8556
344 339 -6874
339 263 -7547
263 501 -456
501 44 9951
44 138 4922
138 595 106
595 67 -286
67 17 -9041
17 354 -2626
354 806 2107
806 308 -9868
308 382 -5813
382 303 -9934
303 20 -4757
20 811 -414
811 984 1130
984 516 -7875
516 968 -8141
968 507 2257
507 628 -8022
628 307 -5004
307 518 -2844
518 338 -6466
338 837 -3259
837 639 -5187
639 671 7418
671 676 6881
676 309 -2335
309 748 4372
748 387 -5195
387 431 1203
431 647 167
647 817 -3026
817 167 -91
167 979 6223
979 88 1239
88 972 -3844
972 110 -9949
110 179 5493
179 269 4057
269 757 -9358
757 435 -4408
435 391 -7756
391 718 9463
718 658 7625
658 950 9432
950 136 3209
136 709 -9111
709 957 -8159
957 172 -6913
172 797 -5437
797 442 -8911
442 360 -5813
360 449 -9345
449 922 -407
922 31 -7224
31 865 9638
865 385 -5944
385 372 -5634
372 304 -6600
304 107 5288
107 261 -6358
261 849 3331
849 591 -8019
591 770 -480
770 114 8615
114 446 -6722
446 318 -2682
318 47 -4743
47 22 -8628
22 763 9274
763 704 -7249
704 940 -8286
940 273 -4095
273 265 2703
265 325 7668
325 165 -9204
165 287 9119
287 485 1635
485 530 -6577
530 351 7219
351 15 -3998
15 905 -4655
905 690 -3518
690 148 -4447
148 644 7327
644 836 -9559
836 407 908
407 736 -3985
736 369 375
369 234 6584
234 949 -5771
949 581 4109
581 330 -340
330 164 -8150
164 759 -6868
759 139 5124
139 943 -8012
943 538 -2419
538 246 -9772
246 729 -1862
729 656 -4852
656 400 -8904
400 486 -7654
486 969 6709
969 937 2255
937 28 -2388
28 299 -2390
299 126 1348
126 529 -8345
529 279 -1767
279 194 1282
194 346 8795
346 401 8259
401 429 6436
429 746 -5305
746 244 445
244 938 7914
938 847 967
847 115 4663
115 99 2623
99 459 -2098
459 986 -4551
986 144 -161
144 282 -6646
282 201 -3740
201 130 -5872
130 292 -4754
292 566 -2271
566 525 6388
525 286 -5147
286 79 -6231
79 18 -5020
18 701 -2676
701 187 -6537
187 772 -5408
772 145 -4203
145 641 -7046
641 857 4691
857 426 8161
426 464 -4679
464 866 -4583
866 689 6066
689 49 9004
49 998 -544
998 925 -3381
925 902 -8093
902 576 -7673
576 999 -4887
999 418 -280
418 204 -9782
204 548 -8750
548 560 -577
560 753 -9962
753 889 6185
889 186 8286
186 489 -183
489 63 -3206
63 321 -3842
321 113 4697
113 823 -6367
823 29 -5490
29 624 1357
624 35 5645
35 447 4706
447 941 -8973
941 524 -9728
524 995 -5077
995 285 2568
285 215 9257
215 590 -6100
590 522 6561
522 14 -8045
14 463 -196
463 25 2358
25 898 -5197
898 912 -5556
912 864 5249
864 555 7446
555 673 -119
673 357 -8853
357 764 5538
764 472 5242
472 258 2630
258 635 5335
635 92 -9642
92 404 -8210
404 740 3225
740 161 720
161 655 6709
655 417 6395
417 111 -2921
111 207 -7446
207 517 -5238
517 769 8365
769 617 -1912
617 531 7739
531 813 -5750
813 350 -2118
350 600 -9247
600 210 -9801
210 967 -8476
967 61 -5952
61 747 115
747 11 4761
11 766 -7527
766 329 -5970
329 791 6113
791 50 6885
50 347 8494
347 3 -9019
3 827 2391
827 651 -2196
651 119 -5280
119 275 -1056
275 248 -8327
248 230 -6673
230 575 -8457
575 134 -1422
134 500 1146
500 760 328
760 311 -5826
311 60 -9777
60 166 -2801
166 16 -6203
16 840 -8110
840 505 -1234
505 95 -5533
95 962 470
962 549 7704
549 21 -8723
21 398 -5748
398 745 6986
745 710 -9708
710 90 -5514
90 800 1725
800 664 -4012
664 914 408
914 855 -2303
855 173 -7651
173 634 -4972
634 229 -7430
229 665 -7943
665 480 -9512
480 257 -1389
257 421 -2359
421 448 -6077
448 362 -1227
362 989 -209
989 721 -3551
721 297 -1060
297 494 5832
494 59 -1128
59 433 1148
433 790 2723
790 190 777
190 171 -3750
171 189 -6420
189 430 -4009
430 293 -7324
293 364 -6436
364 496 -6874
496 702 674
702 358 2962
358 640 -888
640 232 737
232 980 -7658
980 686 -2872
686 10 9389
10 546 -6688
546 856 8599
856 519 6607
519 125 -3295
125 906 1100
906 607 7993
607 332 -6828
332 916 5834
916 247 7398
247 235 2475
235 32 2465
32 934 -4833
934 955 -1893
955 278 -6955
278 81 -7797
81 71 -9142
71 396 -2152
396 645 -9634
645 678 -8947
678 735 -5007
735 281 -608
281 614 -1519
614 765 -5483
765 699 885
699 758 -6724
758 657 -6784
657 831 -5283
831 552 -7653
552 928 -4558
928 348 -9175
348 87 -7875
87 815 -8087
815 223 1914
223 237 -2792
237 48 3967
48 104 -6829
104 716 2349
716 188 -3346
188 502 -6029
502 650 -6761
650 992 -3586
992 157 -6175
157 58 -3964
58 468 -6682
468 291 -4115
291 2 7140
2 559 8011
559 789 -476
789 717 -6182
717 964 9320
964 965 7715
965 383 -847
383 324 -937
324 844 -3710
844 42 9084
42 679 3337
679 331 -2527
331 542 7439
542 833 -1740
833 150 -9655
150 629 -8368
629 858 -778
858 317 -9117
317 262 -9677
262 454 3501
454 631 -9075
631 250 -4043
250 402 -268
402 642 1988
642 929 9215
929 557 -5219
557 218 -3900
218 123 -1862
123 698 -5876
698 832 1992
832 626 461
626 824 -7904
824 927 -4751
927 479 8304
479 674 -1457
674 515 8553
515 602 -7319
602 605 -5869
605 728 -4252
728 64 -5800
64 599 7252
599 543 -1693
543 842 -2208
842 615 -9474
615 253 4344
253 356 -8449
356 793 -5349
793 821 3939
821 687 1829
687 271 -2367
271 741 1810
741 416 -9150
416 565 8541
565 397 -3911
397 242 -4886
242 708 -9670
708 413 -9836
413 909 -4134
909 333 119
333 140 8737
140 809 6452
809 217 6516
217 877 -4836
877 777 -6308
777 774 4708
774 205 6498
205 838 -5837
838 206 877
206 583 -3990
583 208 -4347
208 301 2448
301 861 -3412
861 899 9742
899 101 -3055
101 117 -2911
117 300 -1734
300 506 1858
506 539 69
539 553 6393
553 834 -1134
834 803 9023
803 714 -5023
714 863 5069
863 587 3296
587 260 -8687
260 176 8787
176 567 -9602
567 582 -4906
582 24 -9931
24 198 -749
198 588 -9192
588 781 3708
781 202 -1951
202 473 -9456
473 778 -6117
778 475 -7736
475 183 8934
183 403 8842
403 773 -4168
773 345 -7665
345 6 722
6 536 -5919
536 562 3742
562 997 -2885
997 30 -4551
30 692 -9107
692 787 -6123
787 723 7550
723 163 9301
163 326 1904
326 420 -8182
420 456 -6907
456 220 -8277
220 439 42
439 593 -6931
593 371 -4336
371 597 4655
597 535 -6773
535 116 -3752
116 315 1409
315 727 1739
727 841 -9138
841 884 2417
884 147 6803
147 52 -1380
52 944 -1308
944 453 5425
453 623 -3187
623 156 9118
156 653 -5586
653 334 -5498
334 471 -3433
471 493 -3766
493 395 5967
395 151 2006
151 249 -3156
249 775 2140
775 94 577
94 970 -1532
970 808 -975
808 53 -8775
53 444 8199
444 96 2296
96 826 709
826 731 -5839
731 526 -6140
526 756 7514
756 259 3801
259 462 3681
462 903 -2198
903 142 6752
142 667 6274
667 541 9597
541 129 -3308
129 323 -375
323 608 -9971
608 365 2028
365 182 -7976
182 848 -3512
848 592 978
592 564 -236
564 175 -4873
175 1000 -2908
1 972 -1154
972 200 -243
200 890 7227
890 807 -812
807 120 8434
120 536 5451
536 198 -3912
198 83 -2987
83 606 -8833
606 720 -3083
720 384 -7708
384 304 -8819
304 308 3330
308 280 -284
280 344 -4311
344 361 -5525
361 478 2563
478 22 2581
22 664 893
664 88 -6403
88 408 2435
408 146 4785
146 192 -8396
192 253 1144
253 9 -5707
9 311 -8911
311 378 755
378 48 1178
48 432 2671
432 451 -4639
451 888 -2681
888 95 5454
95 497 -9472
497 877 -635
877 872 -7209
872 817 3825
817 78 6596
78 626 -8358
626 128 -745
128 905 -6094
905 610 -1674
610 963 -7458
963 240 -8385
240 241 3807
241 67 -6651
67 96 -7982
96 276 -9828
276 439 -1922
439 657 618
657 746 -9474
746 42 -923
42 425 -5288
425 617 -6311
617 456 278
456 324 8368
324 301 -1283
301 204 534
204 462 -7108
462 350 -5338
350 792 1316
792 519 1898
519 463 -729
463 899 -7948
899 938 -2446
938 581 886
581 131 866
131 272 -4476
272 367 -515
367 503 -6521
503 649 -9865
649 975 -6037
975 647 -5327
647 994 -8853
994 534 -658
534 163 2308
163 825 -2989
825 729 9091
729 553 -4144
553 417 -3299
417 861 -412
861 527 665
527 490 5361
490 107 3537
107 900 -5528
900 420 -5101
420 430 -9618
430 860 -9994
860 921 2343
921 121 -6167
121 978 9395
978 902 -8233
902 12 -4044
12 260 -1900
260 43 -2400
43 916 -5724
916 461 -3828
461 509 423
509 673 -2899
673 487 -7671
487 973 -1887
973 15 -2397
15 914 -9205
914 73 -8420
73 99 6168
99 886 4485
886 735 -2899
735 982 9371
982 273 -3696
273 27 -1629
27 800 -2329
800 839 -6474
839 510 -9243
510 389 2871
389 105 -5226
105 193 -600
193 563 -7085
563 969 1370
969 788 8000
788 983 9836
983 271 -8674
271 477 -4907
477 233 6077
233 655 -5554
655 785 -4911
785 726 6100
726 917 -9322
917 217 -4961
217 472 -7035
472 63 -1028
63 177 -2163
177 928 -3443
928 149 -4923
149 687 -7873
687 945 -8739
945 136 -9229
136 421 -3247
421 309 -243
309 543 835
543 753 -1908
753 348 -9377
348 210 -8051
210 885 -6626
885 952 -1042
952 810 4840
810 774 8428
774 227 -9389
227 334 -6220
334 179 9666
179 488 -3114
488 567 -6188
567 580 2940
580 941 4777
941 511 707
511 589 -9118
589 843 -7405
843 297 8292
297 106 -173
106 675 -624
675 907 -7314
907 164 -4442
164 798 1853
798 278 -4694
278 374 -9222
374 449 5329
449 275 -6845
275 448 -4746
448 942 -5898
942 467 -2014
467 965 -597
965 823 -1351
823 33 -9793
33 102 2953
102 170 5226
170 264 -3971
264 759 4140
759 75 3831
75 211 -446
211 598 -5582
598 397 -2532
397 248 -4995
248 481 -8434
481 666 -5421
666 405 -4467
405 474 -2222
474 748 858
748 475 1450
475 635 -210
635 848 -2507
848 382 -2152
382 867 -425
867 140 -8841
140 100 -5228
100 111 -4591
111 859 364
859 343 -7689
343 903 -3827
903 190 -4103
190 168 -7428
168 516 -8562
516 946 1235
946 544 1350
544 840 -586
840 688 -8868
688 325 -300
325 736 5474
736 71 -4595
71 799 -6950
799 513 -1544
513 821 6718
821 699 -2566
699 876 -9528
876 761 -1205
761 412 -1526
412 816 -2396
816 744 6662
744 728 6911
728 238 -7709
238 957 6814
957 296 -1177
296 101 -4724
101 218 -5556
218 846 6001
846 57 3
57 485 -5990
485 569 -224
569 689 -6436
689 406 2156
406 216 5569
216 988 -7033
988 286 -4742
286 16 -7293
16 424 -4466
424 506 -2681
506 913 -9373
913 376 8268
376 663 -5912
663 634 -9860
634 62 -1579
62 298 8031
298 981 948
981 873 6955
873 636 -4940
636 268 320
268 538 1558
538 494 2547
494 911 -2033
911 167 -4559
167 3 4729
3 1000 -5530
733 187 860
187 643 -3349
643 500 -180
500 794 -3636
794 383 2096
383 528 -8759
528 466 -4607
466 891 -1282
891 249 2318
249 314 1046
314 443 1893
443 155 117
155 74 -5410
74 67 267
67 846 -1546
846 464 -1398
464 763 8067
763 401 -49
401 966 9401
966 175 2625
175 392 -8798
392 805 9247
805 835 -5413
835 298 -3107
298 609 -4858
609 762 4238
762 450 2525
450 40 3696
40 908 -9789
908 954 -8497
954 15 591
15 872 6550
872 597 -2822
597 369 6096
369 992 -2245
992 744 7011
744 54 6205
54 124 5130
124 745 -4634
745 390 -9574
390 589 -3308
589 533 -2922
533 55 -9645
55 909 -1280
909 793 -610
793 696 -1374
696 45 7305
45 878 -3408
878 875 -5989
875 393 -9756
393 113 6229
113 465 -2641
465 128 -3094
128 46 2319
46 82 -3821
82 135 -4381
135 441 7759
441 344 -6364
344 852 -7863
852 174 -6592
174 977 -5832
977 365 -7190
365 981 -652
981 982 5795
982 211 895
211 678 9537
678 926 5128
926 7 -7069
7 62 530
62 150 7507
150 288 146
288 932 740
932 871 9394
871 978 -20
978 666 -1824
666 817 1485
817 165 -3943
165 61 652
61 395 3971
395 910 -6563
910 734 -6913
734 23 -5798
23 157 -493
157 888 -4038
888 78 1982
78 747 -5029
747 248 -8524
248 698 4810
698 843 1461
843 430 -1501
430 815 -2503
815 925 517
925 801 -5398
801 350 -6420
350 628 -986
628 380 -5750
380 202 -3916
202 472 -2587
472 268 -1190
268 477 -4462
477 867 87
867 103 -2324
103 758 1708
758 281 5314
281 337 -6031
337 755 4543
755 244 3636
244 873 -3771
873 64 -1291
64 234 -7825
234 753 4238
753 618 4441
618 212 -3498
212 363 -841
363 700 8187
700 759 840
759 424 -3226
424 562 -8404
562 881 2729
881 958 378
958 999 -4993
999 903 -331
903 807 2580
807 339 -855
339 198 6274
198 475 1116
475 309 -3508
309 563 5557
563 786 8318
786 504 -6043
504 449 -167
449 574 -5607
574 487 -2220
487 246 5118
246 108 -9124
108 707 -3522
707 483 -1767
483 598 6584
598 231 -5288
231 502 8910
502 129 8283
129 273 278
273 263 -2799
263 923 -3956
923 456 -1337
456 705 7939
705 573 -4620
573 387 -222
387 417 3978
417 252 6761
252 933 -8969
933 675 -7237
675 261 -266
261 221 7935
221 87 -6174
87 544 5394
544 193 -5400
193 605 -7101
605 535 7534
535 468 650
468 889 -8088
889 513 -8344
513 154 6157
154 4 3808
4 136 -2831
136 653 -8815
653 704 -6517
704 31 6622
31 864 433
864 448 2943
448 348 1843
348 245 242
245 39 9139
39 241 -1625
241 232 -267
232 777 1982
777 382 -6213
382 65 2696
65 219 1126
219 856 -4688
856 210 -3055
210 17 1371
17 436 -7512
436 336 -9227
336 754 -8125
754 359 -6580
359 536 -7092
536 35 -8182
35 10 -9884
10 828 3816
828 490 1205
490 505 -1165
505 349 -4551
349 585 -3209
585 326 -7329
326 239 7312
239 672 -4139
672 434 -5364
434 541 1440
541 324 8204
324 168 -6909
168 638 -8517
638 315 1325
315 690 151
690 960 5220
960 313 4522
313 362 320
362 834 1591
834 556 -7942
556 730 -6165
730 153 7929
153 407 -8037
407 510 1381
510 521 -727
521 512 -5181
512 297 1584
297 99 7467
99 184 7265
184 213 -5415
213 516 183
516 567 -9827
567 824 -6604
824 253 1576
253 101 -7753
101 775 -2056
775 586 -1638
586 555 -8810
555 626 -7889
626 56 2121
56 238 -1128
238 991 -5565
991 302 -721
302 886 -4235
886 132 3860
132 656 -9777
656 739 9479
739 120 -1640
120 610 -279
610 600 -3076
600 489 7039
489 192 -372
192 634 23
634 355 9686
355 717 -2071
717 615 -4660
615 60 8956
60 517 -4784
517 899 1364
899 420 -1479
420 737 -3895
737 771 -5615
771 458 8707
458 612 8317
612 272 -1426
272 956 4335
956 681 -6914
681 289 -7314
289 967 -2536
967 197 -9542
197 422 166
422 276 2101
276 949 -2532
949 167 3772
167 406 3502
406 8 -7088
8 924 7220
924 554 -8544
554 581 -3415
581 493 9973
493 816 -3159
816 850 -8111
850 370 -3905
370 944 4152
944 950 945
950 604 9988
604 300 -9372
300 320 -5233
320 561 -9220
561 405 -4744
405 959 -4278
959 419 -1452
419 748 362
748 207 -6308
207 548 -2411
548 647 -7862
647 294 927
294 942 179
942 935 -849
935 825 3
825 158 -9319
158 951 1684
951 953 -2882
953 635 -3999
635 920 -4127
920 907 2996
907 599 4595
599 372 -5668
372 508 2496
508 230 -4056
230 821 741
821 735 -7868
735 119 6165
119 570 -4667
570 79 -643
79 452 7560
452 602 2852
602 677 9355
677 319 3922
319 894 726
894 385 816
385 631 -8478
631 927 -7976
927 69 9795
69 354 1484
354 539 -3645
539 724 -3755
724 749 -115
749 770 -6097
770 217 5882
217 478 -6156
478 415 5119
415 233 2854
233 283 -5301
283 176 5054
176 182 -7019
182 877 -3057
877 547 -8269
547 317 -8123
317 624 -5279
624 138 -8349
138 566 463
566 738 -4030
738 691 -3507
691 266 2610
266 496 -7613
496 204 258
204 810 -5022
810 522 7478
522 258 5236
258 180 -6339
180 646 1096
646 84 -4063
84 93 6678
93 479 -3992
479 637 -9521
637 826 1944
826 593 -4082
593 682 5003
682 859 2158
859 287 -6107
287 669 -1233
669 530 -6604
530 161 5834
161 470 5383
470 368 -5433
368 316 813
316 453 3481
453 862 941
862 750 -4321
750 201 -5268
201 255 1350
255 718 -9565
718 708 4254
708 837 -7254
837 532 5368
532 736 -7029
736 882 -7440
882 222 2295
222 11 -1425
11 5 -2417
5 906 -7994
906 36 4908
36 564 -49
564 114 -5738
114 6 -8835
6 542 -992
542 264 -1376
264 636 -7530
636 860 -9917
860 22 -8289
22 993 -5324
993 727 9161
727 841 -3305
841 416 1335
416 463 3147
463 918 -2077
918 652 4977
652 728 -2315
728 376 1364
376 329 7235
329 806 2786
806 880 -6320
880 149 -8075
149 823 -2680
823 235 -3747
235 596 5220
596 687 652
687 364 -7482
364 723 373
723 667 -5437
667 444 951
444 936 2488
936 839 -6263
839 164 6406
164 964 945
964 654 -6984
654 100 1502
100 77 -7574
77 809 -2850
809 683 3117
683 291 716
291 159 -4871
159 386 -1719
386 467 5381
467 706 -9156
706 931 -7675
931 732 -437
732 29 8387
29 765 4848
765 352 -7363
352 703 -7153
703 650 -9094
650 203 -7389
203 913 -8999
913 318 -8812
318 629 -9893
629 413 2322
413 247 2296
247 170 -3405
170 330 -2677
330 403 -6341
403 688 -2707
688 391 -1023
391 91 1465
91 757 -1339
757 902 8885
902 172 7319
172 398 1294
398 551 1985
551 414 492
414 820 -5680
820 985 -6106
985 674 -7856
674 630 1537
630 267 -8301
267 890 -7138
890 607 -8763
607 28 -6137
28 780 -910
780 351 -8753
351 97 -2740
97 50 -2611
50 410 -3502
410 498 6138
498 572 5258
572 968 5648
968 286 -5684
286 769 -5148
769 345 6951
345 756 9327
756 569 -9133
569 912 -8061
912 580 -9206
580 614 -289
614 112 3799
112 998 -1351
998 166 -8061
166 215 -480
215 565 5737
565 552 -8863
552 374 -4241
374 2 272
2 223 -3936
223 274 4136
274 423 5623
423 189 2591
189 328 475
328 491 -7905
491 257 -2630
257 584 739
584 377 8936
377 808 -3538
808 764 9453
764 644 7341
644 482 -3995
482 642 -2710
642 943 8608
943 396 -1669
396 325 -3707
325 945 -1366
945 373 2627
373 582 8111
582 711 725
711 537 7254
537 697 -3768
697 146 7712
146 188 9759
188 41 -4639
41 670 1195
670 553 7471
553 259 2446
259 984 -775
984 568 -6257
568 648 -35
648 818 2580
818 162 8668
162 9 -6198
9 27 -9765
27 63 -6423
63 194 2670
194 795 -6876
795 139 -6654
139 887 3349
887 208 552
208 141 -8868
141 438 -123
438 224 5711
224 118 595
118 409 -3380
409 622 899
622 829 -4698
829 917 4021
917 53 -6770
53 271 2433
271 665 -4223
665 280 -2901
280 994 2207
994 13 1719
13 72 -7294
72 277 -2216
277 671 -93
671 611 5578
611 104 1584
104 947 -5891
947 534 169
534 20 9531
20 481 -4427
481 229 -3894
229 451 4560
451 148 -7139
148 601 6789
601 85 1587
85 972 4618
972 722 3212
722 962 -7456
962 729 -4474
729 156 -3840
156 575 1597
575 526 6778
526 143 9692
143 640 -8969
640 485 5264
485 116 -8967
116 587 -7089
587 787 -7663
787 446 -243
446 657 -3714
657 18 -5589
18 275 -202
275 868 526
868 3 -2776
3 290 9287
290 785 2325
785 655 8665
655 713 -5899
713 743 -5482
743 712 -186
712 550 -9934
550 191 5483
191 595 3321
595 699 -2830
699 52 9774
52 76 6550
76 334 8791
334 847 -3179
847 952 -3606
952 163 1010
163 265 -48
265 488 -4670
488 57 -9987
57 123 -1748
123 342 -4370
342 623 5191
623 714 -3829
714 115 4676
115 797 -4547
797 173 -9549
173 621 9532
621 741 9334
741 511 7837
511 181 2326
181 455 -4244
455 731 2169
731 524 -7434
524 702 1320
702 228 8004
228 955 -90
955 321 3819
321 911 -9235
911 940 8266
940 305 -1283
305 47 -6255
47 740 7830
740 278 -4972
278 922 -8347
922 429 -9438
429 469 -4757
469 720 -8222
720 583 -9101
583 447 -4883
447 32 -3640
32 86 -9843
86 347 -2930
347 578 6865
578 822 -5306
822 127 -3270
127 58 -6608
58 307 -9942
307 303 2236
303 400 -9580
400 322 -7345
322 869 -7638
869 335 -5274
335 476 -903
476 658 2364
658 804 -8660
804 988 -540
988 664 4083
664 813 7435
813 853 -9979
853 661 -2810
661 71 5355
71 685 -4043
685 863 -6468
863 588 -4794
588 49 -8103
49 796 -6757
796 206 8891
206 254 -1290
254 220 -7842
220 353 2475
353 895 1638
895 689 9437
689 460 -9259
460 38 6984
38 389 -9044
389 205 1212
205 946 4583
946 680 -4155
680 538 1692
538 428 -715
428 250 -2465
250 439 1874
439 773 -6854
773 51 2478
51 519 7837
519 921 8602
921 858 -2415
858 445 -3758
445 121 6607
121 645 1292
645 333 -1461
333 545 5497
545 592 -6307
592 25 6617
25 663 927
663 341 9354
341 558 99
558 134 -6883
134 606 -7893
606 746 1054
746 866 2084
866 989 -4638
989 388 -4382
388 432 3366
432 916 9693
916 776 -4831
776 766 -8825
766 375 6959
375 861 1273
861 397 -566
397 30 5275
30 236 8421
236 473 2435
473 948 -6105
948 340 -12
340 768 -6698
768 495 4864
495 343 -1285
343 190 4302
190 693 857
693 639 1726
639 486 -1552
486 402 -570
402 961 -6289
961 169 -7064
169 160 -3918
160 279 -8635
279 381 -9976
381 357 -4196
357 983 -7338
983 425 -1287
425 579 489
579 788 -8290
788 19 7296
19 433 6954
433 142 2189
142 997 -5842
997 459 -4381
459 102 -2868
102 845 233
845 919 -9897
919 716 5833
716 590 592
590 48 -4908
48 110 -8566
110 608 7349
608 260 -7136
260 855 -7929
855 515 -6869
515 779 -729
779 427 5515
427 975 1122
975 833 -2423
833 195 -4543
195 147 157
147 814 399
814 270 -6124
270 701 -3224
701 105 -7629
105 285 -566
285 885 -2838
885 800 -8851
800 725 -2610
725 726 4705
726 939 -4909
939 591 -6324
591 518 6566
518 546 8569
546 431 7726
431 151 5748
151 695 8608
695 976 9873
976 651 -8949
651 282 -88
282 613 -2621
613 95 -5557
95 497 1754
497 930 2150
930 435 -9145
435 133 -1336
133 557 -6044
557 694 38
694 442 -3729
442 186 -7149
186 662 -6791
662 760 -475
760 559 -7175
559 840 -8095
840 399 -5399
399 686 -8445
686 633 6964
633 836 -7112
836 90 -1225
90 659 7433
659 237 3153
237 684 -6995
684 963 -4725
963 96 -8593
96 327 -6371
327 225 402
225 418 -4025
418 81 9789
81 251 2798
251 898 -7504
898 83 -1380
83 851 816
851 957 -8069
957 284 -1455
284 577 5373
577 21 1632
21 332 3217
332 109 738
109 92 3188
92 576 5056
576 874 5411
874 301 -3978
301 437 7956
437 782 -2555
782 974 6946
974 310 -6578
310 594 -1200
594 196 -9686
196 905 -8050
905 214 -776
214 849 4458
849 24 -8973
24 226 6731
226 75 5238
75 125 6446
125 130 4433
130 980 -6120
980 408 -255
408 178 8159
178 421 9862
421 70 1532
70 107 -3667
107 185 -7086
185 789 -3575
789 676 1569
676 543 1934
543 117 -2054
117 842 -4052
842 883 -3387
883 242 -7973
242 106 580
106 870 -132
870 892 -2737
892 778 2003
778 338 -700
338 384 -567
384 625 -3329
625 884 -7619
884 331 2991
331 897 -1081
897 94 -7607
94 540 -6860
540 14 -5525
14 358 -8973
358 356 -2044
356 719 9027
719 865 -4381
865 571 7130
571 216 -4226
216 171 5581
171 394 -4480
394 506 -6793
506 627 -8718
627 484 -912
484 934 -5899
934 412 -9413
412 827 -900
827 98 5003
98 525 -2887
525 560 5906
560 296 -3188
296 111 5117
111 366 410
366 830 -1245
830 44 2714
44 73 -8144
73 304 -6064
304 527 -3016
527 799 -6439
799 965 599
965 126 -3473
126 33 -2496
33 995 -5618
995 199 -8205
199 293 -8926
293 802 -47
802 426 -3165
426 218 -1924
218 183 -4588
183 80 8145
80 523 -5673
523 893 -6178
893 844 -1488
844 783 -585
783 973 8697
973 715 2850
715 668 -6515
668 603 1422
603 346 -3339
346 378 -3857
378 137 -3038
137 514 -2566
514 848 5294
848 311 -5168
311 549 -4672
549 929 -803
929 857 908
857 89 1879
89 896 6079
896 710 -9444
710 262 -6185
262 996 -7870
996 876 -5639
876 371 -3362
371 792 -9435
792 619 9278
619 660 -7049
660 26 -8395
26 312 8017
312 360 -6135
360 462 -7032
462 16 4864
16 295 -7187
295 784 -2691
784 480 -5959
480 140 -1265
140 43 9529
43 987 4713
987 501 2434
501 772 -4215
772 227 1876
227 914 7906
914 209 797
209 632 -3957
632 901 2641
901 649 2074
649 144 -9188
144 831 -1518
831 404 -754
404 915 -5777
915 256 8091
256 379 -5349
379 59 -8958
59 937 -120
937 529 4276
529 774 -536
774 243 -3691
243 790 -8932
790 721 8018
721 752 -4026
752 781 789
781 68 9491
68 152 -7896
152 440 -3827
440 812 1062
812 494 5808
494 811 -4542
811 938 -4536
938 37 -295
37 803 -4912
803 673 -388
673 620 2037
620 42 3392
42 832 -2996
832 507 1138
507 520 5134
520 461 -5920
461 928 8293
928 145 5176
145 761 -2902
761 200 -1080
200 323 6273
323 798 -5685
798 679 1662
679 641 -9279
641 979 4528
979 709 -5881
709 499 -5976
499 751 775
751 990 -9355
990 617 635
617 122 2637
122 791 9080
791 492 289
492 454 -1606
454 34 -3071
34 879 -8374
879 986 -1214
986 509 -1901
509 970 -9913
970 88 2561
88 240 -9540
240 854 -5181
854 292 -1030
292 742 -9119
742 367 -2922
367 819 -5815
819 269 -6772
269 838 -4991
838 66 1017
66 941 2330
941 971 -2964
971 471 -5087
471 904 6804
904 411 1079
411 131 1869
131 616 8509
616 361 67
361 969 -9892
969 308 -6300
308 457 -317
457 474 7345
474 503 -8390
503 177 -6478
177 900 -3007
900 531 -5092
531 306 -4217
306 12 3492
12 299 -3614
299 179 -7368
179 692 -6252
692 767 2679
315 365 -2556
365 949 -6381
949 989 -1615
989 758 424
758 190 -6943
190 60 6474
60 992 -3869
992 319 -9274
319 516 5511
516 762 -872
762 211 148
211 748 -5851
748 350 -2991
350 681 -8989
681 382 2303
382 956 -2044
956 859 -4395
859 712 -7149
712 902 -1736
902 881 -7755
881 337 -8562
337 809 -1302
809 83 -1294
83 353 8465
353 261 3358
261 357 -1393
357 815 -6592
815 386 -1106
386 289 5619
289 823 -725
823 193 -8006
193 564 -1485
564 419 -3607
419 154 2584
154 440 8323
440 765 -5750
765 356 -8207
356 972 -2985
972 456 -56
456 243 -2537
243 100 -79
100 391 -4703
391 372 7947
372 364 -2103
364 224 -9845
224 245 2176
245 82 1377
82 405 -8881
405 212 -6558
212 738 8255
738 427 7256
427 878 -4051
878 442 3259
442 28 -8801
28 526 -5314
526 363 9647
363 139 -8223
139 925 -1429
925 476 -418
476 671 -8995
671 213 8747
213 736 4654
736 652 7020
652 5 9743
5 408 -4511
408 93 6596
93 718 5411
718 189 -861
189 91 253
91 701 -4369
701 187 556
187 320 -2035
320 554 -3729
554 439 -2357
439 54 -9406
54 524 -3026
524 983 -6140
983 773 6499
773 567 -2444
567 205 4936
205 502 -601
502 174 -6651
174 540 1642
540 852 -5456
852 248 -2808
248 830 5939
830 140 -1780
140 49 5797
49 197 -8227
197 299 7132
299 366 -6176
366 869 -4351
869 553 5766
553 417 -8245
417 86 -7758
86 850 -4626
850 465 -7435
465 680 -1794
680 481 7416
481 305 -8326
305 276 -5266
276 460 -3911
460 308 -682
308 349 -1490
349 571 -3317
571 714 -3076
714 229 4000
229 198 -4325
198 596 7267
596 497 1971
497 421 -9409
421 61 -8266
61 696 2540
696 175 5292
175 795 -1866
795 646 -8378
996 545 -2872
545 791 -6275
791 410 8451
410 222 -3468
222 365 -5081
365 927 2798
927 614 -825
614 941 -3164
941 659 1056
659 187 9345
187 96 -5648
96 446 8382
446 655 -5583
655 662 2477
662 392 -6515
392 114 870
114 909 -4481
909 750 5588
750 140 7492
140 40 -6633
40 648 -9784
648 896 8331
896 892 906
892 66 7750
66 108 -2695
108 621 -3845
621 694 2257
694 143 -1526
143 464 737
464 765 135
765 737 -6847
737 176 -5700
176 150 -7195
150 203 656
203 964 8555
964 101 -4997
101 665 -1259
665 160 2581
160 541 -8487
541 113 1651
113 294 6591
294 322 -674
322 44 5514
44 418 -3329
418 195 -9341
195 95 -2534
95 687 -2947
687 702 -3859
702 628 -8057
628 951 3144
951 377 -8405
377 906 1154
906 847 -6772
847 823 4051
823 3 -9990
3 8 8541
8 717 -8992
717 734 -4958
734 328 943
328 280 1472
280 47 2709
47 813 -2257
813 571 -4572
571 242 6540
242 451 4593
451 297 -6699
297 30 -5542
30 969 1708
969 745 -2424
745 733 3728
733 673 -5424
673 796 6005
796 671 520
671 699 4800
699 788 -1195
788 510 7212
510 256 -5325
256 838 -6770
838 174 -1221
174 289 -1112
289 378 6066
378 557 2130
557 846 3981
846 620 -2566
620 285 -2041
285 188 5332
188 260 -350
260 329 1611
329 944 -8252
944 308 1201
308 721 -2254
721 452 6469
452 345 -8230
345 158 2048
158 148 2184
148 237 9460
237 38 -9739
38 987 -7914
987 766 5849
766 436 7470
436 259 -5626
259 574 -5049
574 988 1492
988 810 5936
810 232 2913
232 68 -7954
68 432 1882
432 775 -5845
775 867 -6103
867 139 8431
139 527 -5296
527 517 -5728
517 164 8456
164 599 -2661
599 94 8467
94 229 6184
229 100 -9949
100 202 -2093
202 974 -4725
974 993 503
993 807 8780
807 391 -8335
391 812 -6397
812 542 6081
542 692 -7270
692 681 -2109
681 198 -9065
198 852 413
852 656 -6825
656 387 -6599
387 261 -3793
261 942 -7191
942 62 -9767
62 586 -2686
586 191 -2740
191 595 -9202
595 784 -6093
784 182 -9455
182 343 -3807
343 936 1350
936 186 -7796
186 502 -4218
502 625 9348
625 135 4604
135 65 9745
65 19 -470
19 754 2660
754 445 -2765
445 786 -8410
786 696 5403
696 607 -260
607 658 -9623
658 642 5890
642 863 -6103
863 344 -2295
344 269 2620
269 818 -388
818 5 4160
5 342 9369
342 825 2830
825 652 -8767
652 194 679
194 559 37
559 481 -4827
481 487 1000
487 889 -1304
889 533 9825
533 407 -9513
407 670 -7993
670 741 -8718
741 782 4209
782 290 -3196
290 362 -4538
362 885 5883
885 877 798
877 504 -5564
504 962 -6604
962 925 969
925 829 -2039
829 48 -4349
48 785 -7814
785 843 -8973
843 736 -6690
736 797 -1367
797 712 -2003
712 147 -4829
147 441 -6963
441 331 -4673
331 895 -9880
895 724 3167
724 35 -2954
35 878 687
878 173 -6535
173 55 -4984
55 908 99
908 594 8939
594 520 -8262
520 551 3171
551 162 -8230
162 660 8209
660 588 -9757
588 883 -489
883 706 2194
706 215 3758
215 937 -8482
937 373 7221
373 125 -9914
125 449 1632
449 398 1244
398 565 8190
565 581 1257
581 363 5120
363 616 -410
616 546 1410
546 697 889
697 170 -8480
170 701 7317
701 88 421
88 611 3606
611 980 -6863
980 225 -8826
225 20 -3193
20 756 3701
756 928 5737
928 230 8969
230 740 -2684
740 827 -7056
827 352 -1821
352 509 -8807
509 583 1625
583 92 320
92 32 486
32 78 -1679
78 742 3688
742 268 9134
268 179 4075
179 735 -868
735 34 638
34 416 -4346
416 486 -9863
486 833 2414
833 590 -9069
590 153 -6771
153 314 4563
314 64 3537
64 639 4465
639 824 -7980
824 252 -4171
252 577 -5565
577 334 -5608
334 849 -5555
849 917 -3621
917 337 -1090
337 126 4866
126 905 -9058
905 313 1347
313 871 -7561
871 67 -8317
67 301 -9388
301 548 -1645
548 498 -9908
498 853 2835
853 87 -2662
87 597 -8386
597 716 -5064
716 780 -6225
780 933 3338
933 227 2083
227 952 -952
952 751 -676
751 178 2275
178 593 -2794
593 80 -8365
80 757 430
757 845 -4420
845 341 -2940
341 822 -4251
822 700 -2936
700 836 888
836 789 -1103
789 609 -7235
609 97 -2204
97 462 -8390
462 11 -4924
11 155 -8552
155 74 -522
74 619 -2214
619 624 -6875
624 947 -1363
947 630 2028
630 426 -2759
426 463 165
463 998 -4389
998 115 697
115 442 2097
442 732 -8033
732 600 2687
600 333 -5998
333 821 -8623
821 122 -6498
122 386 1227
386 131 -5640
131 311 -9560
311 525 2336
525 99 2003
99 608 2200
608 263 3807
263 448 9849
448 415 4393
415 304 -9873
304 480 -8148
480 421 1370
421 275 8556
275 325 81
325 860 2180
860 13 1716
13 995 -2180
995 104 5132
104 731 7889
731 519 5528
519 967 690
967 27 -2840
27 397 -5852
397 729 5696
729 965 -3090
965 991 8691
991 675 -8723
675 811 -1997
811 350 -8528
350 492 -966
492 267 8073
267 210 -3483
210 605 -7925
605 497 1946
497 217 5275
217 385 9405
385 287 8374
287 558 -7816
558 336 8894
336 214 -7364
214 419 -5915
419 309 5229
309 348 -6087
348 476 -2789
476 361 8120
361 666 -7801
666 180 1492
180 59 179
59 650 -5421
650 844 -3028
844 832 -4918
832 626 3554
626 149 -8210
149 946 5696
946 743 1984
743 570 -6035
570 36 -403
36 141 -9048
141 82 -1035
82 124 -4351
124 983 9554
983 779 3343
779 483 2042
483 197 -993
197 81 -15
81 695 -2134
695 323 -8988
323 887 -2696
887 356 2277
356 402 -6632
402 396 -4384
396 768 -716
768 488 -1343
488 33 -3700
33 984 710
984 220 8153
220 7 -3862
7 550 1069
550 63 -1327
63 231 -1494
231 764 -3581
764 710 2493
710 638 -7698
638 76 -7250
76 2 -2040
2 663 4985
663 795 2419
795 834 6451
834 205 -7040
205 536 -3263
536 728 5586
728 705 7986
705 713 5261
713 959 4601
959 759 2925
759 884 -5292
884 714 -2971
714 932 1327
932 647 7596
647 330 -1770
330 50 -3002
50 73 -9762
73 414 -2995
414 526 585
526 116 1157
116 45 -4846
45 573 -9476
573 787 -5218
787 703 -2648
703 532 652
532 420 3876
420 403 -7264
403 443 -1675
443 228 1545
228 366 8196
366 773 4737
773 913 -1942
913 934 1118
934 524 5381
524 587 -3974
587 719 1039
719 831 -5114
831 999 43
999 454 333
454 303 -7479
303 966 1984
966 976 1386
976 360 -1875
360 986 -2736
986 349 -1646
349 119 1307
119 634 -2303
634 762 2499
762 715 -2285
715 747 -7345
747 4 4260
4 246 1082
246 856 424
856 223 -8189
223 617 -7311
617 644 2108
644 591 -4659
591 955 -4492
955 10 4765
10 866 658
866 25 -8138
25 534 -2251
534 850 -1083
850 801 2075
801 568 -3850
568 26 1823
26 679 -7510
679 224 -2910
224 146 -7873
146 957 -2423
957 431 -8678
431 286 5326
286 886 -3829
886 851 3576
851 177 2385
177 508 -8808
508 138 -7140
138 529 1368
529 802 1760
802 606 -2270
606 472 -9473
472 201 -9589
201 376 492
376 129 -7322
129 500 -5834
500 283 -2334
283 804 9082
804 346 812
346 399 -3435
399 798 -1462
798 169 -8278
169 317 4064
317 922 -9235
922 110 -6647
110 166 -4767
166 372 1763
372 238 6408
238 989 -3511
989 615 876
615 738 5281
738 145 308
145 456 3603
456 277 5665
277 31 -3964
31 247 -8956
247 239 -5024
239 172 -9688
172 912 -1465
912 994 -6126
994 522 1644
522 698 2555
698 406 -7219
406 251 -6166
251 248 -6388
248 763 -1910
763 265 1106
265 384 -9213
384 469 289
469 14 -6590
14 749 -4990
749 794 -8273
794 691 654
691 411 2126
411 482 105
482 523 -1002
523 84 -9657
84 381 5246
381 89 11
89 718 -3043
718 281 9610
281 318 4839
318 54 -2699
54 491 3629
491 315 946
315 792 8619
792 364 4307
364 339 -9711
339 123 9321
123 144 1659
144 963 995
963 841 -4449
841 18 -4898
18 240 -6
240 848 -3894
848 370 -7397
370 904 -2312
904 499 8324
499 151 742
151 926 4281
926 103 362
103 929 1199
929 672 772
672 353 9730
353 358 -3897
358 375 6961
375 91 2323
91 835 4120
835 42 -4073
42 292 2754
292 85 -231
85 209 -5635
209 923 7979
923 132 -2269
132 111 -4252
111 661 -8591
661 284 -2931
284 547 5983
547 678 931
678 276 795
276 776 -4164
776 664 337
664 438 -1578
438 316 -8374
316 919 3191
919 667 70
667 354 -2077
354 677 2235
677 219 -4745
219 839 -603
839 262 715
262 142 -706
142 921 -7870
921 903 -5940
903 891 -228
891 457 8213
457 803 157
803 291 1372
291 437 712
437 450 -8419
450 781 -3582
781 473 407
473 134 2358
134 120 8400
120 668 6643
668 21 2601
21 233 5208
233 51 -9143
51 592 -8691
592 374 -3130
374 332 -8772
332 707 -1815
707 107 3072
107 28 5490
28 549 -9049
549 408 6490
408 584 -6306
584 501 3783
501 868 -417
868 175 -365
175 206 3794
206 477 -3566
477 422 -6169
422 561 -7173
561 915 -7212
915 495 8606
495 985 -7951
985 394 -6447
394 200 -3654
200 948 4662
948 669 -5521
669 990 -821
990 105 6608
105 401 5861
401 474 -3606
474 75 -4131
75 881 1675
881 864 6656
864 288 -521
288 453 1533
453 393 -6822
393 137 -6298
137 479 -8345
479 901 -7643
901 512 -4930
512 271 -5113
271 837 2397
837 800 -3112
800 755 -8196
755 855 3747
855 470 2502
470 433 8745
433 968 -9263
968 589 1492
589 193 9348
193 627 -232
627 973 -3067
973 199 303
199 338 -2293
338 157 6398
157 300 1987
300 23 -8633
23 272 -7952
272 769 -4629
769 931 7624
931 518 -1613
518 954 8862
954 296 -3218
296 920 -9830
920 371 -5968
371 918 1579
918 154 -4651
154 612 2363
612 189 2218
189 355 -1270
355 820 -3595
820 693 -3106
693 165 1527
165 93 -6974
93 274 -2548
274 613 121
613 295 356
295 575 6464
575 758 3941
758 880 2843
880 208 -6444
208 255 -1496
255 447 1821
447 704 -8960
704 321 -378
321 830 9682
830 772 -9404
772 185 2659
185 907 -5353
907 335 -8941
335 953 -4571
953 684 -9229
684 857 -503
857 690 -5960
690 152 -1815
152 869 3017
869 554 -8670
554 842 5434
842 24 -5128
24 245 -7879
245 978 -9609
978 98 1807
98 493 -9534
493 641 -5369
641 159 4266
159 39 -7683
39 911 9630
911 357 -1348
357 555 1777
555 971 -1451
971 637 -6127
637 183 2361
183 503 -4230
503 828 1757
828 184 -8655
184 319 6219
319 564 8652
564 57 -6258
57 359 -8502
359 748 4960
748 930 2895
930 163 -7169
163 211 -7487
211 417 -8008
417 879 2319
879 404 -2654
404 243 -9673
243 235 6592
235 632 3773
632 521 -7506
521 273 9488
273 540 -8581
540 682 -3881
682 382 3068
382 515 -9356
515 171 930
171 725 2728
725 455 -1034
455 312 -1706
312 90 -7954
90 236 7795
236 563 4205
563 654 8691
654 9 -206
9 598 6508
598 395 -3990
395 981 5821
981 939 3758
939 899 -8280
899 466 1255
466 302 1497
302 77 2050
77 674 -4106
674 900 670
900 264 -9562
264 380 -8128
380 862 -5010
862 960 -8510
960 72 -2272
72 196 1062
196 306 -8183
306 774 654
774 958 -765
958 596 6634
596 167 1232
167 17 3067
17 817 -5453
817 6 -8842
6 894 2394
894 478 -6347
478 212 -4869
212 914 -3178
914 434 -6799
434 924 8944
924 241 1749
241 216 -2257
216 218 2772
218 709 -5385
709 506 -4918
506 723 9587
723 982 4770
982 130 3653
130 369 -2118
369 70 -2958
70 439 -9643
439 949 -136
949 459 7069
459 859 -6061
859 544 -8275
544 496 7554
496 258 875
258 875 387
875 127 7311
127 299 -8510
299 805 9274
805 553 -9523
553 181 -8051
181 485 2418
485 12 2982
12 972 12
972 876 -8793
876 351 7970
351 569 -4746
569 640 -7555
640 428 6099
428 22 -8890
22 537 -6563
537 806 -4009
806 468 4025
468 888 -7093
888 190 6845
190 935 -5729
935 58 -1246
58 970 -9264
970 730 3283
730 726 -2088
726 83 -7309
83 507 -6157
507 685 -9073
685 872 -4712
872 46 52
46 727 3913
727 572 1762
572 708 1249
708 15 -8202
15 961 1329
961 52 4349
52 761 -8627
761 16 -4973
16 603 1803
603 310 -3433
310 340 -7861
340 535 -5960
535 282 8261
282 204 -6641
204 770 -9750
770 458 673
458 622 183
622 950 7347
950 69 -813
69 777 -6108
777 156 2672
156 128 8417
128 444 -6979
444 938 -2063
938 136 5136
136 307 -9236
307 902 9819
902 305 -1000
305 400 -904
400 602 8418
602 893 1496
893 102 2507
102 676 -2690
676 793 -8885
793 645 -7579
645 207 -3482
207 513 -9819
513 790 -140
790 413 9618
413 133 -7764
133 49 269
49 651 6348
651 192 -8484
192 783 5460
783 646 -2681
646 686 -3506
686 467 -1018
467 649 6116
649 423 -5365
423 221 1345
221 543 9163
543 556 -1540
556 689 -2323
689 653 4989
653 610 3986
610 629 -106
629 977 -3218
977 858 -5105
858 531 -2749
531 490 -3220
490 121 4719
121 465 -7234
465 29 -2758
29 514 475
514 388 -2677
388 43 -6065
43 562 -7366
562 752 -3129
752 244 7269
244 943 -1978
943 956 -2621
956 683 4192
683 840 -3072
840 56 -9586
56 688 -4090
688 739 -8573
739 579 -5618
579 412 9595
412 253 -7976
253 636 -9533
636 53 2379
53 226 2030
226 680 -154
680 461 2441
461 720 2602
720 106 6872
106 254 -8343
254 992 8281
992 118 6736
118 539 -1022
539 808 5722
808 861 -4008
861 425 96
425 427 -4915
427 873 -8153
873 326 -4117
326 475 6359
475 389 5654
389 168 -7290
168 618 -7582
618 298 -8967
298 819 -2756
819 815 2537
815 516 -7947
516 722 2028
722 117 -9947
117 623 -6958
623 604 7597
604 771 675
771 566 2717
566 633 7401
633 997 -4922
997 367 -6915
367 744 4737
744 494 7885
494 560 -6989
560 809 9648
809 865 -3269
865 910 -3768
910 270 1763
270 711 3359
711 897 591
897 799 -3771
799 249 -2013
249 213 -1708
213 266 -2859
266 41 4806
41 814 -8796
814 530 -342
530 874 1511
874 409 -6575
409 882 5182
882 916 1898
916 257 -2786
257 460 6539
460 657 -9707
657 279 -5192
279 109 -6407
109 429 9960
429 979 -677
979 278 1103
278 826 -8962
826 484 -6687
484 582 3542
582 585 7563
585 890 -6461
890 435 -3513
435 870 -5725
870 576 1925
576 975 -4882
975 643 -8521
643 471 -2149
471 538 -6620
538 778 -6724
778 234 -3665
234 552 -6187
552 945 1585
945 347 -5248
347 37 256
37 601 7757
601 327 -7476
327 320 7180
320 854 2116
854 440 -5884
440 293 -8802
293 161 -6188
161 528 -686
528 767 -6073
767 79 3950
79 505 -7439
505 580 1967
580 511 3348
511 71 -4680
71 383 2084
383 424 9831
424 405 -8934
405 368 -6085
368 940 6780
940 250 9885
250 898 32
898 746 -2702
746 760 -5063
760 379 -7585
379 753 9065
753 390 -9179
390 635 -687
635 430 1854
430 567 -3017
567 112 1473
112 578 -5612
578 61 -260
61 489 9102
195 388 -7242
388 33 -1840
33 492 -8352
492 954 -568
954 588 -4264
588 343 -5564
343 475 -6598
475 986 5847
37 904 -6388
37 851 2488
851 497 9626
497 615 -7600
615 238 -6870
238 886 409
886 904 3907
703 548 -8554
703 566 3184
566 603 -9646
603 759 -5176
759 982 453
982 872 -4703
872 110 -5217
110 559 6847
559 548 2661
62 126 8253
62 587 -92
587 332 -643
332 109 7217
109 124 -3573
124 190 -9101
190 123 8936
123 721 9105
721 572 -6101
572 815 2795
815 282 -2128
282 696 3392
696 141 -9948
141 404 -4086
404 787 -5932
787 918 54
918 642 928
642 64 -8317
64 810 8197
810 920 4108
920 255 -7907
255 510 -6551
510 429 6462
429 592 -3066
592 987 6021
987 907 -9650
907 933 -332
933 155 -7887
155 891 2496
891 997 -3860
997 818 -6195
818 388 3721
388 251 -2616
251 999 1028
999 685 -490
685 276 7807
276 548 6589
548 750 -5242
750 220 -8432
220 305 56
305 758 -1606
758 689 4528
689 850 -5846
850 728 -4071
728 200 -696
200 822 1338
822 221 -4715
221 813 1793
813 772 2577
772 956 -4687
956 596 -4908
596 75 -3880
75 140 9208
140 619 34
619 393 -4302
393 710 -9049
710 143 -7321
143 121 9818
121 183 -999
183 821 -3896
821 520 3241
520 26 -1557
26 551 -8000
551 565 -1088
565 591 -1703
591 322 8018
322 248 -3740
248 966 -631
966 725 -6149
725 947 2807
947 532 4091
532 936 -2667
936 711 -9622
711 59 -8363
59 469 6949
469 92 6543
92 624 849
624 878 -2470
878 208 -7677
208 343 7844
343 953 -195
953 959 6673
959 444 4333
444 594 7875
594 779 1202
779 66 -7586
66 239 -7586
239 382 4545
382 693 -1602
693 458 -8502
458 845 -9869
845 23 -9344
23 102 -4309
102 434 -6240
434 825 8916
825 659 -2575
659 244 9081
244 937 -1354
937 91 -9966
91 135 5431
135 886 4747
886 113 -9136
113 138 -7214
138 116 -4178
116 645 -6623
645 923 33
923 611 2248
611 459 -84
459 799 -5626
799 16 2548
16 897 -9720
897 941 39
941 528 2539
528 445 2475
445 446 -488
446 928 9559
928 402 179
402 296 8005
296 855 1482
855 561 221
561 803 -3376
803 805 -6139
805 975 2441
975 547 -2044
547 493 -4050
493 89 -1872
89 798 -9838
798 80 -7674
80 622 -1265
622 285 3032
285 280 -5178
280 892 8370
892 468 -8585
468 353 -3753
353 806 -580
806 968 109
968 426 -5400
426 879 5213
879 357 -9316
357 199 -4265
199 188 -9295
188 215 -2354
215 189 809
189 250 2672
250 60 -8382
60 698 -8218
698 604 8862
604 487 -2565
487 882 -1692
882 162 -1505
162 521 7101
521 440 -895
440 81 -6137
81 209 -5036
209 150 -1116
150 614 -6503
614 677 4027
677 144 -1978
144 942 -4862
942 224 -6394
224 755 5474
755 170 1951
170 499 328
499 336 -1662
336 939 -8410
939 12 6709
12 784 -7678
784 454 -6598
454 185 -3992
185 896 562
896 374 -8632
374 397 -231
397 708 729
708 646 -7183
646 847 -8944
847 386 -1335
386 475 -4596
475 816 1547
816 748 -7513
748 269 -4457
269 195 -6645
195 670 -1229
670 718 8960
718 797 -9673
797 981 1993
981 338 -9249
338 329 5356
329 729 -6679
729 508 -5544
508 128 -7511
128 503 -2965
503 978 -4582
978 352 2268
352 800 -4236
800 690 -4639
690 605 6029
605 359 -2464
359 991 9810
991 905 844
905 736 -325
736 172 3239
172 478 -955
478 262 4213
262 412 -8903
412 15 934
15 411 -7675
411 684 -5275
684 213 -6598
213 7 -6832
7 480 -1694
480 350 -6566
350 387 -460
387 627 -9615
627 22 -9237
22 965 539
965 315 1639
315 482 416
482 789 -3250
789 760 -376
760 341 6779
341 450 -7090
450 545 -1760
545 290 -2699
290 786 -5623
786 802 228
802 745 2719
745 259 -1096
259 557 989
557 716 5421
716 122 -3690
122 752 -2943
752 629 1530
629 575 -8849
575 403 -2943
403 197 4842
197 867 2111
867 737 640
737 668 -3598
668 416 1007
416 57 -5271
57 944 -8298
944 302 -749
302 842 6624
842 78 -5447
78 87 -1633
87 757 -7635
757 873 -9195
873 648 -2281
648 492 -7790
492 638 -8088
638 674 9633
674 540 -9001
540 785 -410
785 903 -8204
903 713 -7127
713 104 -8741
104 49 -9246
49 298 -6584
298 133 -5417
133 390 -4999
390 419 -1291
419 370 -8759
370 470 -7638
470 533 5727
533 13 -8953
13 838 -9427
838 995 752
995 82 7444
82 979 -3537
979 490 -449
490 765 5655
765 314 -3648
314 880 -4058
880 20 8390
20 348 -8383
348 254 -2674
254 687 795
687 272 -9790
272 297 822
297 603 -1519
603 846 2441
846 672 2007
672 512 -4802
512 451 -5274
451 287 -1402
287 574 109
574 917 -7217
917 307 -8999
307 581 3390
581 108 -9194
108 41 -2109
41 146 4234
146 494 -6304
494 73 8370
73 742 6414
742 178 -5744
178 241 1750
241 142 7920
142 198 -3153
198 364 6110
364 301 1691
301 537 -7754
537 137 -91
137 506 -5562
506 723 -7192
723 425 -6846
425 389 5380
389 320 -7620
320 203 -465
203 217 -7566
217 567 1607
567 773 -4772
773 270 -148
270 354 -2079
354 762 -6456
762 662 -3825
662 834 -4200
834 335 -2829
335 864 1550
864 17 1001
17 260 2432
260 895 1267
895 214 39
214 238 7094
238 732 -7722
732 651 -2566
651 764 -106
764 656 -6729
656 621 -5306
621 628 -4685
628 967 -4562
967 194 -7864
194 165 -1396
165 641 -6307
641 974 1568
974 384 7620
384 990 3972
990 676 561
676 392 2289
392 570 -2454
570 640 3745
640 175 -4092
175 368 -9264
368 396 3425
396 47 -4829
47 229 -6033
229 344 -698
344 247 -2054
247 242 -6269
242 168 -7059
168 560 -817
560 588 54
588 33 8624
33 400 -2011
400 32 5800
32 42 8072
42 951 -5281
951 694 9673
694 774 -5494
774 571 5851
571 584 7134
584 442 -3138
442 921 -2058
921 334 -1609
334 433 618
433 84 4605
84 51 -8848
51 652 -6848
652 859 2018
859 167 2745
167 379 1361
379 169 -3264
169 535 -6277
535 351 -990
351 950 -5960
950 819 -6233
819 559 8341
559 476 -1495
476 72 -1023
72 210 -2352
210 414 -3314
414 550 -1115
550 706 -7751
706 346 2181
346 616 -842
616 3 -715
3 511 -4335
511 530 -7803
530 691 3043
691 330 -2169
330 555 -7023
555 507 -763
507 457 1702
457 479 -9287
479 4 1486
4 337 -11
337 202 6749
202 958 7198
958 680 8510
680 184 -2012
184 367 -4022
367 644 -3037
644 601 -980
601 432 -3897
432 484 2596
484 317 3314
317 795 -1624
795 319 -4426
319 497 2988
497 609 -2217
609 151 2017
151 240 -1033
240 839 7331
839 435 -4799
435 865 -6123
865 558 -7200
558 99 -6790
99 796 1355
796 924 -5240
924 488 -9417
488 131 3178
131 279 -3844
279 360 -941
360 824 3132
824 509 -4218
509 957 3979
957 683 2303
683 600 -9111
600 901 3309
901 358 -345
358 327 1746
327 52 -8456
52 610 -4828
610 292 5591
292 219 -9207
219 792 6182
792 597 -1980
597 768 -9795
768 278 -2841
278 657 -6601
657 898 -2513
898 861 8704
861 93 -3027
93 171 602
171 982 -6071
982 962 -1942
962 206 -5621
206 695 -5746
695 515 -827
515 811 -7249
811 783 7317
783 249 -5115
249 719 1117
719 635 2095
635 904 -2471
904 321 -8600
321 472 -4026
472 420 -2178
420 18 -5968
18 256 -1637
256 701 -5021
701 777 -5566
777 437 -5549
437 40 1859
40 45 -5703
45 63 -3876
63 263 689
263 456 -251
456 304 -1213
304 177 -8501
177 869 -6242
869 216 -4048
216 505 1126
505 395 -5011
395 707 2574
707 67 -7138
67 495 -7960
495 759 -9336
759 971 8930
971 618 -1417
618 945 -3651
945 31 -88
31 366 513
366 46 -8233
46 722 -9854
722 985 -5399
985 875 1419
875 10 -5167
10 5 -210
5 602 -1480
602 949 490
949 449 -2540
449 908 -6267
908 948 7189
948 467 2314
467 361 -7795
361 98 2799
98 633 1180
633 931 -949
931 100 8428
100 735 9289
735 385 -1180
385 884 -3595
884 566 3339
566 671 -9286
671 919 -1754
919 463 2187
463 342 -6163
342 744 1128
744 422 -7806
422 117 2658
117 709 1988
709 37 -1205
37 372 8863
372 266 6164
266 856 -7722
856 8 227
8 120 -333
120 613 -2448
613 90 1152
90 462 -7738
462 519 -4222
519 130 -8171
130 863 -3461
863 733 -4547
733 577 617
577 814 -9025
814 881 -2754
881 182 -657
182 829 5725
829 843 864
843 253 -8380
253 632 1214
632 780 1455
780 504 -9485
504 148 -9104
148 973 -6031
973 325 -7565
325 883 -8947
883 430 -5074
430 522 9649
522 894 -9438
894 227 20
227 371 3132
371 159 2552
159 110 -3715
110 826 725
826 964 2473
964 427 3078
427 615 -6286
615 331 -6223
331 801 540
801 11 -5130
11 823 -6652
823 989 -6088
989 289 -9960
289 234 -2223
234 502 614
502 9 5401
9 139 1343
139 443 -958
443 523 -152
523 461 -3177
461 705 2036
705 275 -918
275 83 -4267
83 186 832
186 877 -9114
877 69 596
69 912 -5060
912 166 7355
166 375 -4694
375 405 2731
405 731 -4818
731 365 8192
365 312 -7929
312 832 1802
832 911 -1561
911 961 -7475
961 857 1720
857 582 8789
582 702 209
702 862 -1035
862 101 1806
101 871 7
871 583 5637
583 258 -8293
258 741 -7052
741 692 -3285
692 149 -5420
149 401 -6720
401 35 -6985
35 132 6222
132 554 -8475
554 311 -8807
311 808 -1531
808 848 -1451
848 268 6719
268 667 -6875
667 246 -5803
246 496 -3253
496 406 4425
406 849 1150
849 740 232
740 753 30
753 963 4207
963 868 -6323
868 6 1326
6 977 5483
977 465 -3288
465 927 -1629
927 77 -2836
77 231 278
231 756 -6953
756 2 -9755
2 673 -3780
673 531 351
531 391 -7825
391 664 -6873
664 448 -4746
448 906 6642
906 205 -3046
205 136 1629
136 228 -3986
228 156 1661
156 29 8315
29 265 -3282
265 271 -5282
271 866 2567
866 152 978
152 620 8650
620 812 -283
812 724 -2209
724 830 -4255
830 720 -99
720 293 1040
293 666 -430
666 637 4525
637 608 -1532
608 173 -5192
173 831 -8254
831 790 3143
790 660 -4128
660 663 332
663 399 531
399 295 -6837
295 196 -1463
196 754 -8016
754 909 -6041
909 788 -7928
788 355 -2044
355 771 -8666
771 362 -3539
362 380 -159
380 96 -7048
96 193 -7283
193 770 8118
770 935 -4332
935 874 -7523
874 306 -9337
306 48 -312
48 980 8281
980 233 -4778
233 556 -2273
556 852 1078
852 809 -9427
809 579 -4287
579 717 -8694
717 85 -560
85 562 4528
562 94 5581
94 578 -1107
578 157 7958
157 625 -3413
625 776 -1653
776 333 -544
333 347 3667
347 536 2998
536 19 -4216
19 887 -5774
887 794 -8056
794 176 7865
176 74 -2150
74 225 -2195
225 158 6214
158 534 2385
534 647 -9224
647 349 7962
349 529 -7968
529 820 -3082
820 538 495
538 996 -7736
996 807 -1471
807 383 5435
383 607 -3854
607 688 2666
688 115 7642
115 310 1237
310 650 -1902
650 926 -3777
926 473 -3906
473 932 1343
932 153 -8177
153 925 4118
925 261 -7599
261 791 6557
791 274 -9011
274 763 -80
763 88 -8898
88 639 8192
639 781 -5046
781 222 -7768
222 626 -9208
626 766 -3862
766 988 -5361
988 44 -2639
44 491 3236
491 417 -302
417 363 -7578
363 498 -2016
498 700 -5403
700 407 2218
407 345 9131
345 747 -6742
747 378 -6696
378 712 5215
712 782 -5947
782 471 4206
471 516 7729
516 105 -351
105 291 1207
291 888 -4010
888 356 6053
356 661 -6396
661 373 -4974
373 563 -2054
563 68 -9126
68 539 2149
539 526 -3602
526 899 -3419
899 669 -2916
669 840 -4111
840 125 4505
125 913 -9476
913 483 1745
483 112 -3101
112 107 334
107 860 -6755
860 408 -6769
408 192 -6068
192 938 3465
938 118 -5756
118 500 684
500 984 -392
984 339 2458
339 876 -4844
876 230 -3402
230 593 1902
593 525 1528
525 889 3412
889 595 805
595 191 -4392
191 147 -3399
147 804 2423
804 943 -1330
943 466 -4091
466 681 1279
681 180 -2463
180 243 -7143
243 835 -9653
835 854 -5419
854 960 3143
960 377 -5771
377 870 7504
870 900 -7782
900 586 -522
586 39 5258
39 273 2507
273 658 6045
658 308 7542
308 954 1967
954 294 -2329
294 381 3274
381 326 6832
326 665 4381
665 245 7784
245 232 -3581
232 775 -8914
775 25 8292
25 631 -7024
631 553 -9517
553 323 -8957
323 154 -4451
154 56 -8732
56 767 7711
767 885 -3189
885 734 -3873
734 50 4363
50 606 -2306
606 441 -3021
441 409 -2954
409 761 -3977
761 76 -9813
76 817 6620
817 318 -4783
318 119 7655
119 590 1368
590 300 -2532
300 481 -1766
481 910 -7861
910 902 292
902 573 4582
573 972 8044
972 43 -2230
43 837 -528
837 398 1067
398 394 8992
394 589 -7743
589 544 4367
544 727 1953
727 14 1096
14 423 8493
423 994 -6147
994 778 2019
778 617 9856
617 95 -565
95 630 914
630 376 -7943
376 127 6210
127 28 -3427
28 916 5174
916 53 1753
53 699 -8647
699 922 -1904
922 952 -265
952 211 1806
211 564 -1672
564 893 -4772
893 79 -3752
79 730 1496
730 424 -5973
424 55 -6068
55 257 1773
257 769 7540
769 585 8430
585 552 9822
552 929 -6524
929 97 894
97 58 -5731
58 288 -3571
288 636 -8474
636 655 9204
655 576 6092
576 955 -3827
955 418 7295
418 464 -6276
464 992 5304
992 715 -266
715 369 1689
369 70 1609
70 129 2301
129 223 -1115
223 524 -7120
524 207 -7430
207 174 138
174 281 -8321
281 841 2690
841 485 9572
485 71 9138
71 836 5080
836 643 -5051
643 30 -1743
30 546 7972
546 299 -9932
299 501 -4483
501 316 137
316 438 157
438 946 -9077
946 580 2190
580 993 -1744
993 976 -5284
976 413 -3950
413 27 6063
27 134 7599
134 930 -5577
930 549 -1993
549 679 5792
679 111 -5065
111 970 -1780
970 324 2445
324 474 -7075
474 746 6692
746 303 -7686
303 569 6377
569 738 -9005
738 998 -5697
998 283 -3023
283 969 -8532
969 421 -9613
421 163 -1434
163 726 4359
726 599 6339
599 851 3813
851 649 -3088
649 340 -8147
340 703 -6613
703 518 -4962
518 872 -6133
872 212 321
212 678 -5863
678 277 1845
277 513 -9047
513 828 2981
828 543 -2471
543 164 -4749
164 21 5211
21 568 -9936
568 179 4724
179 833 -7415
833 455 4124
455 267 -4156
267 309 4664
309 126 454
413 917 -9272
413 864 8750
864 917 4662
295 533 -6456
295 829 5709
829 391 -576
391 819 2032
819 187 -4268
187 69 8094
69 78 -6645
78 521 -4683
521 679 -7304
679 207 1499
207 858 9216
858 248 2002
248 975 -6582
975 748 -5269
748 371 314
371 388 -1077
388 165 1195
165 37 -1150
37 657 -3160
657 847 4799
847 30 -2255
30 378 2088
378 915 3881
915 13 -8219
13 460 3717
460 607 -5192
607 130 -2503
130 317 1974
317 765 -1233
765 469 -1337
469 260 -1237
260 369 -7412
369 866 -4722
866 231 7174
231 538 -6025
538 888 -2519
888 537 428
537 263 2600
263 687 -7114
687 977 -8293
977 216 -7022
216 878 -7160
878 278 -8180
278 305 -8897
305 675 -7112
675 814 -5883
814 83 -476
83 974 771
974 450 -9409
450 342 1519
342 97 -3102
97 631 1904
631 943 -445
943 373 -6073
373 498 9237
498 21 1064
21 334 -7029
334 600 7810
600 179 2604
179 178 -2292
178 613 -9630
613 451 1711
451 967 1259
967 186 -3775
186 110 -6709
110 246 7577
246 42 -4386
42 672 -7276
672 320 881
320 971 1038
971 429 9165
429 825 -9476
825 735 -515
735 224 5441
224 455 208
455 235 1375
235 303 -8437
303 332 9869
332 338 -3387
338 314 -3017
314 176 8607
176 838 6587
838 533 -7776
