347 2557
1 31 -3099
31 272 1539
272 243 -8084
243 117 -7403
117 146 6360
146 301 9224
301 302 3075
302 273 -896
273 253 -7316
253 127 -3314
127 219 -248
219 285 4462
285 293 -48
293 128 -6247
128 338 -5026
338 110 -5405
110 67 -2265
67 39 -269
39 290 2359
290 72 -8675
72 210 -1688
210 46 -5054
46 151 6613
151 172 -2715
172 177 8392
177 145 8887
145 167 5552
167 73 -3452
73 37 -9348
37 209 4329
209 281 5464
281 324 -6119
324 287 -3719
287 121 -8543
121 200 8124
200 239 1640
239 83 2623
83 280 -2634
280 105 -2742
105 96 -1068
96 65 1270
65 337 3260
337 250 7415
250 240 -3664
240 264 -4105
264 92 -9127
92 84 7329
84 186 6515
186 66 -626
66 192 1080
192 278 275
278 182 -9366
182 185 8223
185 21 -2270
21 70 -8183
70 93 915
93 286 2215
286 202 6441
202 196 -4875
196 107 -3545
107 109 -4317
109 35 -1978
35 112 -5567
112 77 -3498
77 124 -5193
124 4 6246
4 98 8342
98 138 634
138 276 2632
276 42 1953
42 33 -1380
33 75 -3387
75 295 8746
295 316 -9716
316 300 -2717
300 122 -5220
122 106 -4030
106 2 -1905
2 32 -5790
32 298 -7319
298 5 963
5 23 -5480
23 168 1022
168 234 7531
234 14 -7781
14 155 -4431
155 283 -9459
283 58 -5295
58 232 5715
232 188 -7664
188 71 -1830
71 213 -6777
213 231 -14
231 87 -6738
87 340 7916
340 166 5807
166 201 -9084
201 306 -5061
306 140 -8029
140 284 5107
284 291 6298
291 51 -4720
51 318 5699
318 308 -2502
308 254 5553
254 266 3556
266 265 9076
265 212 8826
212 24 -2121
24 229 3267
229 104 -8664
104 25 6893
25 220 -5173
220 263 1883
263 321 -8865
321 18 -5561
18 194 -475
194 235 -5479
235 26 9416
26 208 3559
208 57 -2090
57 47 1556
47 227 5161
227 244 -9140
244 161 -7503
161 103 4200
103 322 -4960
322 267 -8470
267 297 7433
297 169 -6137
169 120 -5621
120 157 -8388
157 270 -7843
270 199 -1142
199 198 -5083
198 126 -1188
126 257 8210
257 214 7246
214 69 -3214
69 125 -2543
125 74 1792
74 78 -2083
78 86 -451
86 22 2057
22 97 -9552
97 252 -471
252 50 351
50 164 -729
164 271 3524
271 311 4321
311 332 9123
332 79 9790
79 13 55
13 41 1917
41 132 840
132 7 -5601
7 255 -922
255 233 -260
233 207 8359
207 116 -4721
116 174 -3345
174 130 -9519
130 191 -2027
191 328 -2275
328 148 -6023
148 330 -3815
330 147 2283
147 100 9650
100 144 -6219
144 12 5584
12 215 -2396
215 211 -1014
211 53 -6268
53 218 -9979
218 94 -2425
94 133 -4286
133 193 6777
193 10 -5045
10 82 -90
82 95 -3501
95 204 64
204 228 -8847
228 319 998
319 183 7582
183 341 5022
341 20 -5932
20 136 384
136 339 -2872
339 34 4219
34 149 5235
149 119 7239
119 162 -3929
162 139 2494
139 135 -7677
135 221 2827
221 171 9277
171 68 -8617
68 269 1668
269 55 8925
55 80 2053
80 344 -125
344 309 8404
309 40 -4236
40 60 -20
60 190 -5045
190 305 2307
305 36 -9041
36 8 1123
8 346 1614
346 304 -4281
304 49 2556
49 245 8850
245 292 9153
292 62 -4047
62 312 1497
312 237 1294
237 223 692
223 288 9791
288 178 -1223
178 274 -1106
274 313 407
313 114 2483
114 30 1705
30 206 -2438
206 203 -3364
203 45 -5788
45 159 1587
159 118 -6875
118 247 4767
247 44 -8301
44 163 -6142
163 64 -7299
64 113 -9821
113 52 -1631
52 143 -8536
143 16 2496
16 158 -3586
158 225 8415
225 222 -4099
222 59 -2126
59 19 -6696
19 342 7750
342 123 -2999
123 61 7308
61 261 -5040
261 241 3337
241 260 -573
260 141 -5609
141 153 1024
153 91 2631
91 275 -5798
275 179 -4967
179 277 -8478
277 345 -4731
345 314 1365
314 85 -6417
85 336 -8685
336 134 -5125
134 38 4566
38 296 -2852
296 315 375
315 236 -8114
236 111 1220
111 216 -9855
216 170 1693
170 11 -1793
11 242 873
242 303 686
303 205 -5084
205 230 -3263
230 90 -6279
90 258 -4265
258 54 -6498
54 88 -8496
88 28 -1004
28 131 -3350
131 137 -3116
137 81 7137
81 108 1486
108 323 -1184
323 310 523
310 6 -2732
6 294 -883
294 76 -5325
76 335 -8859
335 317 -8943
317 331 -6286
331 251 2607
251 325 4842
325 129 338
129 43 1884
43 29 -4213
29 17 -311
17 195 9821
195 175 -5271
175 320 -6886
320 217 -6342
217 262 1782
262 299 7199
299 173 -1347
173 176 8038
176 268 -7886
268 3 -1910
3 115 1883
115 226 -5591
226 181 -8658
181 27 7494
27 256 -4556
256 9 182
9 307 -9599
307 279 1184
279 156 7314
156 187 7003
187 259 -8785
259 152 -3592
152 63 7969
63 150 9767
150 189 -704
189 99 -8630
99 238 2209
238 248 -3926
248 160 2224
160 333 -371
333 48 -6566
48 142 2812
142 15 -8760
15 327 8762
327 224 -7793
224 165 -3071
165 101 -9746
101 89 -3151
89 154 7061
154 343 -790
343 282 8600
282 326 7801
326 329 2598
329 249 1535
249 246 -6618
246 184 -9817
184 102 4977
102 197 -1892
197 334 -7375
334 180 8226
180 56 1109
56 289 8826
289 347 2046
1 157 -2162
157 280 2550
280 167 55
167 100 -4453
100 94 -7803
94 132 -1584
132 61 -8569
61 329 -6770
329 202 1349
202 114 2538
114 45 -1715
45 145 -2208
145 308 7333
308 15 909
15 189 -9634
189 27 4256
27 178 -6267
178 58 -5560
58 96 -1349
96 243 -6751
243 101 -5151
101 125 -7625
125 281 6432
281 152 1592
152 237 -9049
237 188 4869
188 211 -482
211 251 -7802
251 287 -5787
287 66 7344
66 26 -1045
26 325 -7464
325 82 4198
82 330 524
330 297 -9448
297 279 -3637
279 163 5503
163 16 2603
16 123 -2429
123 261 8628
261 226 9028
226 344 -9797
344 276 -6546
276 247 -9633
247 31 -3263
31 149 -3088
149 24 8176
24 267 9045
267 158 3654
158 253 -1180
253 255 811
255 21 -2492
21 311 -6398
311 217 -1572
217 242 -2114
242 300 -6150
300 192 723
192 184 -6227
184 68 -4357
68 113 -2735
113 313 9437
313 105 1983
105 201 -9125
201 215 -4430
215 142 -7878
142 121 -80
121 291 -4943
291 59 7571
59 90 -7920
90 338 -6372
338 64 -5700
64 40 642
40 141 -2135
141 36 -2020
36 159 -319
159 260 -5657
260 216 -6881
216 275 3340
275 337 2329
337 264 -1883
264 262 4630
262 179 5553
179 199 -25
199 98 -7422
98 108 8463
108 67 3291
67 83 876
83 304 -5176
304 112 8378
112 160 328
160 221 -2306
221 116 -8694
116 305 -6357
305 162 3210
162 39 -6953
39 5 8874
5 103 -2767
103 246 -1783
246 29 -8982
29 136 -518
136 151 9187
151 70 2379
70 19 -4549
19 69 -190
69 250 603
250 225 -2477
225 85 815
85 301 834
301 37 -1432
37 231 -5112
231 48 2465
48 198 -328
198 89 1950
89 177 -264
177 306 119
306 102 -8668
102 283 9009
283 28 -4643
28 120 -7116
120 213 4106
213 76 -5598
76 92 -7042
92 307 -5872
307 180 9912
180 144 -9607
144 206 -391
206 288 677
288 7 -4983
7 2 -5517
2 41 -4640
41 91 -9365
91 72 7529
72 200 -8514
200 57 289
57 187 -3386
187 220 -3526
220 248 -8989
248 326 -4278
326 285 9918
285 109 534
109 25 -189
25 147 6797
147 3 3824
3 55 8950
55 161 1926
161 74 -9376
74 146 -3869
146 17 -1006
17 258 -5009
258 244 1865
244 277 -8547
277 252 -8278
252 80 -1388
80 205 -2984
205 154 2615
154 49 2725
49 316 -4884
316 228 7541
228 299 -3730
299 222 3607
222 124 1546
124 208 -4549
208 138 9788
138 117 -504
117 133 3817
133 292 -667
292 78 -8249
78 126 -1357
126 269 -3352
269 324 3625
324 289 2039
289 38 332
38 73 985
73 56 2082
56 302 14
302 266 -8378
266 137 -8107
137 341 -2830
341 4 4883
4 339 -1324
339 12 -1966
12 238 -7705
238 245 -273
245 110 -5266
110 229 -9225
229 223 -3523
223 263 -9956
263 219 -2729
219 270 654
270 322 2213
322 256 -6533
256 14 7452
14 135 9883
135 71 -6011
71 185 805
185 196 -4481
196 254 -9875
254 290 -2433
290 334 -6812
334 218 -5867
218 317 563
317 165 1974
165 323 3139
323 303 -6068
303 122 -9135
122 209 2607
209 210 -829
210 139 -6830
139 284 7443
284 272 2485
272 342 -305
342 340 5842
340 286 -7295
286 50 7743
50 333 -4622
333 119 6176
119 274 -13
274 20 -3915
20 86 -7480
86 173 -1033
173 235 -1049
235 60 -623
60 115 5971
115 331 864
331 314 4753
314 278 -5533
278 298 5231
298 13 -842
13 44 -8238
44 282 -6408
282 271 551
271 183 6728
183 30 -7636
30 259 -4325
259 9 6697
9 318 -7074
318 193 8404
193 11 -7524
11 181 7799
181 294 -3264
294 197 -2039
197 84 -623
84 320 -9664
320 155 1076
155 130 -91
130 240 -2918
240 203 -7249
203 268 7814
268 233 -3630
233 77 -6327
77 312 2594
312 88 -7188
88 106 -9570
106 47 2562
47 327 -6915
327 33 -342
33 143 -334
143 43 -8225
43 111 -640
111 129 788
129 53 -6977
53 328 -681
328 8 -937
8 212 -3821
212 171 2682
171 18 -672
18 321 -2896
321 319 -5974
319 273 -8342
273 336 -7054
336 62 -1998
62 265 -1959
265 346 -6145
346 35 -7954
35 204 1324
204 293 -2687
293 32 -3739
32 170 -4737
170 97 -6516
97 99 2921
99 153 -7238
153 174 7840
174 295 2033
295 257 7232
257 131 1852
131 93 1374
93 166 -5821
166 81 8388
81 190 1926
190 310 4960
310 186 -2367
186 234 8674
234 195 -8227
195 241 -5564
241 156 -5989
156 6 9279
6 175 -7898
175 249 -8309
249 148 -6494
148 169 -6473
169 42 8858
42 87 1976
87 75 9180
75 176 -9531
176 296 6556
296 230 -7307
230 65 8093
65 51 5378
51 168 4714
168 172 -7753
172 335 -718
335 309 -3728
309 232 -5901
232 343 3042
343 194 -3713
194 134 4697
134 191 -2615
191 207 5968
207 164 -5780
164 127 340
127 239 1558
239 54 -4466
54 128 -5221
128 182 3433
182 236 -5645
236 227 -9752
227 95 9053
95 23 -3980
23 345 -1161
345 22 -6010
22 10 5958
10 34 -1617
34 140 -7123
140 214 1910
214 315 -898
315 150 -5557
150 224 -4247
224 79 -7859
79 118 825
118 107 1215
107 63 -8836
63 104 -3160
104 52 -2551
52 46 -4155
46 332 806
332 347 -1032
1 48 -3383
48 82 1883
82 31 -1121
31 3 -4615
3 209 -1685
209 341 -4348
341 175 5248
175 110 -5948
110 228 2302
228 128 7184
128 140 -5908
140 239 3119
239 42 -8210
42 304 -5649
304 211 -2460
211 234 -3575
234 57 -5187
57 210 6312
210 87 8993
87 277 -3565
277 243 827
243 186 -1153
186 342 -4306
342 268 8545
268 106 -1961
106 242 -6092
242 206 -3085
206 346 -7933
346 173 -2667
173 148 -148
148 332 2292
332 163 -3643
163 47 -2655
47 340 883
340 320 -7780
320 263 -6700
263 232 -5949
232 271 -4799
271 198 -2668
198 249 -4478
249 185 5588
185 312 1021
312 179 -999
179 236 460
236 258 1999
258 115 6912
115 190 -7411
190 305 -4006
305 238 -6325
238 45 -1508
45 248 -9332
248 216 -7034
216 191 4328
191 215 2108
215 54 -2687
54 219 6625
219 109 -2456
109 286 6477
286 55 1754
55 123 -910
123 275 -8671
275 230 -5122
230 194 2490
194 9 -992
9 103 7536
103 345 -4796
345 326 -9843
326 51 -8717
51 298 8016
298 314 -4607
314 244 3649
244 273 -1419
273 34 -5365
34 323 -2938
323 189 6068
189 4 -4801
4 17 -3120
17 19 -42
19 221 -8376
221 237 7281
237 296 8037
296 193 -563
193 150 -6530
150 53 -6782
53 105 -4193
105 226 -2752
226 111 3554
111 165 1145
165 261 9584
261 255 8647
255 132 1731
132 225 8891
225 187 9024
187 272 -2375
272 20 1830
20 98 -6074
98 58 -6017
58 287 -1802
287 328 8059
328 72 -3043
72 205 -5095
205 75 2027
75 124 -5008
124 276 -9883
276 141 -1332
141 265 -2478
265 284 6212
284 330 6607
330 253 -7658
253 183 -6056
183 321 -9601
321 333 -8776
333 181 3283
181 152 -2653
152 259 992
259 307 -3699
307 223 2277
223 316 -6893
316 67 -3912
67 176 2515
176 41 -3340
41 91 -4441
91 202 6837
202 92 -5851
92 100 -3271
100 302 -4796
302 344 3329
344 311 -3585
311 170 -1035
170 25 -7086
25 343 -2260
343 127 -773
127 125 6823
125 113 -5784
113 77 -3321
77 63 -8710
63 84 6238
84 70 -3991
70 26 -5965
26 240 -922
240 93 8940
93 12 942
12 102 -2503
102 178 -9739
178 61 -8644
61 64 -8186
64 274 6043
274 107 -784
107 22 8165
22 172 6299
172 306 -5046
306 68 -8427
68 50 2302
50 231 -7945
231 252 -3718
252 94 -1799
94 168 -3531
168 264 -6425
264 217 -6093
217 315 4978
315 2 -8677
2 118 -673
118 23 234
23 203 -2347
203 313 -6718
313 38 -8386
38 196 -2065
196 134 -6309
134 260 1386
260 35 -9708
35 309 584
309 192 -3414
192 229 -8136
229 14 -4735
14 88 -130
88 13 -2735
13 151 -2008
151 334 -9569
334 33 -9355
33 254 -3149
254 279 8069
279 11 -7710
11 300 -5278
300 104 -5496
104 167 -3402
167 282 -97
282 294 5721
294 89 3968
89 112 2139
112 257 6475
257 121 -4987
121 188 -2071
188 59 920
59 233 -3963
233 318 -8677
318 99 2451
99 310 1201
310 130 -41
130 222 9745
222 293 1490
293 135 -3592
135 32 601
32 212 -8342
212 269 996
269 153 -3518
153 5 -9929
5 283 -1003
283 43 4916
43 157 -1120
157 126 -7819
126 295 -6728
295 30 -3554
30 117 8461
117 46 -5681
46 327 -6137
327 290 2387
290 291 -7645
291 39 -507
39 262 -7206
262 161 -513
161 171 -7724
171 213 8183
213 24 -6307
24 331 4010
331 319 341
319 15 2413
15 297 -2295
297 220 5116
220 174 9373
174 80 -7237
80 199 -5773
199 96 3749
96 247 -4305
247 317 4099
317 44 3971
44 85 -7940
85 224 -9965
224 49 -6469
49 180 -5272
180 95 9093
95 182 -5428
182 246 208
246 338 7147
338 289 4824
289 138 -6778
138 184 8939
184 6 -1855
6 195 576
195 71 8942
71 200 -8013
200 7 4357
7 166 -9311
166 324 -4409
324 56 -941
56 278 -4635
278 299 -994
299 83 1498
83 144 -3554
144 288 -4709
288 251 -6662
251 227 -6003
227 133 9616
133 160 -897
160 250 2109
250 129 823
129 336 2103
336 177 8986
177 280 -3655
280 137 4403
137 159 5426
159 325 5278
325 65 7182
65 337 -4429
337 158 7352
158 40 -3595
40 74 -7766
74 16 -9128
16 27 6013
27 162 -1064
162 62 1461
62 66 -6017
66 245 4400
245 73 -9054
73 308 3085
308 78 -7331
78 28 7240
28 322 -7261
322 81 -5331
81 76 -8210
76 155 -6944
155 131 -5256
131 154 7155
154 146 -4086
146 90 -9344
90 292 -6149
292 169 1410
169 201 5466
201 21 5631
21 145 1847
145 36 3845
36 8 1641
8 214 550
214 281 3392
281 119 -1931
119 207 -1058
207 303 -3850
303 339 -5600
339 120 -4259
120 301 7338
301 204 -4051
204 335 -5100
335 69 -4901
69 149 1661
149 266 -1019
266 18 -7687
18 218 -7158
218 79 -5731
79 29 -291
29 241 -3103
241 116 4254
116 164 -2054
164 10 -3140
10 122 -9590
122 108 6192
108 156 -1093
156 37 -3437
37 329 -2607
329 256 7995
256 114 -1219
114 270 2626
270 97 -318
97 52 -8634
52 235 8446
235 208 -5762
208 139 180
139 285 -3389
285 142 -9995
142 267 6066
267 86 2003
86 136 -4170
136 147 -6812
147 101 -4765
101 347 1373
1 308 -8172
308 314 9036
314 85 -305
85 310 1879
310 140 2812
140 199 7879
199 323 8519
323 67 3919
67 249 5899
249 263 -6928
263 111 2885
111 36 -5113
36 95 789
95 39 -3682
39 125 -8777
125 251 -1349
251 299 -5871
299 317 -7493
317 138 -6035
138 202 -5005
202 218 -6691
218 236 -9091
236 214 -6154
214 331 -4624
331 182 546
182 273 -2089
273 100 8165
100 152 -8955
152 241 8122
241 210 6832
210 170 3226
170 30 1960
30 179 -1904
179 195 -3019
195 272 1918
272 21 -9560
21 320 -9241
320 32 4266
32 72 4239
72 285 -9056
285 264 8093
264 282 454
282 144 -5699
144 164 9741
164 231 -2160
231 114 1664
114 228 2100
228 99 3261
99 101 -7518
101 68 -2779
68 57 1275
57 269 -6807
269 298 -7431
298 229 -3476
229 302 -3780
302 271 -9499
271 74 -7445
74 118 -6485
118 252 -1914
252 49 9813
49 232 -3144
232 133 1322
133 246 -2065
246 45 -7646
45 293 -3368
293 328 7288
328 318 -3843
318 180 109
180 234 -6697
234 4 6942
4 150 -9145
150 324 -158
324 44 1437
44 204 2833
204 289 -777
289 284 -4175
284 245 -8941
245 73 -9364
73 86 5715
86 142 9882
142 292 -957
292 12 6109
12 117 8412
117 327 7623
327 279 -9537
279 186 2110
186 129 8919
129 69 -4994
69 13 2597
13 127 -5209
127 155 2731
155 261 5782
261 197 -8446
197 268 3074
268 40 3881
40 5 586
5 89 -7468
89 238 1792
238 305 -3822
305 206 -2227
206 174 -332
174 313 -3574
313 77 -3306
77 188 -2787
188 55 6644
55 322 -4807
322 222 -6343
222 92 -2854
92 137 9381
137 237 -9846
237 283 3963
283 243 2713
243 154 -7203
154 291 8269
291 265 -9256
265 157 -5164
157 128 -3401
128 189 3645
189 296 -4403
296 248 -6652
248 42 7194
42 52 -6859
52 339 -9444
339 171 3474
171 332 -7617
332 23 9152
23 87 1906
87 79 -438
79 259 9741
259 168 -3150
168 207 -1049
207 135 4113
135 22 3239
22 28 -4779
28 326 741
326 151 -9096
151 130 3273
130 219 -7417
219 113 4044
113 178 -1263
178 158 -6865
158 254 -3646
254 20 -3370
20 149 -3870
149 43 4343
43 50 -1605
50 76 -9321
76 25 -360
25 295 -6329
295 103 -2608
103 104 -2201
104 213 -7074
213 54 -9358
54 239 28
239 262 9827
262 96 8430
96 66 -9097
66 88 7532
88 6 -7568
6 345 5127
345 184 -7254
184 120 -7273
120 307 1250
307 38 -6400
38 115 -136
115 277 2281
277 98 1564
98 177 2332
177 33 -1339
33 16 -6047
16 286 3864
286 160 -6114
160 108 -7656
108 312 7356
312 346 3082
346 215 1918
215 132 4825
132 7 -8751
7 253 1056
253 187 7869
187 311 -391
311 15 -2241
15 290 -8883
290 211 -6987
211 287 -3917
287 191 -1949
191 338 -6298
338 190 -5547
190 9 2834
9 94 8175
94 301 -7924
301 255 -7764
255 71 6580
71 141 -3017
141 75 3052
75 342 -3805
342 145 9549
145 59 -6995
59 205 -4381
205 226 -4144
226 335 -6546
335 208 16
208 258 2565
258 304 -4792
304 11 -504
11 123 -7808
123 242 -6656
242 159 -1803
159 34 5932
34 134 -42
134 107 -3780
107 316 -856
316 62 2036
62 247 1138
247 131 103
131 166 4753
166 288 -5561
288 329 9876
329 223 7918
223 221 1901
221 266 -871
266 300 -2513
300 340 4270
340 294 -6753
294 169 2353
169 334 -9990
334 112 5836
112 319 -4350
319 192 -3536
192 260 -2455
260 109 -1055
109 139 477
139 161 1615
161 256 9852
256 102 -8901
102 81 -7496
81 165 -1529
165 97 7415
97 93 2560
93 64 -8434
64 143 -7338
143 275 4946
275 18 -2444
18 330 -5884
330 196 -5567
196 27 5905
27 41 3356
41 344 2233
344 193 -2827
193 58 -1770
58 341 8643
341 280 6622
280 278 9363
278 200 3861
200 337 -2434
337 156 -2072
156 315 6188
315 63 -9431
63 172 -180
172 110 -3260
110 116 8
116 3 4197
3 37 -8992
37 220 9834
220 119 -2355
119 216 8142
216 84 -3615
84 212 437
212 270 -2690
270 19 487
19 48 -79
48 153 498
153 343 -9438
343 8 -2228
8 306 9645
306 325 8919
325 53 -8953
53 122 -5884
122 60 -2635
60 333 -8586
333 201 1830
201 336 -3023
336 233 6317
233 183 -1743
183 167 -1656
167 56 -631
56 303 -7133
303 147 688
147 124 -4182
124 230 -8054
230 173 -3278
173 83 -7503
83 203 5437
203 121 1545
121 162 -1914
162 65 2208
65 185 -3406
185 136 -372
136 31 -7616
31 146 -3608
146 267 -7948
267 26 8089
26 217 3581
217 181 2568
181 51 -1515
51 35 4526
35 80 5810
80 240 6249
240 321 -2482
321 227 -2957
227 61 -3494
61 90 8431
90 274 -6271
274 148 -5491
148 194 116
194 276 -5298
276 24 2273
24 78 -1932
78 14 -5498
14 29 575
29 209 -8779
209 198 -8665
198 70 -3001
70 176 -4717
176 297 6008
297 105 -3682
105 2 -8420
2 244 6055
244 225 -411
225 163 -5344
163 82 3489
82 257 -1224
257 175 4593
175 250 1654
250 47 -1494
47 224 -1703
224 281 1369
281 91 2431
91 46 -6358
46 10 -2941
10 17 -9122
17 106 -4826
106 347 1971
242 200 -56
200 42 -8051
42 201 8982
201 255 69
255 199 -566
199 123 -1099
123 238 -4271
238 263 -9519
263 214 -5433
214 209 5359
209 215 4459
215 312 3407
312 102 -8436
102 136 3401
136 146 -733
146 189 238
189 288 341
288 330 3355
330 47 -3609
47 217 6999
217 32 1784
32 112 -524
112 105 2101
105 56 5217
56 71 -1787
71 275 -7980
275 308 1440
308 245 -1729
245 122 4972
122 180 1660
180 337 4822
337 227 -4
227 231 -1665
231 173 -7998
173 329 -8865
329 22 5609
22 90 1050
90 3 2601
3 60 -536
60 216 -1482
216 145 -3136
145 125 -5903
125 30 -9344
30 229 -6464
229 264 3496
264 39 -9077
39 319 7010
319 252 -4854
252 324 -5512
324 298 -2769
298 63 3189
63 223 -8657
223 132 -9520
132 95 -3439
95 210 6897
210 233 -1258
233 36 -7510
36 147 6706
147 21 1987
21 164 -3545
164 65 3264
65 241 5747
241 261 -6222
261 272 1918
272 285 5007
285 72 -1329
72 305 -6013
305 306 -7042
306 13 -7237
13 43 1769
43 17 -1382
17 44 1607
44 297 1140
297 7 -6204
7 251 -8862
251 116 -4086
116 134 9975
134 182 6450
182 219 4719
219 175 -5636
175 277 311
277 68 -1137
68 28 -3326
28 172 -3606
172 127 -1411
127 294 -3666
294 16 -2996
16 40 8973
40 104 -6803
104 150 6932
150 59 2486
59 247 -4322
247 185 -9780
185 81 -412
81 195 705
195 52 -4533
52 141 9119
141 101 -5637
101 55 -1494
55 84 -5366
84 107 5206
107 57 381
57 250 -6704
250 327 -3443
327 124 -5911
124 202 9168
202 49 -39
49 143 3798
143 335 6657
335 69 -8793
69 286 2449
286 248 -4083
248 58 858
58 168 -3775
168 253 -587
253 213 -8431
213 26 6055
26 142 -1772
142 323 7855
323 108 3340
108 304 -8233
304 162 -6173
162 4 515
4 287 -3063
287 51 -7273
51 228 -3752
228 249 -5399
249 148 -5398
148 307 -6856
307 289 1550
289 271 -5605
271 118 2485
118 257 -5134
257 93 -6674
93 268 -5742
268 152 3119
152 45 4649
45 303 4988
303 266 -83
266 64 -8532
64 345 -1105
345 186 -9901
186 35 -4622
35 86 773
86 226 -1974
226 184 -2641
184 320 1015
320 311 -5461
311 196 4215
196 243 -7415
243 83 -5534
83 206 -6085
206 75 175
75 232 -5880
232 167 9616
167 181 -4973
181 166 1833
166 187 -1995
187 135 -3180
135 237 8996
237 301 -1599
301 236 -6160
236 87 -7136
87 169 5544
169 205 7928
205 343 -2526
343 70 -8152
70 126 -1546
126 41 603
41 234 4402
234 295 -4699
295 302 -5773
302 331 3432
331 62 -4452
62 328 -1736
328 53 3467
53 37 -5746
37 153 -2401
153 344 -5712
344 15 2305
15 161 -5900
161 138 -9962
138 5 -4723
5 317 4643
317 89 3709
89 338 -5399
338 322 -7931
322 218 -8702
218 66 5515
66 144 -3643
144 281 -6168
281 91 -5344
91 194 -4318
194 74 -631
74 190 -6145
190 140 -2293
140 149 270
149 340 6146
340 310 8762
310 197 -1175
197 291 -9720
291 163 -9382
163 121 -8086
121 170 8404
170 46 -7756
46 336 5356
336 11 9292
11 25 7016
25 160 -7474
160 208 -3813
208 78 6311
78 339 -5414
339 9 6439
9 283 -7869
283 103 2776
103 24 2412
24 346 -6262
346 2 7664
2 282 -8340
282 99 -2946
99 12 1444
12 183 6478
183 10 -8307
10 171 -2233
171 212 -7069
212 165 -2591
165 100 6049
100 326 2821
326 270 4702
270 137 1878
137 258 -1648
258 300 -9327
300 131 2550
131 110 5210
110 314 -1244
314 259 -8650
259 315 -4068
315 48 -2391
48 207 -6539
207 225 -6461
225 34 -5325
34 240 -343
240 94 134
94 230 -2337
230 222 3350
222 342 2393
342 235 -7126
235 151 445
151 220 2173
220 14 5764
14 211 908
211 114 -4304
114 284 -1316
284 113 -1702
113 325 -7347
325 33 9153
33 265 7565
265 290 7296
290 157 -370
157 77 4062
77 279 -1808
279 246 -9113
246 334 -6447
334 27 -2155
27 177 6831
177 67 -2949
67 333 -8133
333 117 -5790
117 198 327
198 224 1309
224 178 -6339
178 174 2565
174 54 -7996
54 128 147
128 98 7539
98 115 6072
115 260 9419
260 79 -4738
79 50 -6164
50 276 447
276 20 1470
20 38 -276
38 267 -6164
267 191 576
191 221 -5700
221 31 -1808
31 309 238
309 76 -2955
76 332 -4153
332 176 1199
176 293 -6482
293 203 96
203 278 170
278 92 -325
92 269 5190
269 192 -3938
192 204 -8613
204 316 613
316 156 -3977
156 318 -3617
318 18 2653
18 85 -5329
85 256 -2102
256 88 -1738
88 8 -7031
8 82 -2912
82 280 -5417
280 274 -4628
274 73 -6610
73 321 -7301
321 133 -953
133 29 -2311
29 19 -8138
19 313 7666
313 341 -6795
341 96 -2859
96 109 -8789
109 188 1751
188 61 -5830
61 239 7084
239 299 7354
299 120 -8652
120 273 8137
273 292 3377
292 159 8694
159 179 -7108
179 158 9207
158 119 -1548
119 154 -511
154 23 3201
23 130 -801
130 97 -7242
97 254 9831
254 193 -9338
193 111 6534
111 262 2204
262 296 -4501
296 244 -6184
244 129 -3942
129 139 2147
139 155 933
155 6 345
6 106 1472
106 80 -9612
31 295 9986
295 170 -2564
170 192 2490
192 29 -3988
29 43 -5210
43 136 -4902
136 81 -8475
81 119 -4647
119 186 -560
186 65 -7834
65 277 -8155
277 61 -5422
61 126 -5637
126 70 -2625
70 344 1259
344 229 -7277
229 151 -5787
151 240 -8739
240 321 -4932
321 16 954
16 58 -5952
58 336 -9128
336 160 -6458
160 48 -4466
48 85 -8053
85 293 -2683
293 286 -4332
286 73 -5088
73 25 -1119
25 82 -5342
82 97 -4927
97 45 -5424
45 183 -8976
183 322 9269
322 196 3530
196 265 -1741
265 299 -9587
299 187 -5329
187 153 3047
153 333 -8461
333 38 -250
38 236 9751
236 287 -7621
287 176 1080
176 51 7095
51 261 6853
261 191 1289
191 219 -5978
219 276 7489
276 163 171
163 77 106
77 166 -1721
166 218 1080
218 327 -6469
327 188 -1220
188 332 1642
332 308 2044
308 284 -3739
284 125 -7267
125 266 2315
266 214 6795
214 318 -3553
318 121 -7719
121 168 -8618
168 76 -5484
76 315 7947
315 106 7392
106 133 7494
133 225 -1297
225 104 -8045
104 157 -6948
157 179 -2573
179 208 -7892
208 338 -6280
338 28 4481
28 66 -8660
66 80 4233
80 215 1611
215 74 -4475
74 319 2560
319 298 -1593
298 94 -5765
94 313 -1166
313 130 1539
130 291 -897
291 33 8337
33 105 -3942
105 23 -8273
23 100 -5615
100 39 -6823
39 242 75
242 331 -2167
331 282 -930
282 47 -6942
47 40 8099
40 204 998
204 30 1335
30 216 -3098
216 152 6437
152 27 -5170
27 259 -5484
259 140 8430
140 88 -7476
88 177 -2816
177 210 8362
210 142 -1584
142 294 4384
294 110 -682
110 271 4855
271 150 -7397
150 206 -7929
206 203 2217
203 122 -9249
122 317 1365
317 24 6782
24 91 -2568
258 116 -5865
116 170 -14
170 52 -4488
52 147 -5099
147 158 -7614
158 88 8700
88 76 -4135
76 154 -2668
154 227 -8318
227 236 5864
236 332 7538
332 330 -9197
330 338 -8153
338 244 -7720
244 345 6285
345 295 1028
295 49 6409
49 196 -3538
196 60 4561
60 89 1957
89 231 -2782
231 73 2355
73 218 -9228
218 283 2338
283 110 -5350
110 70 -1446
70 118 1872
118 115 -8197
115 63 6403
63 304 8577
304 25 -2919
25 282 7432
282 40 -1498
40 197 -1064
197 167 6253
167 132 2331
132 281 -4643
281 135 -3930
135 18 9165
18 316 -5403
316 7 -1341
7 285 1192
285 341 -3700
341 102 -6437
102 82 4265
82 168 -326
168 21 1861
21 159 -3046
159 114 -4373
114 129 -453
129 61 850
61 41 -3255
41 27 -8798
27 292 6348
292 163 -3718
163 153 -5410
153 263 3515
263 344 -5094
344 230 7498
230 185 323
185 172 6504
172 327 -2404
327 305 -6232
305 67 378
67 271 -9931
271 35 -8641
35 315 1988
315 291 -1441
291 68 5693
68 235 8992
235 119 -6065
119 146 -9075
146 103 -4738
103 318 2105
318 151 -624
151 72 164
72 275 971
275 209 -2592
209 241 -1483
241 247 586
247 9 -479
9 136 5228
136 182 -8377
182 308 5103
308 191 -4900
191 326 -9574
326 226 -7934
226 200 -2795
200 97 -566
97 203 -7729
203 288 5251
288 54 5263
54 251 -4448
251 290 -9314
290 298 1666
298 194 2185
194 300 -3060
300 228 -564
228 51 6050
51 75 73
75 269 7659
269 85 4563
85 152 5383
152 45 7189
45 221 3227
221 6 -2876
6 201 -601
201 250 5365
250 234 5876
234 213 7472
213 216 -1532
216 249 6234
249 223 1651
223 94 -1751
94 192 -7463
192 267 -6208
267 11 2359
11 242 -3100
242 155 -6157
155 143 2287
143 100 8751
100 105 -1886
105 20 6466
20 289 -4728
289 180 -9741
180 47 -3025
47 312 1584
312 214 -3522
214 117 -1869
117 160 -3990
160 268 -6351
268 58 -8862
58 22 -8883
22 212 8615
212 28 1436
28 3 -508
3 127 739
127 145 -5647
145 134 1945
134 101 -9993
101 337 2955
337 142 596
142 287 -2277
287 311 -395
311 266 9257
266 177 -5990
177 92 3888
92 29 -2654
29 301 -7974
301 272 -4877
272 334 -7178
334 12 -8363
12 183 1490
183 299 6715
299 36 -112
36 42 -2156
42 19 -5367
19 156 1559
156 195 -806
195 84 2112
84 140 178
140 173 6272
173 46 -9831
46 277 2097
277 37 4300
37 23 -4285
23 111 6583
111 217 -4669
217 166 2428
166 207 -1912
207 13 6157
13 149 2705
149 240 1786
240 265 -3758
265 43 545
43 225 8864
225 202 -2901
202 215 -5274
215 274 -9389
274 307 3616
307 10 -4017
10 261 4879
261 317 8467
317 90 -8786
90 222 2428
222 87 -4223
87 56 6133
56 309 2717
309 32 -1717
32 273 -1731
273 336 -2649
336 321 -8969
321 320 -5007
320 108 7765
108 157 5634
157 328 -1697
328 278 2737
278 169 9169
169 229 -6433
229 259 -8104
259 122 -7857
122 74 -6096
74 199 -340
199 179 -7381
179 165 4776
165 323 -4621
323 296 6687
296 50 -6427
50 324 -9151
324 4 -1194
4 339 -4949
339 175 6527
175 248 -1059
248 2 -7008
2 133 6801
133 256 2211
256 113 -5517
113 64 -4642
64 120 8760
120 325 -8757
325 190 9183
190 343 7979
343 187 -8993
187 104 3179
104 144 7544
144 178 -4078
178 14 1939
14 276 -3278
276 131 -5214
131 208 -6217
208 148 -3843
148 59 8845
59 239 1253
239 246 -9197
246 162 -3587
162 71 -5010
71 5 7165
5 257 -6754
257 333 -4771
333 15 8523
15 286 -1837
286 137 5938
137 224 4191
224 150 7785
150 313 -7092
313 210 -4978
210 237 2104
237 125 4442
125 39 -6367
39 98 632
98 26 -9567
26 161 5317
161 188 2607
188 322 1991
322 297 -9396
297 65 2661
65 138 943
138 95 -1473
95 112 -8844
112 48 2100
48 174 7176
174 109 -4130
109 331 9144
331 16 -8310
16 270 -6268
270 96 -9865
96 38 553
38 245 -1632
245 33 -2975
33 233 -4483
233 211 -6494
211 302 7130
302 80 -4087
80 123 -7998
123 44 -4808
44 284 2405
284 139 6564
139 254 -4736
254 262 2449
262 189 189
189 78 1228
78 164 -6408
164 342 -3238
342 346 -5389
346 81 6657
81 205 -1350
205 184 372
184 310 -9492
310 124 7518
124 232 8484
232 279 2766
279 335 -5811
335 306 -532
306 314 -2290
314 303 1113
303 171 -6059
171 34 -6155
34 79 -1627
79 329 -6376
329 106 -916
106 260 796
260 30 2134
30 181 9878
181 121 5275
121 17 -2581
17 253 -306
253 24 4317
24 130 -1284
130 93 -9651
93 55 -6017
55 204 -1372
204 193 3124
193 280 605
280 255 5190
255 219 -7544
219 319 2109
319 31 575
31 128 -501
128 252 7263
252 86 -8087
86 99 -5650
99 264 -3415
264 126 -1879
126 198 9891
198 91 -1483
91 77 3086
77 176 -3865
176 294 504
294 53 9537
53 220 -5659
220 69 1809
69 141 -457
141 293 -554
293 238 -5454
238 243 962
243 340 -4235
340 83 5218
83 62 2366
62 57 -9225
68 25 -1873
25 283 356
283 110 -9674
110 216 7298
216 135 -571
135 257 -6795
257 42 3212
42 137 -4416
244 170 -2837
244 74 -7689
74 20 2937
20 135 4398
135 126 -4431
126 273 -1708
273 170 -7047
119 74 8518
119 66 -8549
66 304 -6997
304 314 -8672
314 183 -4287
183 84 -4500
84 175 6609
175 156 6976
156 74 3723
302 243 -4507
302 236 -4597
236 35 5735
35 24 -8683
24 318 7705
318 308 2644
308 103 -8610
103 85 3679
85 21 2732
21 101 3531
101 317 -2418
317 309 9808
309 287 5815
287 150 -272
150 227 -758
227 332 -2305
332 46 8867
46 20 -4707
20 138 5041
138 228 -1445
228 176 -7242
176 269 9836
269 327 8008
327 238 -1589
238 108 45
108 187 -4710
187 314 -8824
314 4 2065
4 202 -3477
202 276 -6133
276 209 3795
209 239 1108
239 343 -6991
343 151 2126
151 100 2605
100 233 3358
233 248 -1041
248 273 4610
273 83 3049
83 153 -317
153 131 1465
131 121 3769
121 9 9409
9 91 -4221
91 56 -1347
56 261 -7876
261 333 1514
333 189 -238
189 76 3156
76 15 -4913
15 10 6983
10 330 9750
330 13 -3785
13 54 663
54 159 5597
159 315 -6448
315 26 -3883
26 280 -2439
280 296 -1401
296 294 -3841
294 291 258
291 63 548
63 29 2282
29 304 -4383
304 293 1170
293 107 6706
107 152 3756
152 22 -7620
22 110 -8506
110 260 9451
260 289 -1311
289 78 -8548
78 342 -6395
342 241 2123
241 30 -2138
30 301 -6147
301 190 -3089
190 68 -315
68 266 178
266 195 1452
195 340 -594
340 282 -728
282 285 8777
285 77 -1079
77 160 -5170
160 165 -8479
165 223 -7437
223 231 3216
231 43 655
43 220 2176
220 31 -4243
31 96 3512
96 49 -2727
49 99 4831
99 320 -6050
320 79 7098
79 57 -9425
57 252 1
252 81 -9652
81 25 -9674
25 345 -4026
345 109 -6632
109 69 -7633
69 171 5011
171 133 5432
133 306 -1430
306 337 1831
337 119 -1049
119 168 7412
168 62 2900
62 240 7498
240 27 6934
27 102 -6695
102 58 -9329
58 163 769
163 344 8765
344 322 -5757
322 194 -2926
194 267 339
267 193 -7631
193 262 1412
262 251 -5928
251 205 1570
205 61 -1053
61 64 5751
64 155 9284
155 328 -7947
328 70 2279
70 199 2001
199 338 -6590
338 170 1909
170 44 -2122
44 48 -8680
48 164 -4976
164 210 1820
210 222 -2959
222 97 6169
97 323 -2531
323 132 -8662
132 115 5798
115 60 -1995
60 93 6416
93 16 -7814
16 128 -7272
128 179 -2052
179 232 9260
232 37 -6635
37 87 5178
87 23 6653
23 52 1683
52 271 -1498
271 278 -8900
278 303 3547
303 346 -6808
346 135 -1138
135 186 -6743
186 341 -9564
341 272 -6598
272 181 760
181 174 -6992
174 141 863
141 140 6110
140 235 5263
235 257 -1086
257 161 -9756
161 72 -2757
72 74 -466
74 188 -8965
188 201 -3087
201 8 -7348
8 290 -9063
290 226 -7675
226 250 -2439
250 3 -8190
3 246 -7829
246 307 6009
307 207 -8929
207 212 -8280
212 7 -4657
7 55 8328
55 144 5284
144 73 -6133
73 94 -8622
94 215 -5383
215 217 -3139
217 255 5561
255 166 -7783
166 53 -2957
53 268 -2903
268 33 -6391
33 175 -8241
175 34 -9283
34 208 -2782
208 123 -3876
123 142 -7166
142 203 -8413
203 213 6481
213 218 -5758
218 112 -5553
112 98 6684
98 313 8935
313 183 -3200
183 124 9082
124 59 -2037
59 65 -4023
65 5 3120
5 184 -5405
184 288 771
288 321 -4949
321 229 -886
229 249 -4458
249 329 -5650
329 277 -8383
277 258 -2622
258 197 -1951
197 300 -3985
300 334 1330
334 297 -9486
297 254 2891
254 51 -8666
51 242 -242
242 80 3257
80 40 7651
40 169 -9739
169 106 -1471
106 259 -3516
259 122 -4586
122 177 1089
177 82 2024
82 111 1004
111 339 -826
339 84 -2277
84 336 -7388
336 156 -4096
156 18 -4009
18 173 -9121
173 224 -1363
224 127 -4220
127 312 3051
312 120 1660
120 145 9672
145 305 7514
305 219 -4367
219 149 -6347
149 137 -6308
137 117 -5407
117 113 -9798
113 196 744
196 105 3265
105 45 -4837
45 274 -6100
274 283 -8563
283 200 698
200 126 5395
126 279 -6982
279 247 6081
247 158 -3099
158 206 -8162
206 295 -1676
295 286 -2492
286 12 -111
12 281 -7167
281 180 -6150
180 256 -4225
256 264 -5969
264 136 -3500
136 182 5783
182 298 746
298 47 -9748
47 243 2150
8 176 6305
8 199 -4342
199 176 -7387
185 271 -9409
185 56 -5671
56 258 -6469
258 238 -3687
238 181 -9116
181 170 2558
170 246 5322
246 239 8206
239 263 -2241
263 96 8001
96 312 5770
312 275 -5005
275 193 9915
193 153 -5746
153 26 -9244
26 281 -6911
281 236 -1476
236 44 -2553
44 219 -2366
219 89 9128
89 251 -5436
251 222 6199
222 160 759
160 84 -5887
84 310 5208
310 14 -861
14 18 -609
18 140 -3901
140 209 3007
209 283 2242
283 207 -7033
207 6 -3206
6 315 875
315 278 -3889
278 316 -7056
316 46 -8811
46 110 -8933
110 80 -6692
80 266 7440
266 105 3262
105 272 8383
272 164 4808
164 330 -4870
330 97 -8656
97 59 6430
59 232 1204
232 234 -7265
234 214 -3836
214 53 -5163
53 248 -8429
248 156 -2795
156 143 8588
143 172 -9887
172 235 -8831
235 107 8631
107 339 -9500
339 134 1599
134 344 2134
344 184 6957
184 201 9222
201 42 -8367
42 67 7706
67 304 -1747
304 22 9565
22 336 7556
336 218 -8165
218 5 -3166
5 174 956
174 319 -8560
319 242 -4676
242 230 -4404
230 142 -6097
142 322 -1600
322 300 -3919
300 324 -9592
324 198 -5230
198 13 -5102
13 269 -6808
269 216 5842
216 318 -95
318 167 3617
167 111 -2326
111 271 392
