50
-500.0 -499.7
-491.4 -498.0
-497.3 -493.3
-496.9 -498.4
-496.3 -495.8
-499.2 -495.3
-499.3 -491.6
-499.5 -497.1
-490.9 -496.4
-492.3 -496.8
-493.1 -491.6
-492.9 -497.0
-498.4 -496.8
-495.4 -497.6
-491.8 -497.3
-495.2 -498.6
-491.3 -497.2
-492.3 -490.3
-495.1 -491.2
-491.8 -499.8
-498.6 -498.6
-495.0 -499.8
-494.1 -500.0
-492.3 -493.5
-492.3 -493.0
-494.5 -498.0
-493.2 -494.1
-490.5 -493.6
-490.1 -497.6
-493.3 -497.1
-499.2 -492.3
-495.1 -491.2
-495.0 -494.3
-490.5 -493.2
-496.7 -500.0
-493.0 -490.2
-492.3 -492.6
-498.1 -498.6
-490.9 -492.2
-494.2 -491.4
-493.2 -497.2
-499.1 -493.8
-497.2 -491.3
-498.4 -497.3
-494.6 -490.4
-498.3 -498.5
-497.4 -498.3
-494.3 -495.1
-497.2 -498.5
-494.0 -492.7
