723
1 
107 
9805 
37 
56 
797 
4466 
222 
7884 
65 
96 
28 
89 
3 
18 
1 
63 
8 
575 
8 
7 
88 
6 
3 
174 
6713 
47 
8 
4 
9 
159 
30 
86 
6 
73 
403 
49 
3173 
5 
427 
6 
9 
73 
248 
5 
5663 
398 
40 
88 
5 
1770 
9 
974 
78 
592 
5691 
904 
21 
319 
3384 
899 
41 
7 
12 
98 
22 
4155 
816 
555 
7 
71 
2606 
4 
655 
8150 
91 
77 
6 
3 
3 
4262 
33 
606 
9 
64 
40 
9617 
18 
2693 
6422 
408 
6465 
256 
2699 
632 
7 
4666 
3 
1 
93 
47 
4396 
25 
99 
4138 
917 
3163 
5 
89 
788 
6 
6036 
8271 
6 
94 
5953 
4 
5463 
3 
2299 
778 
400 
912 
380 
906 
327 
85 
653 
6389 
5018 
1968 
89 
3358 
9339 
4241 
7549 
70 
4 
6 
633 
2 
62 
4038 
2 
236 
91 
7214 
8952 
348 
61 
744 
1330 
8 
29 
4 
5 
6752 
45 
8235 
9 
7678 
9 
44 
718 
8350 
38 
660 
2 
4 
80 
751 
4 
9 
690 
7632 
684 
5436 
3835 
2 
3290 
1408 
57 
515 
481 
875 
6294 
5505 
5058 
70 
48 
9 
31 
1055 
5416 
98 
9633 
6566 
7 
1015 
7 
70 
5 
369 
6908 
42 
27 
9203 
7807 
7 
9950 
1 
4883 
4 
9025 
91 
3 
670 
2395 
4062 
6629 
900 
49 
59 
7417 
13 
261 
632 
4 
6754 
34 
84 
8 
517 
80 
235 
5 
288 
3548 
2 
5328 
940 
499 
1737 
75 
8 
9 
5025 
95 
503 
839 
6 
5350 
792 
2 
5026 
24 
56 
3 
9508 
3 
5545 
322 
443 
32 
81 
5771 
1181 
3 
917 
8048 
8 
7994 
4 
5181 
787 
7181 
2376 
22 
44 
3353 
5 
19 
72 
6 
5652 
7 
51 
9 
28 
70 
3444 
1411 
1622 
9 
3 
1176 
17 
7656 
279 
5 
4 
7 
64 
92 
28 
368 
5143 
2868 
67 
7131 
5842 
7 
360 
24 
361 
2058 
4062 
2 
63 
7 
74 
22 
387 
568 
82 
346 
22 
318 
4289 
57 
6555 
4458 
27 
3 
20 
7585 
5377 
61 
8007 
1381 
787 
5 
6820 
6561 
729 
6477 
5907 
5471 
388 
3 
2770 
735 
8193 
4349 
770 
5735 
53 
96 
4797 
36 
2840 
469 
9886 
375 
84 
18 
70 
2855 
8957 
4 
5 
955 
91 
7 
180 
8 
28 
8325 
51 
138 
24 
947 
4507 
3 
5374 
2075 
5355 
51 
56 
7 
9 
98 
7 
40 
3 
271 
65 
8 
5010 
266 
8324 
40 
167 
862 
263 
81 
439 
7662 
9701 
89 
2022 
96 
6 
462 
40 
2 
77 
25 
92 
732 
9 
28 
847 
807 
473 
62 
1742 
27 
521 
7878 
79 
1 
33 
614 
93 
9 
2 
59 
962 
55 
5 
99 
903 
40 
3 
702 
4759 
7 
43 
6 
7332 
4091 
1506 
4577 
3 
8 
7170 
7 
4594 
19 
5552 
868 
901 
3 
8 
88 
37 
7 
395 
13 
6127 
23 
9 
1048 
99 
630 
8 
628 
361 
1 
8 
4 
2375 
4400 
3 
3 
7 
971 
9420 
640 
6248 
47 
798 
28 
81 
8 
7 
17 
529 
8389 
830 
8 
769 
319 
3 
636 
693 
2 
9 
8 
3 
2 
61 
365 
2605 
48 
9686 
3 
3 
7 
7469 
2 
1 
103 
862 
6401 
346 
6504 
685 
50 
5 
5 
97 
68 
9 
3 
9176 
4635 
695 
3556 
668 
599 
880 
52 
9 
811 
70 
768 
9 
3 
222 
1650 
1 
4 
19 
69 
4 
27 
457 
412 
54 
72 
5931 
84 
6145 
9427 
1 
1 
867 
747 
5714 
6873 
508 
8 
1383 
65 
625 
73 
320 
67 
66 
7158 
6 
2 
7 
2056 
960 
5 
1928 
3073 
857 
330 
67 
49 
3 
64 
4 
4 
1 
4692 
1928 
7 
550 
4 
90 
7576 
4352 
8467 
95 
774 
139 
8 
35 
9048 
2 
5426 
1 
487 
931 
39 
599 
9 
68 
6 
4929 
97 
65 
6 
94 
35 
963 
2 
6 
518 
29 
8094 
28 
50 
1517 
13 
38 
1605 
139 
2283 
636 
83 
54 
487 
3 
76 
68 
61 
859 
9 
3 
256 
8 
46 
5 
54 
10 
10 
82 
4948 
619 
19 
2880 
5 
921 
30 
6825 
6 
5719 
7 
171 
3436 
78 
8843 
1 
927 
778 
649 
3532 
8342 
5 
2 
268 
9 
4 
80 
4 
7964 
788 
3 
53 
199 
3 
996 
4380 
3 
51 
5 
4 
7137 
614 
647 
3 
945 
3086 
6093 
2599 
767 
363 
7 
1 
27 
9154 
20 
2 
7110 
5 
529 
66 
