904
7 
8 
9330 
9 
5 
21 
11 
3839 
87 
6 
373 
93 
3 
57 
4860 
2 
91 
8217 
6 
7482 
5 
280 
271 
7037 
17 
3 
4 
48 
5 
877 
3716 
3115 
7 
96 
7172 
14 
6 
9259 
221 
7781 
381 
5 
9414 
231 
331 
3351 
3318 
2422 
49 
75 
44 
373 
414 
9 
663 
9 
5 
7770 
97 
53 
8454 
89 
6 
97 
3547 
598 
273 
22 
784 
9 
90 
17 
8 
144 
904 
1034 
9 
711 
2572 
7067 
66 
206 
5 
4 
9171 
8397 
6 
3 
36 
7054 
81 
44 
30 
6399 
67 
371 
2325 
9 
1563 
7 
2130 
7534 
74 
154 
5 
41 
2255 
889 
8 
884 
677 
86 
67 
4 
54 
60 
4872 
7 
54 
748 
61 
95 
1 
3 
714 
5404 
5 
4 
757 
135 
6 
893 
9861 
12 
3198 
3277 
3976 
55 
9 
627 
197 
5 
31 
605 
616 
5389 
16 
19 
184 
7845 
1 
2002 
2 
534 
68 
7 
1 
242 
5323 
85 
30 
6 
3 
48 
8386 
56 
8 
392 
522 
3 
8109 
606 
1920 
8336 
3908 
34 
6018 
41 
24 
24 
75 
889 
26 
51 
206 
4725 
81 
6489 
93 
8568 
8888 
2 
11 
8 
5 
73 
3449 
67 
4 
4490 
11 
9921 
1 
608 
356 
7867 
18 
9441 
81 
1 
77 
98 
972 
78 
44 
4228 
815 
122 
7979 
319 
83 
3 
5 
8618 
49 
85 
577 
20 
67 
4 
5082 
50 
586 
391 
871 
87 
6746 
170 
9 
7 
349 
3 
2971 
9856 
49 
159 
970 
54 
9488 
5325 
2315 
49 
7 
47 
22 
2 
155 
8 
9618 
8102 
608 
4 
267 
4 
28 
5384 
7 
4 
41 
3103 
3460 
153 
4 
91 
4 
9751 
9452 
9465 
716 
38 
8 
251 
610 
70 
5 
6 
33 
804 
1721 
4404 
8 
71 
5 
2 
693 
810 
1026 
238 
16 
494 
2 
27 
1 
85 
4254 
62 
890 
831 
5 
32 
295 
12 
7519 
6463 
3 
2976 
5 
6 
532 
45 
870 
290 
8 
52 
36 
2 
9 
1 
7840 
628 
64 
4 
887 
4 
3 
9086 
29 
5094 
6262 
743 
4546 
27 
6 
2666 
1957 
67 
8450 
525 
1483 
1499 
5 
14 
4 
2 
92 
71 
41 
102 
215 
7064 
3 
53 
88 
139 
7991 
700 
8865 
2390 
3395 
9274 
8654 
67 
3108 
830 
5691 
43 
50 
47 
3577 
2201 
11 
1 
1 
522 
6545 
99 
6865 
8 
9390 
1448 
747 
9610 
37 
9 
90 
89 
87 
4651 
6209 
2742 
5418 
646 
4 
43 
7 
5 
15 
4 
20 
483 
9824 
836 
1 
680 
84 
321 
666 
9 
517 
8 
4330 
184 
8 
72 
49 
8360 
3 
855 
151 
3 
5261 
492 
2 
78 
1 
2 
9 
23 
5 
512 
8732 
7 
795 
2062 
72 
200 
138 
1 
576 
3 
8993 
43 
5086 
823 
751 
3303 
4 
8876 
8 
6028 
2 
505 
87 
78 
498 
8319 
6519 
2029 
577 
599 
80 
581 
61 
6538 
78 
88 
14 
71 
418 
2528 
51 
102 
20 
47 
6 
3296 
5 
8566 
31 
8690 
2 
4551 
8655 
893 
1327 
769 
4 
9733 
63 
5730 
885 
53 
7 
16 
1531 
8523 
8 
57 
3816 
4 
9218 
664 
56 
495 
64 
621 
7 
930 
5918 
382 
736 
6863 
9 
530 
6101 
93 
139 
744 
4095 
2 
87 
3 
636 
374 
870 
22 
9456 
521 
896 
54 
883 
8 
3841 
1918 
13 
213 
1 
8 
4 
5 
8 
423 
1208 
9 
7 
6 
4 
3 
8509 
33 
6 
81 
245 
901 
5 
769 
798 
8209 
2 
47 
65 
1 
45 
61 
2 
1 
29 
314 
627 
998 
5909 
46 
2468 
10 
35 
9 
4 
6 
7 
4 
1973 
5 
24 
2 
458 
356 
67 
8032 
844 
74 
9 
6136 
567 
5 
9426 
9794 
4 
651 
3 
77 
37 
5730 
64 
4 
57 
32 
7387 
356 
30 
5 
803 
82 
1 
7176 
2 
657 
141 
395 
3 
89 
942 
6287 
61 
425 
464 
10 
1796 
577 
979 
3 
749 
1 
5954 
988 
86 
9855 
98 
44 
93 
4376 
9576 
7602 
754 
438 
10 
82 
64 
13 
5012 
60 
1 
1444 
746 
4162 
930 
79 
9363 
29 
6848 
55 
50 
7 
276 
40 
6733 
2 
2 
497 
364 
9930 
2003 
7 
9 
74 
27 
6 
3983 
86 
905 
68 
379 
3411 
88 
16 
56 
7771 
1 
8853 
3889 
4 
25 
71 
5 
5 
9898 
58 
636 
293 
210 
4463 
446 
52 
7521 
6871 
3381 
656 
1704 
4 
442 
4987 
43 
1150 
3 
3074 
97 
3 
64 
2699 
274 
813 
4453 
49 
89 
9273 
471 
7838 
2 
291 
216 
9 
8844 
1 
3 
939 
3 
63 
63 
98 
404 
41 
738 
77 
1 
3494 
8 
48 
8 
851 
9 
74 
4 
1802 
80 
6993 
521 
301 
704 
2 
2920 
2880 
601 
4204 
993 
9 
23 
10 
40 
78 
9487 
3 
9719 
8 
5447 
4040 
5257 
8 
4446 
66 
3622 
340 
584 
2293 
453 
3619 
3 
16 
13 
125 
253 
4871 
16 
726 
4 
387 
70 
954 
1 
2 
8100 
8223 
84 
174 
60 
603 
10 
5242 
23 
1 
5 
8073 
79 
8 
1022 
407 
7439 
147 
54 
5 
812 
146 
3505 
917 
816 
99 
9502 
24 
4 
9 
8 
76 
23 
45 
96 
15 
2 
1217 
372 
8602 
45 
9 
5 
2272 
8334 
76 
4 
5867 
4923 
13 
12 
4 
8 
2888 
2093 
311 
4 
6 
122 
122 
50 
112 
28 
5329 
93 
68 
32 
50 
241 
533 
6 
3 
7 
6 
787 
74 
2180 
6871 
1873 
70 
9219 
44 
73 
952 
1190 
564 
210 
5 
595 
5 
9928 
8 
61 
65 
94 
60 
