478
5 
525 
1540 
128 
228 
91 
5 
8612 
3 
8 
451 
822 
4667 
93 
6 
356 
2 
79 
880 
8086 
9223 
183 
4 
446 
8359 
80 
7 
14 
979 
1046 
2574 
38 
4 
1 
76 
54 
21 
15 
86 
3102 
18 
8 
8 
9458 
81 
9712 
3 
53 
2553 
5 
4 
1 
967 
3 
3016 
5201 
2978 
87 
9 
224 
6390 
964 
2994 
7000 
4 
49 
23 
64 
3574 
32 
3003 
3 
1 
9077 
5 
3305 
2515 
58 
7011 
26 
3357 
57 
87 
7 
1878 
3 
47 
6 
68 
74 
8048 
45 
5 
6083 
1 
8996 
5985 
6236 
8 
40 
2428 
31 
9 
62 
290 
74 
365 
8 
4486 
595 
9875 
3 
26 
2 
6544 
6762 
103 
39 
5 
5267 
7353 
2461 
71 
549 
111 
6930 
24 
8 
6096 
4 
20 
2 
659 
8080 
2 
2 
2930 
740 
5 
289 
57 
2 
3901 
79 
64 
53 
8 
9345 
36 
594 
66 
64 
6 
4765 
3 
971 
5 
9 
9815 
75 
6 
6 
746 
6 
2389 
7 
492 
939 
4 
767 
542 
8 
6060 
502 
211 
2873 
4960 
540 
679 
8 
1 
16 
8 
21 
53 
3979 
6 
41 
97 
69 
5714 
4327 
1160 
189 
1253 
63 
6 
2603 
675 
45 
9 
7724 
18 
6 
9 
3 
232 
345 
8550 
95 
418 
26 
35 
7 
64 
10 
682 
296 
427 
5701 
8138 
3 
92 
133 
3109 
1 
7 
981 
344 
1476 
7181 
447 
9 
7122 
5173 
525 
3 
428 
5848 
9407 
3 
71 
273 
9284 
57 
59 
7639 
880 
9 
24 
93 
877 
3 
7472 
618 
1294 
2 
139 
7 
765 
57 
3 
5 
7948 
581 
818 
7 
921 
73 
55 
3 
9 
44 
4 
6700 
4 
8987 
5 
670 
236 
698 
8 
90 
87 
35 
726 
926 
482 
5917 
8691 
7 
6 
874 
3827 
6 
571 
6958 
6839 
940 
973 
2 
957 
5855 
87 
1797 
24 
8292 
2713 
27 
7200 
3 
77 
422 
6625 
490 
4434 
867 
9 
345 
5579 
1 
15 
3 
186 
9468 
4731 
1048 
6895 
1346 
52 
18 
7572 
2 
76 
1 
6779 
9917 
635 
141 
456 
44 
3574 
26 
69 
348 
6 
2635 
7888 
5525 
83 
6 
753 
848 
8 
4 
4 
6839 
471 
743 
1225 
7335 
3444 
21 
41 
60 
20 
32 
9 
123 
29 
689 
5497 
8629 
2 
92 
6 
76 
8562 
2 
46 
2445 
9 
333 
94 
2820 
61 
52 
5 
1 
2 
500 
7260 
75 
81 
967 
420 
24 
17 
20 
6539 
241 
32 
7 
1756 
8 
90 
3 
8 
7606 
75 
17 
552 
251 
666 
1321 
76 
4 
99 
4 
4 
876 
2 
35 
89 
4685 
7484 
4 
12 
456 
279 
479 
4004 
485 
49 
374 
202 
7731 
656 
1 
94 
588 
824 
818 
5848 
3 
4799 
57 
3059 
39 
34 
9906 
8 
6 
351 
9642 
191 
570 
5 
78 
7 
272 
3660 
288 
268 
38 
977 
948 
21 
68 
4074 
4 
87 
183 
6 
236 
7 
8162 
5 
