240
91 
3191 
706 
8 
12 
76 
95 
6219 
500 
793 
786 
22 
948 
4 
5769 
6197 
775 
7248 
4 
8744 
9372 
2787 
64 
477 
7451 
7 
1438 
224 
2773 
332 
1417 
48 
46 
19 
576 
3 
28 
8 
6361 
6965 
18 
9 
7539 
58 
9360 
93 
152 
515 
9 
8 
6694 
5728 
792 
44 
411 
4 
5 
5993 
17 
63 
9 
97 
6658 
28 
13 
810 
153 
16 
29 
2 
51 
365 
7 
8379 
539 
7 
79 
6567 
4 
9458 
8288 
942 
3094 
9 
7845 
9911 
6 
8 
19 
207 
5 
96 
1 
90 
18 
4284 
2 
6906 
5399 
52 
6 
35 
862 
4997 
5 
96 
6249 
310 
30 
190 
814 
45 
8 
9 
346 
2781 
1558 
348 
9706 
6 
8219 
8 
117 
8495 
6 
3767 
6387 
484 
361 
7 
9126 
6727 
93 
80 
2 
3 
403 
4092 
3 
269 
7723 
4606 
938 
8346 
2376 
39 
115 
881 
858 
8 
33 
52 
3635 
834 
53 
7 
279 
702 
84 
1 
1346 
552 
99 
80 
2 
63 
8 
7 
4506 
3589 
45 
748 
9896 
2575 
3 
2 
51 
8 
66 
7 
6 
5131 
742 
86 
9 
2731 
688 
567 
93 
210 
935 
8402 
1246 
3051 
1513 
38 
2500 
8470 
2 
52 
5687 
9 
6 
4873 
7 
3780 
53 
159 
523 
4157 
8337 
8491 
903 
84 
9812 
7 
844 
599 
6536 
7088 
7 
460 
379 
947 
828 
73 
2 
3679 
9 
979 
32 
7 
1 
56 
5 
4 
9951 
26 
6076 
3776 
