699
9 
853 
927 
5 
2557 
908 
258 
2 
374 
6 
6 
8 
8673 
755 
7 
1745 
697 
129 
132 
765 
496 
18 
3 
9771 
9748 
928 
2 
1514 
53 
815 
7 
35 
8 
9 
84 
5 
694 
6 
56 
5873 
45 
60 
525 
162 
9 
3702 
9304 
11 
6287 
3 
373 
2 
682 
3 
54 
271 
8310 
2 
8394 
670 
8 
5769 
145 
77 
70 
8774 
6 
1293 
313 
790 
9450 
5580 
5139 
9 
36 
6 
10 
757 
8 
69 
5376 
5422 
75 
6 
41 
40 
75 
68 
1032 
476 
943 
4024 
12 
8 
60 
10 
55 
5 
125 
917 
60 
30 
7615 
106 
8 
481 
2 
33 
156 
91 
901 
83 
4 
167 
23 
2 
829 
49 
60 
2552 
354 
66 
200 
413 
2896 
2035 
80 
641 
62 
55 
3 
234 
3607 
9689 
4 
3936 
9901 
4470 
2 
4864 
38 
4237 
272 
64 
52 
36 
522 
43 
950 
848 
2 
40 
504 
66 
6 
7 
97 
8729 
8 
377 
3 
8 
1 
82 
6085 
59 
59 
963 
2689 
845 
23 
6 
5 
525 
64 
7 
3513 
86 
4 
354 
6 
7534 
636 
5 
6 
3642 
7 
73 
33 
6 
76 
40 
2517 
684 
490 
508 
112 
9194 
1 
5 
6 
9508 
96 
36 
780 
50 
1 
531 
203 
5690 
5458 
417 
155 
4 
499 
6724 
2 
7688 
22 
55 
5082 
8 
40 
187 
1791 
39 
86 
94 
4250 
7 
7 
713 
225 
982 
39 
8 
9 
2096 
4418 
313 
2 
30 
78 
3740 
2933 
8286 
5743 
898 
79 
679 
8765 
709 
6 
50 
2394 
59 
433 
938 
4 
629 
4809 
6 
5 
257 
7 
9759 
971 
6 
6 
2791 
8479 
6 
822 
61 
2502 
224 
4 
9 
4 
371 
6 
4 
5 
349 
4 
49 
9768 
3017 
7 
6 
7108 
95 
21 
17 
2 
1801 
899 
90 
98 
97 
5632 
243 
3 
5155 
13 
987 
3 
9 
6 
1 
1 
517 
85 
844 
70 
79 
4 
6713 
337 
36 
3 
3 
5685 
42 
6 
3 
32 
3068 
84 
276 
2 
3611 
785 
2688 
3 
9 
8 
306 
272 
8 
9065 
8875 
2539 
7000 
1 
1691 
6577 
83 
7 
3 
607 
1 
387 
1995 
360 
27 
265 
46 
6 
82 
79 
1810 
1718 
2294 
879 
4991 
34 
77 
739 
959 
7632 
802 
42 
7 
648 
49 
1570 
712 
55 
75 
7 
518 
710 
4590 
7 
5191 
6018 
80 
6 
862 
3623 
85 
5 
36 
64 
579 
1 
16 
89 
639 
4 
2696 
80 
3 
99 
5 
386 
3408 
99 
7 
5415 
6 
929 
8910 
2006 
5 
493 
697 
844 
68 
4 
1650 
394 
57 
9 
83 
69 
8 
58 
8437 
1027 
8 
45 
7088 
613 
3 
8664 
4 
905 
603 
4845 
5016 
89 
64 
460 
99 
744 
79 
36 
1 
447 
9405 
2333 
6 
969 
147 
883 
191 
5531 
55 
35 
8 
667 
286 
35 
2413 
4895 
135 
8212 
882 
3356 
429 
34 
3077 
5514 
375 
7860 
912 
457 
68 
4526 
686 
6 
8 
193 
1 
5 
7807 
818 
945 
9 
7819 
3 
5 
5138 
67 
3 
3096 
515 
5 
4651 
975 
15 
3464 
2 
10 
91 
71 
57 
844 
8333 
58 
7831 
6 
48 
61 
4955 
6218 
635 
395 
672 
2 
5 
2 
79 
90 
2 
608 
7 
415 
163 
8251 
7885 
2 
22 
55 
297 
9 
1530 
66 
70 
1248 
780 
953 
17 
392 
80 
8209 
84 
79 
679 
932 
678 
7469 
1 
81 
291 
49 
6041 
217 
536 
54 
17 
7 
2578 
47 
5976 
49 
2984 
8459 
846 
680 
870 
73 
430 
92 
185 
9497 
26 
832 
8941 
380 
793 
2 
39 
3 
1 
3181 
819 
35 
6798 
785 
2689 
2619 
256 
2505 
9 
3738 
5 
6 
20 
436 
1347 
1 
419 
9 
30 
177 
523 
71 
1376 
953 
2801 
867 
509 
3 
27 
7303 
9 
69 
53 
4 
6704 
18 
6 
68 
6 
3463 
2 
15 
14 
8 
298 
2355 
5 
9654 
6121 
430 
974 
6 
3751 
578 
3346 
69 
2 
777 
858 
50 
5 
6 
21 
1422 
7860 
487 
3 
4133 
69 
4818 
47 
1161 
9 
34 
3 
2457 
36 
317 
5 
88 
570 
79 
8819 
7397 
4 
7 
29 
640 
1355 
333 
8 
2447 
474 
5535 
3 
68 
41 
3577 
193 
9307 
97 
2773 
2742 
2 
9415 
4648 
37 
947 
7892 
7 
3508 
