769
618 
5 
883 
7539 
235 
37 
8 
4424 
417 
7674 
626 
9 
60 
9 
2639 
2 
3182 
2184 
8935 
27 
3749 
4586 
2735 
1189 
1362 
1654 
1 
40 
167 
7 
2305 
602 
7 
6777 
92 
1 
1 
14 
570 
472 
669 
861 
6 
2561 
4 
4552 
42 
334 
761 
5389 
310 
174 
9 
2 
55 
341 
6797 
818 
297 
17 
248 
2 
689 
47 
6166 
3210 
784 
510 
2160 
540 
89 
7109 
501 
5 
8553 
134 
617 
85 
7 
9 
550 
3388 
5 
290 
7 
46 
8 
2832 
763 
967 
595 
198 
8328 
6175 
758 
4302 
43 
327 
225 
15 
9082 
862 
6 
88 
565 
7 
21 
43 
5963 
93 
3297 
9 
5 
768 
7007 
2 
7 
794 
2183 
39 
5 
7 
969 
81 
267 
175 
8506 
4 
918 
7 
98 
36 
37 
2 
609 
44 
7 
85 
3 
360 
241 
87 
32 
5 
535 
8 
5881 
4415 
3 
5035 
452 
15 
58 
477 
1218 
411 
69 
2 
566 
8682 
8923 
1166 
24 
3 
8929 
9 
351 
9 
4 
7 
8 
58 
1 
5 
8021 
742 
8931 
2 
3128 
19 
89 
2485 
604 
949 
261 
1 
1 
3 
49 
54 
6120 
2 
50 
1947 
66 
732 
32 
5 
6978 
343 
3 
966 
3 
55 
98 
2 
865 
94 
39 
430 
69 
4 
4 
88 
591 
8 
8 
719 
43 
6382 
4 
54 
5042 
58 
4 
309 
5202 
3 
766 
7920 
95 
302 
553 
9 
5 
258 
6 
2336 
8019 
20 
32 
3 
9 
81 
7121 
9679 
1537 
59 
6 
762 
20 
86 
369 
8421 
8235 
7 
536 
3329 
220 
74 
62 
4 
2 
48 
424 
2799 
544 
6 
20 
6077 
834 
28 
956 
472 
166 
2 
4 
3858 
257 
3963 
9 
616 
689 
17 
7531 
8773 
7 
77 
3175 
1687 
1 
72 
630 
526 
484 
75 
668 
374 
8370 
5076 
525 
3424 
2545 
46 
2 
6705 
4 
5 
9900 
61 
8333 
66 
77 
258 
8 
8 
8403 
899 
59 
21 
88 
54 
5 
6 
96 
150 
963 
410 
3249 
32 
3656 
3 
3315 
6874 
34 
1954 
568 
5 
96 
5 
2 
2 
381 
430 
30 
914 
5 
36 
524 
217 
29 
6 
14 
30 
2731 
6 
38 
9733 
72 
7818 
189 
628 
961 
1 
669 
4673 
482 
98 
3507 
7 
94 
5038 
36 
11 
873 
47 
23 
6 
5023 
162 
2 
97 
5438 
1 
3046 
6 
2723 
41 
287 
7 
5835 
2324 
4 
83 
5870 
635 
7 
97 
77 
73 
9787 
5482 
2 
7 
93 
826 
4930 
4060 
555 
12 
69 
620 
75 
5637 
6 
735 
51 
32 
4010 
14 
406 
5008 
4183 
761 
70 
12 
9 
48 
60 
155 
7502 
33 
547 
959 
3717 
5 
9 
6986 
702 
307 
67 
4 
790 
282 
7 
14 
5 
8268 
6 
316 
990 
8250 
7 
816 
6 
5708 
6072 
20 
3 
9212 
3 
39 
4 
62 
238 
1 
39 
3 
8 
198 
3210 
7652 
391 
4853 
3017 
4 
189 
6 
34 
3 
5 
54 
5896 
822 
55 
7873 
185 
4 
31 
8 
308 
4 
6840 
97 
5533 
3243 
4 
7851 
6806 
48 
2 
5147 
80 
7716 
639 
9217 
44 
6228 
658 
9 
906 
8687 
4 
486 
28 
4 
5 
24 
80 
18 
2899 
5 
8 
977 
2 
77 
291 
28 
8 
888 
11 
4 
856 
42 
15 
2 
6075 
13 
9 
1 
7008 
1179 
6853 
675 
5865 
696 
4617 
2 
50 
872 
9146 
98 
2 
6 
9 
7 
786 
8 
60 
1234 
574 
7 
5 
9 
544 
75 
606 
4 
6 
9 
5 
1751 
7614 
7919 
612 
308 
5 
15 
8942 
549 
196 
9347 
9892 
74 
2 
56 
8 
3629 
509 
526 
63 
33 
2358 
4280 
6 
7 
375 
1 
1141 
599 
3 
64 
3 
7 
56 
2084 
858 
345 
76 
2596 
3052 
601 
9 
30 
81 
9 
350 
521 
7 
5817 
738 
18 
20 
6 
900 
6 
4299 
499 
9 
771 
2 
9 
2668 
65 
3 
50 
33 
420 
4 
4349 
228 
378 
4710 
15 
35 
7975 
7 
981 
53 
525 
948 
62 
260 
7601 
3 
395 
236 
3 
5 
8 
760 
83 
4 
1415 
12 
40 
68 
8 
5 
1 
7520 
779 
93 
5351 
967 
665 
674 
9689 
3 
29 
8947 
439 
192 
94 
220 
9 
916 
95 
38 
128 
6197 
3418 
2293 
8895 
47 
9749 
51 
48 
44 
7 
31 
498 
47 
6036 
2 
7183 
803 
63 
136 
521 
5 
9 
1319 
36 
96 
2 
385 
8 
6 
5 
8 
7258 
7 
5935 
407 
9676 
6718 
3 
5 
1470 
4167 
486 
5266 
5 
1997 
8 
947 
1 
1641 
6 
1339 
7472 
6849 
381 
21 
740 
6370 
395 
40 
624 
496 
1 
249 
2769 
7 
32 
2341 
9816 
7900 
37 
4 
3888 
343 
7269 
255 
4 
2 
492 
787 
