235
4541 
357 
6 
6 
80 
1427 
7 
9995 
84 
12 
231 
6 
436 
5 
9 
1393 
9194 
84 
2 
3004 
45 
31 
6103 
3831 
9642 
502 
5 
8662 
2 
959 
13 
2215 
6421 
8398 
8 
881 
8 
90 
1387 
4982 
1763 
4798 
9555 
94 
9 
859 
16 
30 
409 
55 
7663 
3840 
49 
7 
4 
7 
26 
57 
809 
9767 
20 
483 
2022 
2760 
5 
3722 
8 
212 
5 
7 
557 
2 
77 
553 
215 
1 
820 
66 
6 
2237 
469 
3 
5 
8 
1741 
4 
76 
869 
3 
3587 
444 
602 
40 
2963 
7938 
228 
7 
130 
6 
3071 
480 
546 
5108 
4774 
806 
7350 
72 
36 
286 
21 
335 
4 
688 
3508 
6 
62 
53 
9416 
3 
3 
68 
7 
1492 
7 
4608 
4 
5412 
4683 
116 
49 
7 
3059 
794 
722 
73 
742 
601 
1510 
1210 
6 
9778 
9 
53 
8 
9 
6 
487 
586 
4353 
76 
359 
578 
7864 
6 
837 
6 
68 
2 
1 
260 
623 
151 
312 
9 
5075 
1 
495 
953 
3 
1 
583 
37 
1 
44 
12 
93 
1968 
730 
684 
15 
5 
8 
385 
9 
1 
44 
9676 
77 
3763 
1945 
3982 
470 
8 
92 
609 
667 
144 
1313 
5012 
3250 
51 
1 
207 
68 
8 
4181 
4 
62 
70 
785 
1 
2903 
96 
7867 
18 
2881 
531 
3874 
5760 
8521 
35 
2571 
589 
368 
8 
86 
90 
584 
3139 
9010 
5 
5 
1 
6867 
8547 
