505
41 
8593 
324 
1 
85 
5490 
63 
5249 
6631 
1722 
77 
6 
46 
5 
7265 
32 
1 
79 
744 
21 
5481 
7679 
203 
70 
8290 
517 
384 
55 
3078 
4606 
5171 
1 
67 
9597 
2 
5 
39 
9 
7413 
480 
4 
43 
972 
5 
603 
3796 
5489 
382 
805 
2030 
535 
1111 
7 
68 
118 
77 
47 
54 
5412 
2695 
1 
5497 
803 
2760 
764 
1716 
258 
67 
69 
148 
4594 
8 
214 
570 
659 
92 
46 
56 
7 
60 
7 
4125 
2 
449 
54 
4 
4433 
443 
41 
83 
1 
53 
55 
493 
97 
399 
8 
69 
52 
6 
451 
3051 
574 
6 
5391 
9783 
338 
3887 
1661 
6 
5892 
8109 
2522 
8 
4339 
788 
3681 
94 
86 
1219 
7 
1 
5038 
6 
891 
445 
67 
469 
2 
59 
9392 
287 
49 
85 
6246 
6 
5826 
7 
4 
33 
447 
6500 
15 
5 
62 
87 
5551 
7942 
7368 
3 
51 
20 
3593 
648 
2863 
71 
1146 
4 
9152 
3978 
5913 
4 
6 
2539 
4 
2900 
43 
143 
5747 
3740 
4 
7646 
6100 
6069 
88 
2454 
484 
620 
2475 
40 
26 
52 
5849 
989 
66 
5 
9563 
43 
3814 
8821 
18 
6 
546 
3367 
2808 
35 
619 
69 
2143 
6 
974 
479 
6 
4921 
4381 
8 
25 
575 
64 
4810 
662 
421 
11 
1 
14 
776 
8 
53 
9 
127 
2 
5 
4 
148 
40 
6 
3 
3742 
481 
8 
6 
58 
411 
8 
27 
351 
6661 
753 
5 
5 
65 
79 
8112 
746 
8870 
631 
174 
947 
98 
7635 
3276 
8016 
5853 
71 
8854 
1500 
4274 
4137 
4613 
7545 
31 
691 
746 
595 
569 
869 
1 
571 
7 
35 
824 
46 
4897 
8675 
2 
4 
403 
4 
804 
5 
6 
4918 
7 
657 
77 
399 
825 
54 
905 
88 
6098 
274 
270 
247 
2863 
647 
772 
94 
874 
48 
1961 
4669 
308 
91 
200 
122 
78 
3 
4100 
9590 
7 
23 
56 
68 
82 
638 
6080 
2124 
266 
1779 
189 
2 
234 
65 
7389 
23 
98 
5 
1296 
897 
275 
3 
4 
730 
657 
1 
3259 
68 
648 
7600 
4242 
4898 
9 
50 
9451 
3168 
708 
4315 
672 
182 
76 
355 
703 
3458 
64 
400 
37 
71 
45 
31 
6737 
2 
2335 
92 
9348 
959 
8475 
74 
7840 
170 
1 
172 
2 
78 
3313 
51 
999 
9340 
538 
7903 
8 
7278 
495 
10 
4 
4 
2895 
464 
1 
1221 
8 
6 
93 
114 
14 
3735 
87 
3 
39 
52 
49 
4387 
6819 
8 
6099 
6107 
4 
1 
1080 
416 
5205 
74 
7256 
9660 
7 
22 
6 
6380 
186 
22 
2 
98 
3 
630 
88 
45 
4 
706 
23 
5065 
513 
80 
1592 
412 
5 
4 
28 
42 
996 
301 
8 
6700 
2250 
8111 
4 
8 
4 
11 
4484 
7 
3 
8 
80 
1197 
246 
5 
8060 
984 
5272 
5705 
832 
8168 
9 
533 
2837 
29 
4858 
46 
94 
44 
2 
137 
30 
690 
630 
1 
874 
884 
6 
6 
7 
66 
19 
6 
2 
212 
6 
60 
4 
5 
15 
349 
53 
88 
383 
8 
2733 
294 
5549 
5381 
7531 
34 
1 
11 
5929 
