203
73 
4 
14 
8 
3 
4736 
7313 
38 
51 
3794 
8011 
150 
6775 
7 
969 
7 
17 
85 
963 
7 
7711 
8586 
16 
81 
59 
2 
25 
31 
770 
1 
8 
4647 
48 
2000 
7 
6 
48 
36 
934 
77 
745 
861 
41 
5 
198 
927 
561 
9 
29 
11 
5616 
3 
5349 
44 
8 
2941 
4285 
6 
5342 
7 
6650 
228 
491 
2 
4 
40 
54 
852 
68 
365 
4367 
26 
7917 
37 
91 
3 
3879 
48 
3 
5 
11 
335 
22 
7 
86 
902 
7011 
41 
5 
6280 
13 
285 
19 
1 
1 
9127 
5058 
5697 
997 
1330 
3890 
9463 
76 
65 
1906 
56 
6944 
3146 
1684 
6 
9 
8402 
804 
8879 
2 
810 
6441 
8057 
5 
57 
3062 
5 
1 
833 
97 
18 
13 
8424 
64 
784 
632 
76 
9 
3 
5586 
61 
5136 
5141 
68 
2172 
30 
7060 
671 
8647 
239 
872 
133 
69 
793 
4 
92 
15 
521 
95 
437 
7559 
1 
5928 
4 
9 
78 
4628 
4 
19 
2 
1 
381 
445 
9 
92 
8452 
444 
4574 
3 
53 
11 
5488 
428 
368 
60 
88 
9 
729 
5 
86 
4 
5 
356 
67 
294 
655 
956 
4090 
926 
8003 
2959 
4006 
5579 
21 
2314 
13 
30 
82 
