405
542 
243 
194 
56 
2 
56 
44 
1293 
849 
4 
9232 
134 
4 
405 
1 
8 
5 
1 
90 
12 
5 
48 
66 
93 
8 
6 
191 
931 
346 
242 
34 
934 
167 
3 
48 
8704 
3083 
73 
19 
37 
3639 
47 
611 
23 
535 
5 
517 
99 
9 
54 
9 
8482 
3324 
67 
29 
9073 
21 
47 
584 
3 
9 
5 
2 
3014 
1228 
6 
14 
8710 
61 
1455 
489 
4842 
274 
33 
8688 
69 
20 
164 
48 
30 
5 
9 
47 
5 
74 
88 
9338 
3 
8476 
73 
9 
9 
9 
1 
2479 
342 
30 
435 
44 
85 
467 
30 
75 
6624 
8 
84 
8956 
902 
492 
59 
71 
7 
79 
451 
84 
183 
9 
8475 
81 
43 
813 
8 
194 
886 
4 
3005 
4 
92 
44 
40 
40 
212 
6207 
959 
828 
8 
50 
7 
6 
84 
387 
62 
46 
9 
42 
611 
8351 
4 
2702 
15 
403 
6 
841 
32 
6 
17 
1 
58 
3 
9 
603 
924 
632 
5609 
415 
8 
5 
6 
126 
4 
7292 
44 
7773 
1 
273 
6 
98 
3132 
85 
272 
83 
4577 
3964 
9 
931 
22 
28 
2515 
645 
9598 
2 
2940 
8 
3 
6 
212 
95 
63 
935 
575 
5169 
5218 
6936 
6 
5 
60 
1 
73 
5 
677 
974 
236 
277 
2409 
656 
9 
5 
71 
9 
5938 
9317 
4364 
3 
6417 
54 
854 
832 
36 
39 
1601 
4881 
624 
19 
6 
1853 
8626 
3 
676 
5482 
9 
4 
4478 
3 
9406 
40 
74 
861 
3 
5 
560 
8650 
6 
9948 
30 
176 
351 
260 
4 
68 
6 
98 
2 
7 
671 
1850 
4521 
839 
3 
5 
81 
36 
37 
8786 
7638 
6 
2136 
3 
128 
3667 
1 
215 
9402 
5372 
578 
4 
86 
777 
6353 
29 
4138 
83 
87 
3998 
973 
3901 
4615 
904 
8 
601 
698 
1486 
8 
6975 
3759 
21 
3248 
34 
234 
36 
2536 
452 
5155 
2590 
388 
8891 
560 
77 
9584 
8065 
9742 
2 
8810 
89 
39 
9136 
723 
1806 
4 
8 
7 
31 
3962 
9 
6954 
436 
12 
446 
5 
69 
84 
7 
7 
330 
2 
5 
5958 
1 
17 
3640 
1972 
235 
40 
8 
45 
2737 
9 
849 
6 
7 
5165 
3861 
455 
7 
24 
4408 
3430 
489 
3 
11 
7534 
642 
9590 
54 
9128 
5 
65 
52 
33 
98 
4 
8 
6292 
80 
2 
806 
991 
343 
298 
39 
5502 
7982 
21 
7359 
415 
438 
7100 
8 
28 
73 
654 
5 
72 
1996 
363 
338 
