853
31 
3 
31 
962 
298 
60 
8894 
5 
8 
3 
934 
474 
793 
5705 
189 
3109 
46 
8 
3 
8938 
8769 
7 
678 
466 
129 
847 
5645 
9 
740 
7 
553 
2 
415 
85 
4353 
69 
60 
1493 
6989 
5 
72 
1461 
38 
9328 
1083 
867 
7 
3109 
249 
187 
994 
2 
4991 
1606 
16 
857 
578 
2 
145 
141 
87 
41 
474 
9 
2642 
16 
897 
2 
386 
7355 
7 
7 
172 
2 
67 
4 
228 
6 
5192 
4 
683 
95 
36 
149 
1516 
644 
36 
30 
7406 
1012 
1834 
29 
869 
418 
67 
882 
6769 
6 
5 
710 
2983 
3 
39 
41 
1 
3 
3 
522 
22 
3509 
2 
85 
2 
5 
96 
58 
64 
1 
40 
9156 
740 
60 
5714 
22 
8908 
865 
6 
346 
5222 
73 
3 
654 
4 
11 
855 
44 
6630 
74 
95 
8627 
99 
61 
23 
77 
2448 
4 
92 
2652 
44 
70 
6474 
1 
259 
6218 
426 
1603 
7 
423 
89 
1352 
4771 
1024 
480 
3059 
4238 
7660 
8502 
93 
8 
50 
2365 
6004 
5 
3557 
4901 
1 
3797 
740 
43 
4256 
63 
6 
6 
608 
613 
8108 
5873 
2 
564 
1522 
543 
2 
797 
1611 
897 
5 
9 
23 
6971 
94 
6 
23 
6883 
3 
47 
78 
13 
7895 
6643 
391 
13 
14 
8395 
89 
48 
69 
440 
72 
5 
178 
9225 
1 
34 
6 
276 
1 
2660 
280 
8 
7321 
9707 
80 
6 
5 
6138 
9323 
6 
5 
121 
6 
75 
69 
6402 
43 
39 
5544 
5653 
4 
63 
3016 
725 
251 
214 
924 
7955 
2 
991 
1 
6 
3 
5771 
6118 
5 
1143 
8 
1403 
81 
630 
6418 
7232 
7 
76 
588 
18 
663 
708 
24 
99 
1 
82 
586 
32 
1104 
960 
4510 
8 
838 
8585 
15 
1 
2 
102 
3529 
5 
9 
97 
1374 
660 
8 
3041 
5 
6 
22 
84 
8 
5983 
6409 
842 
3798 
679 
259 
5 
68 
9 
15 
94 
8490 
216 
1664 
41 
969 
5880 
516 
48 
41 
5 
6 
6791 
6108 
6 
51 
28 
5 
65 
22 
127 
6300 
383 
9 
13 
51 
3053 
2719 
7016 
375 
1 
6 
3894 
121 
2486 
60 
93 
3 
221 
4240 
2380 
4719 
72 
1074 
38 
32 
935 
137 
61 
305 
6 
10 
730 
6258 
3 
8304 
241 
33 
6 
148 
4 
5060 
4592 
4421 
1 
24 
5 
5118 
34 
73 
994 
6 
8 
1 
6 
2600 
43 
584 
9 
1806 
1 
5 
5 
54 
36 
2 
3 
6 
260 
9761 
6 
41 
3863 
83 
1 
94 
2 
492 
3 
6972 
5 
7 
52 
49 
7 
9 
70 
78 
4 
595 
358 
3615 
5 
262 
9 
2725 
1688 
9 
399 
27 
3 
8 
394 
8 
1667 
194 
9188 
8795 
64 
90 
6436 
214 
7811 
82 
200 
5638 
57 
3446 
91 
71 
891 
3841 
2978 
90 
10 
44 
86 
626 
7 
781 
557 
24 
1227 
4 
3 
727 
85 
7093 
2464 
992 
3371 
7550 
48 
33 
846 
6595 
9 
4517 
9777 
58 
26 
571 
8024 
244 
2 
3 
414 
97 
935 
373 
589 
29 
1 
32 
6 
1217 
7250 
8 
91 
9 
6335 
699 
3871 
560 
17 
11 
54 
943 
6 
993 
6702 
9834 
77 
12 
4173 
333 
81 
68 
740 
51 
9988 
727 
60 
9649 
8533 
355 
840 
2654 
536 
5320 
1741 
22 
6205 
9 
755 
7 
2023 
489 
66 
6627 
189 
7999 
5148 
882 
6355 
9 
5 
3 
344 
7 
6 
77 
9 
42 
65 
9 
935 
991 
4211 
649 
1 
696 
4 
174 
359 
49 
256 
56 
3053 
747 
9 
4170 
239 
20 
707 
6456 
33 
38 
81 
50 
31 
19 
50 
1 
568 
261 
2 
2 
2513 
595 
6 
863 
4 
74 
171 
9481 
7835 
37 
2739 
3 
2 
1 
4885 
7 
134 
2 
8419 
1960 
853 
5232 
383 
111 
32 
3572 
430 
338 
4 
29 
356 
453 
170 
4852 
826 
52 
383 
85 
15 
67 
8846 
2 
58 
4699 
8 
5 
4458 
176 
8 
979 
633 
2 
8 
2 
14 
8 
656 
1778 
363 
775 
99 
18 
8884 
961 
810 
58 
4220 
5844 
63 
835 
1586 
13 
3 
1 
3729 
961 
3 
41 
9 
876 
74 
3971 
243 
434 
5 
584 
2 
83 
8 
3 
2761 
4 
831 
804 
5298 
517 
34 
9163 
9 
1 
9 
6 
53 
6773 
14 
6206 
428 
7 
78 
1851 
937 
3 
9 
61 
95 
4177 
942 
6 
8 
680 
2 
464 
2052 
763 
8783 
45 
1877 
9969 
79 
59 
981 
1134 
11 
8 
56 
4958 
10 
75 
2 
3059 
845 
355 
6 
299 
2 
8 
484 
243 
715 
36 
732 
9816 
5114 
759 
3191 
51 
2 
2 
1 
12 
6 
690 
788 
3 
3599 
8 
70 
54 
125 
6 
15 
7848 
1867 
1564 
640 
8 
65 
99 
761 
72 
774 
68 
55 
4463 
23 
76 
82 
347 
8 
314 
2838 
766 
61 
7040 
29 
151 
39 
3 
5 
318 
1083 
5 
11 
1227 
5 
5521 
2312 
9693 
4 
1 
59 
2 
226 
57 
7 
489 
543 
7 
35 
598 
51 
496 
5339 
7819 
7 
70 
7 
6938 
38 
9 
257 
443 
51 
8 
4 
1835 
62 
188 
966 
11 
5351 
41 
4269 
7390 
972 
5703 
9 
5 
8 
8 
74 
2712 
4 
6706 
793 
54 
76 
638 
19 
82 
