603
5679 
748 
5100 
7 
40 
908 
4074 
387 
1488 
202 
5438 
56 
6 
152 
3 
443 
7704 
1 
38 
14 
784 
40 
917 
6 
63 
2835 
15 
84 
4512 
8596 
5896 
97 
411 
609 
835 
32 
2 
61 
7 
5456 
8 
4 
2 
9200 
16 
1 
3 
7365 
53 
10 
506 
558 
4334 
17 
1181 
1 
4037 
5 
8 
3 
95 
901 
60 
58 
57 
15 
51 
179 
885 
3 
1 
2466 
660 
406 
241 
5 
5071 
163 
89 
465 
1 
290 
92 
2047 
6 
6 
139 
360 
752 
179 
516 
5 
10 
8229 
7625 
398 
9675 
265 
91 
8195 
5156 
9264 
2138 
28 
5 
761 
1183 
577 
97 
4678 
44 
788 
9359 
5603 
8 
82 
510 
4031 
11 
7 
29 
759 
448 
2247 
444 
8 
7 
255 
30 
848 
9 
372 
512 
718 
68 
36 
666 
681 
46 
1 
489 
1052 
5 
21 
4 
999 
523 
9 
4894 
4859 
5605 
17 
69 
44 
28 
7378 
677 
5 
995 
2650 
3 
9297 
730 
3 
53 
369 
3497 
1348 
57 
755 
313 
861 
7 
660 
2883 
1 
5 
25 
43 
7351 
141 
2313 
501 
9691 
724 
8 
291 
9 
3169 
8851 
579 
6 
4084 
74 
7 
4 
785 
360 
6213 
4 
4020 
123 
784 
86 
2 
7 
1398 
8722 
22 
393 
5 
63 
6 
310 
1 
89 
40 
9 
1540 
85 
677 
1 
937 
5649 
8 
867 
43 
77 
6 
9 
74 
3076 
125 
5449 
20 
6460 
4 
1087 
57 
88 
777 
1004 
618 
67 
8226 
2638 
6 
569 
99 
45 
53 
9884 
547 
8 
6855 
8 
465 
65 
859 
7939 
3 
2032 
93 
623 
45 
4643 
678 
1277 
512 
102 
8696 
3 
104 
276 
4 
9 
598 
5 
615 
985 
181 
6291 
6900 
944 
19 
1 
73 
406 
859 
8 
474 
4699 
1 
2 
2210 
117 
6720 
23 
4 
1573 
65 
477 
563 
9 
4038 
176 
7 
559 
9 
342 
70 
8003 
9743 
309 
564 
916 
5 
148 
6816 
674 
41 
13 
8839 
6429 
615 
5 
141 
4 
68 
2156 
553 
2055 
7590 
74 
3452 
514 
5609 
4 
435 
5510 
31 
5 
7 
7 
1 
493 
68 
110 
35 
9259 
494 
6375 
43 
2 
43 
7 
2 
5 
4 
2 
8959 
25 
9336 
1 
7 
769 
9045 
4532 
8 
89 
31 
4 
69 
401 
4 
79 
6 
6846 
32 
5046 
952 
64 
1 
424 
428 
4937 
74 
28 
5646 
9884 
47 
86 
3 
1 
2 
670 
196 
4 
6 
5 
525 
7 
483 
99 
7 
8445 
3 
606 
2901 
5 
91 
200 
74 
64 
3 
788 
65 
6340 
4717 
6 
3 
51 
971 
90 
70 
3124 
155 
1731 
85 
13 
3535 
553 
8 
46 
2562 
72 
339 
920 
5 
6362 
8 
982 
275 
4 
5959 
94 
5568 
7 
9 
2 
6 
5 
94 
52 
82 
7247 
6 
45 
910 
100 
2383 
58 
388 
164 
686 
988 
9 
91 
325 
33 
10 
9 
250 
25 
32 
911 
478 
6030 
6633 
15 
978 
4246 
271 
31 
88 
2725 
7190 
481 
25 
10 
4 
36 
6287 
7 
163 
5 
92 
514 
2 
6155 
7 
6666 
866 
419 
789 
979 
930 
47 
62 
290 
815 
36 
36 
9 
2 
830 
9 
19 
79 
334 
68 
3 
9 
1 
923 
6099 
429 
70 
295 
1 
2310 
3 
478 
238 
195 
2 
7798 
3143 
35 
50 
1908 
69 
1 
39 
81 
77 
6 
1570 
682 
90 
1334 
4405 
829 
6645 
701 
7328 
911 
68 
3 
54 
5002 
3119 
979 
4 
91 
7 
297 
694 
1331 
39 
469 
689 
9 
9 
41 
545 
89 
6948 
8 
9 
5405 
41 
7052 
9 
91 
2866 
999 
47 
6774 
98 
10 
1602 
44 
114 
8 
690 
9 
44 
5 
7 
583 
58 
5 
