213
14 
3 
86 
6 
10 
513 
3 
485 
9616 
1110 
7605 
219 
7 
222 
7 
88 
505 
4133 
9 
80 
6662 
22 
78 
5 
541 
961 
8283 
6 
8 
107 
86 
7 
517 
4 
785 
6610 
7724 
7 
7000 
30 
7302 
1 
280 
297 
8 
1 
56 
1 
48 
5 
6343 
26 
69 
908 
73 
1 
5 
68 
2459 
8172 
3886 
999 
4 
8 
499 
562 
417 
50 
6013 
9 
1471 
9262 
22 
6596 
20 
24 
52 
8 
823 
4014 
64 
8 
47 
586 
6879 
9 
258 
295 
34 
4 
8090 
5 
41 
662 
986 
8 
360 
325 
40 
52 
6 
8999 
81 
20 
3652 
6 
714 
2747 
56 
653 
9763 
7602 
6677 
3950 
8199 
923 
391 
59 
49 
652 
521 
88 
56 
5 
6 
4374 
3 
2 
8 
2621 
302 
757 
27 
6 
8367 
355 
96 
87 
2 
8613 
1 
72 
34 
2159 
3 
58 
7315 
263 
8185 
238 
288 
26 
8635 
87 
4 
1235 
218 
151 
2786 
5 
66 
8890 
65 
6930 
15 
6 
288 
39 
73 
625 
40 
641 
8913 
1144 
6654 
3 
95 
3 
12 
6486 
19 
3548 
2 
4 
2098 
6 
5507 
410 
7883 
2 
8691 
86 
705 
220 
797 
8961 
300 
4353 
4225 
4 
28 
587 
40 
78 
8 
24 
3 
6637 
640 
4 
7 
4 
70 
