832
8904 
47 
7 
1 
44 
5 
362 
2 
557 
5610 
922 
5351 
63 
13 
8 
7051 
4701 
9466 
5 
9 
9 
3815 
5 
570 
8 
34 
367 
84 
1670 
63 
631 
1 
23 
1 
52 
76 
6 
345 
9 
889 
8 
78 
38 
7030 
927 
349 
37 
7 
13 
6 
4288 
2 
82 
2564 
7 
40 
630 
74 
9353 
44 
581 
9 
9 
4257 
5448 
365 
4403 
4793 
8 
9 
3 
82 
131 
40 
6 
728 
8 
2 
162 
86 
21 
1053 
774 
71 
5 
95 
96 
46 
6 
66 
244 
5 
36 
178 
4 
1 
8 
1 
931 
27 
50 
6 
602 
424 
20 
3 
38 
708 
783 
17 
7392 
8118 
9 
1434 
39 
6394 
7 
7064 
93 
891 
2663 
9679 
466 
815 
8332 
315 
39 
4 
891 
54 
637 
84 
228 
3 
34 
270 
371 
4 
461 
639 
3316 
1426 
8 
763 
940 
346 
4 
677 
737 
3 
9 
1667 
3322 
259 
47 
31 
367 
4479 
2 
884 
120 
8 
788 
126 
2 
59 
926 
34 
34 
7733 
663 
8 
1 
5995 
6854 
1 
959 
7 
9 
17 
7429 
178 
60 
5514 
9459 
722 
7490 
781 
93 
2066 
75 
800 
76 
8 
68 
45 
4317 
7 
4524 
6721 
3229 
5 
93 
2794 
84 
733 
3 
2974 
367 
9359 
1 
52 
43 
4660 
2737 
325 
8002 
889 
58 
989 
44 
77 
7 
930 
93 
6 
1311 
8910 
9160 
8515 
7254 
638 
1 
1 
2604 
1 
2485 
4841 
4 
5 
81 
27 
2 
21 
204 
6910 
39 
449 
5 
5590 
786 
638 
88 
1738 
477 
16 
13 
90 
29 
23 
735 
442 
5 
6081 
7730 
3 
5 
2 
4 
7513 
3431 
511 
48 
54 
6 
251 
75 
653 
854 
3521 
54 
722 
741 
301 
36 
96 
52 
16 
5526 
9801 
31 
432 
69 
5 
84 
7 
192 
6 
318 
5634 
6 
2826 
8694 
300 
520 
94 
5572 
18 
217 
851 
893 
94 
31 
30 
6129 
59 
4142 
62 
3838 
54 
99 
4732 
12 
842 
92 
1608 
3 
5 
147 
8 
767 
729 
71 
9 
3519 
53 
13 
76 
2214 
58 
5 
11 
7794 
620 
346 
4327 
5227 
3614 
7775 
746 
3680 
5 
9 
9352 
3909 
5860 
77 
98 
2000 
834 
8 
1964 
6 
70 
86 
588 
53 
83 
463 
6713 
1 
6 
1945 
2307 
7 
7 
8 
563 
477 
137 
51 
5 
32 
921 
932 
67 
450 
4 
3 
5036 
54 
11 
8483 
86 
9548 
9 
96 
6352 
913 
94 
9706 
3 
594 
3915 
90 
21 
4166 
2417 
89 
942 
170 
6139 
9 
191 
8208 
390 
1815 
358 
9 
5 
573 
9900 
417 
7941 
811 
51 
5 
563 
35 
7 
22 
4 
5352 
845 
4387 
3 
627 
9 
247 
74 
344 
912 
6615 
9322 
469 
52 
4 
12 
8826 
3134 
2 
288 
904 
6364 
5 
3 
87 
60 
27 
2 
8167 
46 
951 
46 
3385 
230 
86 
7365 
10 
3493 
1708 
628 
1210 
308 
907 
8 
54 
6738 
895 
4 
566 
3 
8 
781 
8683 
1 
7 
186 
48 
2987 
89 
4744 
2 
7 
5572 
948 
705 
9615 
846 
6 
121 
20 
872 
65 
8 
15 
8787 
8037 
12 
78 
12 
4195 
6942 
1830 
50 
8100 
69 
223 
836 
659 
1 
7905 
47 
8918 
1 
720 
706 
9 
203 
8 
22 
983 
2 
7 
972 
2302 
9 
5769 
2959 
5 
1844 
32 
1659 
667 
683 
1 
76 
1968 
1219 
30 
629 
567 
203 
8232 
2 
275 
982 
873 
3826 
44 
915 
3141 
3 
66 
3 
4590 
38 
870 
4 
3 
5 
17 
29 
3070 
6820 
466 
8750 
6075 
9 
5438 
19 
3 
7720 
7 
1 
7031 
297 
9568 
264 
353 
40 
95 
8 
828 
9191 
2 
6328 
53 
6 
3280 
213 
1898 
5318 
357 
31 
4 
62 
364 
2 
4 
8750 
9983 
4 
1 
87 
594 
2412 
17 
708 
607 
8017 
381 
6 
2 
504 
6729 
276 
58 
578 
69 
73 
6 
8 
18 
268 
3 
1173 
1640 
388 
8840 
800 
1 
386 
6865 
842 
475 
3276 
3708 
23 
5530 
65 
222 
9549 
78 
6621 
95 
987 
223 
6479 
2 
171 
6698 
8998 
3 
2732 
32 
3791 
114 
244 
43 
4 
1342 
4026 
48 
490 
6675 
76 
760 
79 
6 
8719 
845 
1728 
667 
404 
5 
831 
7593 
664 
753 
9067 
6 
4 
870 
1 
8743 
7 
73 
997 
4596 
7 
56 
9 
46 
67 
5 
5 
2 
8 
9 
5957 
9 
22 
330 
2342 
73 
282 
2734 
2 
2 
90 
995 
3 
30 
5312 
84 
7091 
334 
710 
2759 
89 
3 
148 
784 
539 
4 
4901 
3010 
756 
731 
2044 
424 
666 
591 
8772 
574 
323 
4 
60 
5748 
3918 
1244 
387 
8 
573 
9182 
3009 
9 
63 
83 
20 
6 
65 
415 
6027 
323 
9969 
134 
725 
785 
5 
4 
7459 
1 
45 
93 
3 
4 
8 
463 
5147 
5641 
5966 
9 
1 
7857 
354 
7301 
5440 
66 
8753 
42 
481 
51 
3 
38 
22 
4 
90 
1435 
937 
8951 
4 
5 
76 
7811 
4 
90 
3110 
78 
8 
2 
426 
903 
5182 
57 
81 
7347 
3559 
6 
827 
59 
573 
4 
331 
408 
6 
71 
657 
99 
609 
5 
