308
7190 
915 
4564 
995 
8 
237 
5521 
3500 
580 
1 
541 
9 
780 
54 
803 
6925 
795 
9 
2 
886 
52 
9278 
36 
849 
71 
5 
97 
4 
3571 
766 
726 
8034 
5444 
4911 
73 
1838 
572 
467 
95 
11 
38 
18 
8025 
22 
21 
8176 
455 
5 
56 
877 
8 
245 
4270 
417 
5 
6947 
79 
78 
9871 
2 
180 
34 
8750 
36 
861 
180 
9867 
20 
39 
34 
7 
31 
86 
8782 
9380 
60 
99 
22 
10 
2 
5385 
46 
24 
36 
1 
3151 
2723 
173 
3654 
7 
4217 
976 
29 
666 
379 
88 
31 
821 
4374 
8713 
87 
6 
6826 
5359 
81 
9630 
6 
90 
8900 
5 
404 
1 
517 
3921 
5 
663 
1448 
910 
17 
4077 
6 
9 
8 
3511 
8647 
3 
37 
6 
6 
4926 
52 
4 
9869 
78 
73 
357 
432 
33 
1 
734 
1411 
641 
9 
297 
2 
734 
6 
8 
1 
12 
56 
34 
3 
67 
4583 
93 
410 
273 
4 
9002 
981 
96 
66 
1780 
4335 
215 
30 
7 
93 
8330 
842 
548 
8 
1919 
47 
52 
466 
4 
47 
1 
5156 
3099 
85 
4 
24 
1 
3431 
613 
3332 
1463 
204 
66 
856 
50 
65 
6 
65 
8 
5 
8430 
98 
229 
11 
82 
9244 
39 
22 
7411 
67 
668 
1 
842 
57 
5309 
937 
366 
85 
1 
1 
60 
90 
6 
1365 
6 
8 
844 
657 
913 
88 
5 
35 
153 
2900 
828 
241 
4916 
418 
448 
9483 
1716 
644 
723 
26 
48 
653 
5058 
4858 
112 
840 
72 
87 
66 
6360 
7 
530 
8223 
1073 
7 
2762 
20 
7 
8 
7 
48 
8159 
8 
56 
2 
3 
11 
4 
9640 
5 
49 
192 
9 
59 
1881 
57 
8 
8 
5879 
2019 
1 
77 
95 
64 
3 
3 
4333 
98 
7 
6 
642 
1723 
4743 
4791 
78 
5 
647 
609 
8 
8 
219 
128 
3030 
3 
2 
