776
763 
531 
569 
64 
57 
282 
5 
88 
7178 
77 
91 
85 
7 
4190 
535 
704 
4 
8 
9 
1 
260 
1 
78 
39 
8583 
7 
11 
1 
58 
52 
457 
486 
88 
4794 
7388 
468 
478 
3 
78 
133 
7417 
8655 
400 
66 
68 
744 
6 
95 
40 
65 
5 
9116 
513 
728 
704 
161 
2 
46 
39 
4020 
826 
6 
5 
4 
98 
7 
1 
4746 
567 
190 
9 
9515 
5936 
13 
7 
448 
209 
6 
2 
70 
28 
8923 
2 
46 
4282 
5 
8464 
5325 
31 
7 
1 
22 
6 
3467 
373 
9228 
94 
3 
60 
743 
93 
6718 
49 
7709 
8336 
6655 
39 
114 
1 
154 
7959 
515 
6 
2 
1852 
8882 
224 
7 
8125 
50 
2 
3340 
6764 
253 
7432 
2479 
876 
613 
35 
8 
6580 
822 
7330 
53 
2 
555 
8536 
4 
65 
29 
1 
198 
5406 
44 
14 
946 
470 
15 
4 
827 
2474 
4 
289 
97 
945 
1109 
73 
2 
9642 
87 
4 
984 
12 
3 
911 
3 
33 
7 
5531 
109 
6 
80 
6 
9 
57 
9984 
3898 
4324 
7882 
318 
7 
8584 
32 
39 
7415 
7653 
1962 
1267 
7 
31 
582 
6509 
1385 
533 
5 
326 
89 
391 
4 
3637 
51 
71 
55 
78 
904 
6482 
9 
70 
60 
5563 
789 
193 
5935 
190 
34 
4 
89 
7104 
440 
50 
2 
9 
7925 
587 
37 
8092 
20 
9 
3887 
43 
550 
2918 
2188 
84 
5707 
29 
9724 
1 
602 
9 
9 
6 
5 
6 
5714 
39 
2601 
164 
68 
4 
136 
27 
887 
963 
9308 
65 
537 
753 
67 
130 
672 
9499 
419 
33 
1435 
6070 
1100 
42 
1 
2 
669 
697 
359 
68 
283 
27 
77 
7476 
31 
40 
764 
152 
584 
39 
638 
2 
17 
7368 
7998 
9 
6100 
40 
8 
570 
7 
8584 
1 
88 
7172 
4868 
5 
5 
17 
412 
6161 
22 
4040 
52 
9 
6464 
451 
12 
4 
7 
7 
5208 
1704 
7301 
45 
3338 
1903 
5 
4570 
9184 
3009 
1508 
1 
9 
771 
8120 
1 
789 
9357 
8 
1167 
3364 
3121 
900 
6039 
4 
11 
504 
86 
855 
3 
21 
3564 
88 
571 
7525 
8 
17 
1 
2741 
83 
326 
5581 
1758 
830 
1 
2 
8 
8 
3 
5265 
62 
94 
1 
9945 
25 
430 
3875 
8 
503 
9 
26 
7 
95 
6 
78 
7 
3 
5 
1 
4580 
90 
9 
3127 
11 
11 
3 
8 
804 
51 
5243 
431 
8 
9525 
45 
7 
957 
48 
66 
8 
349 
48 
724 
234 
8990 
8377 
854 
16 
8650 
770 
127 
53 
9 
4 
592 
8 
237 
59 
5 
880 
378 
7 
9 
1 
68 
2 
851 
8081 
753 
27 
8 
55 
9130 
91 
1 
476 
44 
9 
37 
2 
38 
54 
88 
21 
1932 
9326 
970 
3 
16 
1 
1 
9470 
9703 
84 
39 
46 
1874 
7875 
28 
247 
515 
132 
1864 
85 
881 
21 
6072 
2116 
6 
95 
2 
54 
3 
5520 
6141 
4207 
65 
160 
416 
8522 
847 
976 
267 
96 
64 
46 
52 
21 
9 
717 
9542 
817 
2261 
613 
9890 
601 
81 
6483 
470 
52 
464 
342 
539 
27 
5205 
41 
1 
53 
8720 
8 
854 
748 
6347 
9 
694 
55 
5544 
265 
13 
83 
19 
9441 
1754 
3144 
816 
2 
5819 
3780 
444 
338 
8031 
909 
160 
667 
514 
13 
28 
4 
8 
789 
7 
380 
703 
565 
87 
7748 
1 
5361 
5291 
4 
5 
2 
8 
17 
5 
7525 
937 
2 
44 
6021 
710 
18 
6744 
57 
4 
591 
4799 
5359 
57 
525 
182 
73 
253 
6 
838 
55 
3 
9 
577 
7 
2176 
9823 
145 
63 
7 
4 
376 
40 
551 
131 
52 
946 
97 
2463 
2 
714 
9 
4 
2799 
55 
3 
7022 
1 
13 
49 
9 
3555 
91 
2 
158 
4 
1 
994 
5682 
1465 
7 
6 
7 
63 
5860 
5 
3438 
6826 
5139 
7367 
3938 
874 
9798 
184 
9 
2 
720 
92 
6 
2 
113 
7 
32 
78 
539 
6 
1 
6829 
6738 
42 
4338 
3 
553 
8 
3 
928 
8684 
1593 
72 
4157 
15 
29 
1 
26 
7878 
17 
1 
7 
5 
6639 
6774 
296 
4876 
5798 
782 
9822 
796 
4834 
2 
180 
373 
2 
3 
6 
8 
5006 
9831 
199 
3 
296 
7033 
1 
21 
2593 
7 
44 
13 
6 
8508 
33 
3 
3507 
16 
2697 
40 
5594 
9053 
50 
70 
562 
6 
8 
148 
306 
9798 
5712 
80 
4195 
46 
780 
779 
320 
6661 
5269 
6 
204 
713 
4709 
922 
5104 
70 
2119 
80 
319 
668 
95 
24 
5620 
564 
94 
338 
4846 
46 
18 
53 
344 
2885 
8 
59 
1 
806 
7782 
9202 
9 
5337 
3 
111 
82 
8 
7576 
6986 
28 
739 
2693 
894 
70 
7 
85 
909 
17 
9 
2722 
5 
7 
6 
706 
5 
