585
643 
5 
967 
8964 
8661 
693 
87 
4759 
6365 
967 
337 
9455 
92 
485 
26 
59 
58 
419 
87 
390 
7 
559 
44 
6 
469 
3 
7 
63 
9 
793 
2 
3312 
69 
112 
7308 
76 
5532 
48 
13 
97 
91 
7 
9 
3 
5 
6843 
5 
182 
855 
924 
1229 
328 
9783 
46 
42 
469 
221 
269 
52 
7211 
9 
3948 
8 
8 
84 
3097 
3 
49 
8637 
5765 
27 
650 
5 
81 
5 
54 
4382 
145 
3 
55 
571 
5735 
4 
7 
9 
9662 
5 
2 
4 
2506 
53 
2 
152 
6 
594 
6682 
7 
62 
75 
316 
1 
45 
5 
1294 
49 
9070 
253 
3 
2912 
3 
74 
8 
4 
625 
40 
5496 
89 
1475 
110 
7 
1818 
8759 
133 
2 
1 
4 
5 
580 
3793 
6 
3 
5 
91 
38 
7 
770 
866 
78 
4325 
8 
311 
71 
5 
226 
453 
4466 
138 
291 
556 
131 
1 
8 
34 
306 
4 
159 
3528 
7 
9 
4 
6482 
25 
9 
8 
88 
1 
318 
601 
35 
224 
37 
6 
6 
67 
36 
606 
526 
635 
8 
92 
60 
192 
76 
60 
452 
3755 
7371 
7 
7 
692 
9 
7 
732 
5867 
29 
34 
1 
3 
4031 
4569 
130 
943 
3 
7 
9 
513 
68 
410 
987 
37 
480 
763 
539 
994 
24 
2534 
844 
9762 
90 
2 
592 
5 
5780 
4181 
1248 
5389 
165 
6 
25 
1 
7 
50 
5454 
994 
7 
50 
8858 
189 
934 
58 
6441 
961 
4846 
55 
34 
3131 
89 
59 
7 
9181 
9100 
2520 
1739 
5019 
31 
6 
906 
3033 
700 
17 
140 
6565 
9 
8110 
162 
107 
698 
2 
16 
96 
4460 
28 
26 
9684 
48 
9 
2956 
705 
77 
2 
2 
3246 
8517 
11 
491 
9 
4896 
532 
9923 
3270 
776 
964 
19 
805 
233 
323 
1265 
81 
6 
867 
274 
2 
1489 
1209 
8 
3556 
3396 
26 
12 
2743 
6 
2609 
8560 
26 
2324 
717 
65 
1 
8775 
573 
9943 
5813 
6 
197 
93 
8 
2 
71 
5 
7 
337 
1 
93 
772 
895 
6 
6 
9 
34 
2513 
803 
7061 
4313 
81 
6 
292 
8 
75 
7260 
1325 
94 
4 
1 
30 
46 
9682 
562 
3255 
90 
4 
29 
6 
46 
9 
206 
2 
9 
5 
1 
6532 
140 
36 
6 
966 
311 
654 
5 
401 
120 
5 
3 
86 
874 
72 
563 
782 
733 
4 
242 
392 
6256 
75 
3997 
62 
252 
1383 
8 
2 
176 
905 
7002 
43 
89 
500 
87 
68 
76 
6 
18 
707 
3 
87 
4 
4914 
295 
24 
9 
86 
43 
3 
35 
645 
5 
76 
9736 
563 
3420 
31 
873 
9 
3 
889 
174 
1 
96 
50 
761 
35 
539 
24 
6308 
9620 
745 
65 
457 
994 
669 
7 
4476 
63 
551 
2 
7194 
22 
890 
34 
88 
27 
65 
74 
8570 
3255 
6194 
8 
531 
2953 
3 
854 
47 
441 
6918 
860 
9 
65 
21 
13 
2625 
311 
55 
94 
2 
5253 
5487 
7120 
15 
704 
5711 
209 
4 
32 
8 
6 
30 
8 
448 
578 
1758 
23 
87 
8902 
97 
1239 
356 
197 
74 
91 
1840 
8962 
82 
2 
8919 
9 
71 
4824 
5 
51 
5 
8 
705 
27 
6 
360 
5 
8448 
429 
6545 
203 
42 
636 
1 
26 
3 
393 
7974 
851 
433 
1389 
9 
8 
4 
497 
96 
2279 
534 
20 
33 
9890 
7765 
387 
9 
668 
64 
5 
809 
95 
21 
78 
5 
92 
8137 
7 
593 
24 
979 
1173 
6 
7 
682 
1955 
270 
8491 
611 
9997 
5100 
33 
334 
87 
3068 
51 
13 
3380 
73 
92 
231 
41 
