189
2079 
63 
9 
6 
372 
388 
34 
6 
165 
673 
295 
38 
69 
25 
7 
4248 
346 
587 
8 
209 
4 
95 
5 
322 
4 
9782 
81 
254 
576 
100 
1565 
640 
1032 
6483 
9 
790 
97 
5019 
68 
7 
2622 
7525 
9528 
267 
84 
8 
4 
4234 
59 
3 
794 
4990 
68 
5 
62 
248 
770 
869 
7 
5419 
33 
4197 
3 
9534 
9 
3447 
82 
988 
32 
2 
261 
64 
1063 
964 
5 
6 
5185 
2 
4525 
849 
227 
936 
317 
8 
304 
234 
328 
66 
9 
9298 
5666 
413 
65 
88 
60 
9887 
92 
2628 
773 
4 
5422 
9 
8494 
24 
9795 
784 
886 
62 
39 
4 
93 
3516 
5345 
691 
33 
1926 
789 
63 
990 
3551 
3 
4916 
31 
3904 
52 
6 
4123 
79 
74 
15 
6895 
630 
1 
2454 
2719 
2 
6665 
5 
6345 
5294 
7 
6693 
9908 
6 
588 
91 
158 
77 
363 
24 
300 
8262 
5011 
28 
4946 
58 
322 
282 
5368 
974 
8147 
7 
39 
5 
908 
671 
899 
847 
73 
239 
10 
2018 
199 
4 
88 
25 
1247 
172 
1 
710 
798 
7 
485 
20 
237 
513 
82 
9 
7 
