910
4 
21 
5 
4738 
36 
7 
9754 
6 
46 
1 
579 
4136 
652 
79 
3 
8 
9 
293 
8146 
62 
52 
2 
90 
4 
29 
2827 
4051 
1 
966 
717 
430 
1 
584 
144 
76 
4643 
590 
1412 
7 
6 
9 
5 
1 
594 
6869 
3 
8469 
5127 
4 
755 
3826 
145 
498 
5 
1002 
6603 
9685 
24 
96 
688 
4704 
3221 
6 
821 
16 
72 
25 
369 
117 
801 
881 
945 
31 
75 
29 
71 
2 
3148 
95 
1980 
865 
33 
37 
20 
2332 
9 
9 
4 
942 
6 
1 
285 
9 
2139 
22 
54 
955 
6431 
903 
71 
5252 
17 
30 
289 
9 
3 
6382 
5 
74 
787 
78 
733 
88 
5349 
4 
92 
4074 
9129 
88 
570 
28 
3 
6400 
62 
9927 
3 
3353 
78 
5611 
5701 
6 
678 
7375 
63 
678 
98 
853 
512 
46 
189 
8842 
7 
35 
47 
12 
3315 
1136 
540 
647 
78 
240 
62 
3079 
69 
467 
4168 
93 
8 
8375 
5 
7 
507 
8 
96 
1 
5 
7 
3580 
2 
7 
6674 
112 
7 
2 
6576 
6802 
329 
3 
2843 
577 
8166 
9075 
384 
444 
437 
2 
5 
848 
9 
1 
8 
1 
447 
5288 
9070 
5 
7 
33 
91 
74 
23 
96 
5175 
472 
11 
3 
2 
7207 
601 
274 
86 
736 
365 
79 
7 
337 
967 
7 
74 
129 
5792 
3259 
6248 
46 
9019 
24 
88 
58 
4 
305 
49 
712 
9516 
295 
866 
7879 
9 
76 
14 
966 
1 
8 
3823 
8 
10 
315 
86 
90 
4 
32 
260 
5638 
4 
67 
13 
1261 
137 
3 
899 
735 
85 
7 
30 
3117 
5393 
6075 
6207 
68 
94 
1 
14 
6087 
505 
6397 
2878 
7 
1 
5080 
9335 
9624 
9 
10 
796 
273 
80 
463 
6 
2946 
626 
7926 
83 
2464 
5899 
94 
18 
62 
36 
73 
160 
8284 
842 
180 
369 
6541 
6721 
4 
2 
67 
2 
1 
33 
1081 
5733 
781 
3 
6 
6254 
6524 
9 
79 
8910 
7 
6 
773 
9 
3821 
59 
6 
6951 
56 
510 
29 
623 
9 
3 
54 
7 
8 
3402 
6 
4206 
269 
22 
4 
62 
225 
3 
8162 
730 
4299 
9 
532 
238 
69 
60 
3 
714 
1 
63 
5118 
70 
15 
892 
6432 
857 
526 
90 
514 
454 
192 
6 
644 
9058 
65 
2623 
2290 
3350 
8 
6 
9923 
414 
1438 
9841 
6 
282 
86 
77 
88 
36 
7503 
4630 
9257 
5522 
27 
8683 
9627 
5 
984 
285 
547 
875 
85 
561 
7402 
12 
219 
827 
73 
28 
450 
8 
60 
4 
60 
9283 
73 
1740 
584 
2716 
39 
1 
6982 
2 
338 
9 
81 
2 
1 
6228 
29 
4700 
40 
8 
595 
41 
91 
4 
187 
1623 
849 
287 
5965 
8980 
8748 
4867 
235 
6725 
839 
383 
5 
4 
6 
2 
5607 
2 
78 
5593 
9 
62 
893 
68 
761 
1971 
111 
6330 
45 
1148 
8727 
34 
6 
709 
575 
9 
3 
7 
156 
9 
51 
4 
4 
1 
346 
7875 
429 
94 
6 
163 
8 
96 
4259 
95 
8 
44 
4 
59 
33 
7 
37 
8 
667 
2164 
8 
551 
7297 
51 
3394 
297 
4322 
1 
6 
848 
5 
76 
923 
1 
7 
3 
4139 
353 
12 
9580 
187 
481 
7081 
9 
2 
70 
3161 
44 
4 
6 
5678 
2 
3 
32 
763 
699 
34 
1548 
8421 
999 
556 
5 
3 
31 
6 
75 
8920 
271 
6778 
56 
18 
613 
246 
219 
7 
84 
264 
1166 
466 
676 
88 
3244 
1 
3466 
7 
8 
16 
1353 
457 
8 
39 
4008 
371 
56 
334 
5 
717 
6898 
2 
1 
774 
1213 
738 
7 
4336 
127 
7 
6 
5831 
5558 
9208 
6 
8888 
59 
97 
9048 
881 
2 
4145 
314 
951 
3621 
22 
7514 
965 
38 
1 
2385 
7002 
306 
509 
84 
72 
388 
9 
5045 
86 
6564 
6047 
9 
614 
894 
5076 
341 
906 
5 
55 
64 
658 
113 
5506 
3757 
180 
192 
7 
576 
17 
62 
3060 
6 
47 
7 
27 
9093 
39 
972 
8 
6801 
925 
4 
48 
526 
7 
3149 
900 
3272 
374 
3822 
64 
2072 
286 
9 
3 
6242 
7301 
4110 
95 
7 
427 
2 
2200 
221 
12 
42 
50 
3182 
318 
6461 
94 
2 
32 
856 
1930 
412 
53 
781 
827 
51 
6950 
99 
8 
229 
24 
404 
1774 
6 
108 
94 
2 
7728 
2109 
1 
8 
9 
2030 
166 
87 
955 
3 
9 
7 
96 
536 
807 
7249 
209 
39 
71 
7 
8 
811 
4938 
400 
9 
2 
75 
5428 
30 
4878 
498 
530 
15 
160 
18 
6 
2483 
93 
314 
82 
651 
46 
2 
764 
591 
3078 
2608 
622 
961 
6842 
470 
6 
731 
958 
8 
878 
19 
43 
5 
976 
45 
980 
5211 
64 
5810 
718 
150 
49 
7146 
373 
8941 
421 
796 
1257 
1516 
90 
2 
7 
3 
368 
98 
9866 
6 
47 
157 
724 
412 
300 
689 
205 
476 
622 
4 
93 
3549 
1778 
605 
477 
47 
57 
764 
92 
26 
364 
1273 
1 
80 
14 
270 
3299 
22 
6 
9855 
7418 
6137 
219 
37 
7174 
870 
3012 
15 
6 
5 
342 
5 
8 
9 
303 
2 
1 
100 
89 
346 
9 
954 
3 
9398 
4856 
7 
2699 
1 
1088 
35 
2 
9 
8 
880 
6494 
520 
13 
9776 
2 
8609 
9 
7459 
174 
3010 
2 
51 
911 
297 
70 
2 
7418 
887 
283 
21 
2339 
4 
30 
170 
7 
4295 
1611 
3598 
9 
9 
63 
9 
17 
4 
1062 
650 
67 
62 
65 
3 
50 
43 
21 
464 
2722 
6240 
2909 
4080 
996 
27 
7 
639 
4 
14 
2526 
2 
592 
974 
573 
40 
111 
452 
385 
