709
85 
405 
25 
408 
4175 
14 
8019 
398 
1 
6 
6 
447 
313 
19 
38 
7 
551 
45 
94 
68 
6318 
4 
9 
5 
925 
138 
237 
4 
44 
4 
26 
9 
968 
567 
1 
5 
511 
5 
1 
648 
64 
988 
622 
4 
2578 
2 
66 
99 
3486 
9 
747 
8682 
134 
8 
8 
13 
79 
32 
253 
512 
4186 
81 
3844 
105 
2417 
5 
8 
21 
5365 
2196 
1 
7790 
62 
6661 
72 
65 
28 
62 
4 
183 
6 
1 
385 
2 
435 
60 
5968 
394 
7074 
57 
57 
77 
2 
2 
794 
2074 
3622 
53 
856 
4296 
10 
719 
7 
866 
6 
6 
7737 
5 
73 
5200 
10 
760 
262 
949 
5 
31 
27 
77 
216 
54 
2866 
8745 
80 
6838 
234 
387 
530 
3104 
6825 
9109 
8 
6400 
1833 
592 
3 
8064 
46 
2 
714 
9 
312 
533 
721 
2 
3199 
6 
5877 
66 
21 
2811 
75 
8 
7594 
5 
14 
5 
3 
20 
10 
980 
1634 
4 
58 
456 
31 
29 
682 
6 
49 
39 
1264 
7830 
2 
78 
512 
6 
192 
12 
5 
1 
50 
565 
58 
150 
5 
2 
8 
8 
6659 
300 
1667 
8 
5199 
715 
1928 
7 
4 
913 
8513 
8 
66 
2 
103 
2 
33 
121 
71 
7224 
6 
184 
2 
5 
7 
5 
8437 
19 
77 
668 
10 
72 
261 
5 
6982 
778 
26 
1 
9 
7577 
76 
51 
2 
7390 
562 
1 
59 
5 
1598 
5111 
2 
781 
717 
6 
4978 
6 
424 
93 
35 
880 
5 
972 
792 
35 
4 
878 
32 
6461 
19 
7 
7840 
1 
1739 
117 
63 
28 
73 
2200 
8777 
1 
9016 
149 
246 
3740 
60 
107 
5937 
6 
388 
51 
11 
3805 
770 
24 
83 
175 
651 
465 
59 
979 
7 
980 
8898 
36 
8428 
37 
4837 
6 
3996 
411 
4784 
8 
5543 
6740 
415 
3886 
619 
371 
690 
28 
3 
472 
8838 
34 
8 
251 
1030 
945 
2 
9405 
5 
5809 
12 
2 
194 
1495 
4802 
2 
339 
2862 
8 
7 
87 
703 
95 
7974 
9439 
411 
940 
84 
1 
4513 
767 
53 
413 
152 
1 
8392 
5698 
7600 
7 
64 
2 
904 
3832 
8779 
9 
6 
610 
16 
19 
5 
36 
52 
1 
26 
1 
93 
7 
56 
7 
81 
39 
75 
114 
77 
22 
39 
83 
946 
15 
8 
19 
3584 
1448 
971 
41 
1534 
3 
100 
9 
228 
73 
10 
58 
5 
5 
159 
1 
78 
7 
774 
4944 
6 
9854 
558 
901 
846 
8455 
4794 
3 
3673 
641 
2 
9 
340 
1087 
155 
66 
5596 
7 
5 
3528 
2188 
659 
22 
4292 
6 
3 
9823 
4 
742 
66 
4267 
39 
1 
75 
4558 
58 
5331 
5 
4 
7115 
72 
7830 
8 
4 
4886 
7547 
18 
94 
5198 
85 
78 
8541 
16 
3463 
596 
9496 
482 
63 
1 
9442 
3095 
617 
3 
7 
2486 
6007 
6 
36 
352 
85 
8015 
197 
7 
68 
8031 
51 
3415 
2 
4709 
46 
8888 
7 
3181 
74 
552 
5 
32 
354 
6235 
5 
3825 
3 
92 
35 
57 
6 
5 
50 
7 
4 
743 
4 
44 
7100 
2 
152 
2 
7347 
9 
234 
5 
4 
79 
4 
2227 
6661 
56 
675 
9 
3780 
2808 
6911 
9644 
46 
812 
4 
8703 
5222 
7878 
36 
23 
69 
48 
1 
712 
7 
374 
711 
86 
8 
6998 
6 
7 
8414 
653 
43 
6 
59 
351 
7 
772 
1 
8 
1535 
2010 
4074 
459 
4 
273 
51 
182 
6357 
7 
2 
4400 
2 
163 
5148 
4 
92 
9238 
4078 
1974 
36 
7156 
805 
79 
2 
3 
3412 
126 
676 
6966 
7812 
62 
625 
3 
4577 
5 
701 
269 
9 
1 
965 
51 
2 
7057 
1203 
3232 
749 
7893 
90 
3132 
947 
14 
3 
4 
7150 
813 
1 
3 
2 
4 
176 
28 
9921 
8 
72 
6013 
54 
21 
7 
420 
86 
49 
9 
4801 
407 
822 
6 
48 
6940 
4583 
375 
50 
2 
3228 
716 
8 
798 
6126 
8 
849 
1 
682 
5336 
6727 
555 
8 
1934 
30 
5 
914 
2 
28 
3 
9859 
57 
75 
158 
29 
1328 
9 
8590 
32 
4383 
7434 
6 
38 
37 
707 
6 
421 
28 
5 
57 
10 
2 
5996 
3321 
72 
5 
171 
24 
41 
84 
9306 
86 
9661 
2099 
21 
5782 
3994 
9750 
8 
47 
1 
5 
5239 
2385 
9744 
37 
6 
2633 
71 
130 
2180 
610 
