768
4 
37 
662 
8137 
75 
6 
711 
3 
1499 
2301 
2819 
907 
9532 
59 
9 
3316 
9 
90 
2873 
3632 
9611 
6798 
9175 
6356 
531 
10 
658 
6 
805 
4 
1533 
20 
1641 
208 
90 
7572 
8 
1 
8 
32 
4 
211 
889 
4813 
5 
1832 
31 
2067 
10 
67 
7516 
2211 
39 
2584 
1 
594 
8 
4 
7662 
83 
13 
8756 
318 
26 
6 
533 
68 
357 
54 
3687 
20 
6 
1 
1 
2647 
621 
523 
3 
421 
7173 
573 
89 
9 
2723 
8 
140 
105 
9191 
3165 
3866 
5 
84 
7221 
1 
84 
3 
9532 
64 
56 
386 
4573 
2 
2315 
5388 
7327 
1456 
656 
5153 
7626 
46 
37 
7 
3811 
867 
3273 
520 
5 
8745 
908 
4807 
3 
1 
1646 
66 
379 
95 
7428 
18 
1 
27 
6070 
16 
21 
1074 
7 
4 
2 
66 
9414 
1309 
3432 
837 
2 
131 
82 
822 
96 
83 
5 
2526 
548 
9 
7279 
90 
912 
2 
116 
2905 
6 
1640 
37 
6 
905 
327 
74 
29 
149 
638 
357 
35 
2 
485 
6886 
6 
36 
85 
4912 
3 
428 
7920 
194 
93 
6560 
28 
9738 
146 
48 
7915 
2216 
9981 
590 
262 
555 
262 
5879 
47 
772 
40 
524 
61 
56 
370 
8 
7907 
419 
8317 
6 
3367 
7124 
56 
7 
320 
305 
5 
31 
634 
2 
64 
323 
29 
2767 
296 
4279 
9996 
864 
558 
660 
439 
1 
24 
3389 
4682 
754 
6 
3 
731 
37 
4138 
5 
6 
54 
60 
4 
4 
660 
2 
56 
7939 
667 
828 
490 
37 
8830 
266 
39 
2466 
6622 
1425 
4 
493 
6311 
22 
1820 
10 
553 
42 
1 
6 
16 
30 
74 
4 
22 
9 
845 
5 
3343 
51 
72 
253 
366 
6 
6030 
9227 
84 
4 
99 
24 
4 
46 
9766 
308 
34 
119 
800 
62 
5804 
5390 
2544 
506 
94 
27 
5 
3897 
8 
123 
31 
37 
450 
8 
138 
855 
709 
448 
914 
3 
9 
256 
8 
8 
4316 
6 
1 
78 
464 
34 
704 
7591 
9387 
5971 
59 
793 
73 
2117 
90 
77 
1103 
304 
5 
86 
1 
25 
1 
425 
7 
34 
2 
8 
12 
4650 
642 
57 
38 
8105 
80 
4746 
2 
6 
20 
95 
96 
416 
107 
849 
9923 
7 
352 
6574 
49 
709 
40 
5 
49 
314 
503 
7 
420 
9012 
6705 
65 
7 
3340 
30 
1772 
406 
7 
69 
242 
22 
8169 
64 
8653 
5782 
2 
51 
402 
7675 
726 
6 
343 
6322 
262 
8 
3 
613 
5884 
6 
98 
448 
3855 
622 
2283 
198 
2 
61 
2742 
7 
800 
6 
28 
234 
6 
688 
6179 
7 
355 
942 
536 
99 
579 
719 
66 
4 
14 
665 
685 
835 
4761 
1 
7190 
262 
7141 
606 
7 
7 
623 
7 
47 
6020 
9508 
2390 
751 
66 
2 
692 
973 
59 
1315 
8 
410 
2009 
12 
70 
47 
3 
433 
8 
5561 
17 
3227 
67 
98 
9759 
9264 
8650 
936 
8266 
9 
5397 
7 
271 
89 
780 
1 
178 
8 
6 
62 
3 
634 
371 
6 
1 
9159 
3796 
25 
71 
424 
5398 
3966 
526 
95 
6972 
63 
4279 
64 
577 
77 
7101 
1528 
6 
8708 
597 
2451 
596 
97 
5269 
733 
72 
778 
727 
3892 
428 
159 
87 
317 
363 
14 
11 
99 
7333 
3 
576 
3042 
5 
8 
3162 
928 
5 
6 
8 
8386 
772 
57 
176 
549 
6469 
4750 
5 
3629 
1 
552 
57 
6070 
326 
87 
636 
89 
837 
70 
7625 
9562 
361 
964 
3961 
4 
62 
605 
9 
19 
6180 
7 
9338 
27 
9 
8 
707 
12 
53 
7879 
86 
20 
694 
2 
6612 
2 
929 
3434 
2680 
4 
28 
7 
9 
8 
620 
2 
8348 
950 
9 
58 
3987 
1572 
7004 
4102 
5 
442 
3 
7990 
714 
3 
5024 
140 
7 
174 
7016 
855 
6 
634 
164 
9 
5 
6 
828 
337 
1 
536 
641 
2283 
9927 
138 
7 
2 
8533 
42 
7843 
5 
77 
3342 
823 
3 
1605 
9059 
23 
82 
50 
52 
8706 
6787 
5186 
2 
780 
94 
6092 
8 
7353 
678 
6988 
8 
771 
858 
1 
38 
8 
1831 
1217 
7 
853 
79 
4 
8 
40 
2525 
50 
77 
9233 
32 
839 
56 
9956 
8142 
7769 
80 
682 
7546 
72 
3 
428 
5838 
7224 
7 
2 
508 
4 
450 
8 
5640 
221 
9 
9 
2006 
426 
3 
95 
73 
66 
27 
358 
96 
448 
38 
41 
6 
11 
695 
4147 
1027 
3 
838 
45 
537 
706 
5154 
362 
6931 
19 
378 
8878 
9 
5531 
4319 
576 
891 
3630 
9638 
9659 
28 
6 
1 
67 
507 
1 
9 
5 
4878 
2470 
6 
81 
1 
4 
1839 
6 
312 
5 
33 
16 
1310 
3 
84 
93 
9 
9871 
5725 
5 
45 
2621 
9 
632 
4295 
