114
7729 
7499 
3157 
4197 
2 
5357 
2 
92 
628 
5 
854 
73 
348 
24 
2052 
7249 
5479 
3 
9 
6659 
44 
7 
65 
4 
6 
125 
5 
201 
75 
230 
649 
99 
36 
2 
8554 
429 
1136 
4865 
5311 
76 
4472 
4 
4 
10 
161 
4 
7 
10 
81 
88 
35 
1 
908 
1 
8539 
6243 
866 
64 
8 
8 
204 
850 
383 
684 
82 
7585 
83 
378 
79 
5 
9 
780 
6 
178 
6813 
6095 
9 
2100 
6286 
50 
7 
20 
4 
9 
8473 
1405 
5407 
1 
412 
6 
7067 
686 
3501 
5164 
311 
71 
65 
8339 
3370 
6734 
76 
7 
561 
7 
8688 
15 
9521 
31 
4 
125 
32 
62 
7130 
91 
