685
4 
489 
9 
6 
5910 
536 
6404 
584 
235 
108 
91 
819 
4280 
87 
6 
4511 
1 
26 
3815 
37 
651 
18 
2821 
8967 
195 
7 
42 
27 
738 
95 
9 
4451 
3 
4374 
740 
54 
80 
3214 
8148 
5 
34 
3819 
44 
53 
5 
71 
7 
4130 
2458 
9208 
2450 
28 
99 
437 
68 
1097 
377 
52 
6 
699 
9 
3067 
312 
3924 
3 
569 
36 
3472 
956 
921 
7 
8 
24 
36 
999 
609 
29 
2928 
647 
3 
2158 
1 
4509 
3199 
8 
9194 
970 
272 
521 
98 
1226 
4 
305 
7394 
4 
9 
293 
442 
7 
1 
8 
9 
5 
756 
244 
903 
5155 
7126 
864 
9 
72 
22 
7619 
869 
2626 
1691 
4 
84 
8523 
21 
56 
52 
1588 
805 
6084 
5900 
2527 
226 
81 
56 
6020 
4 
4 
3330 
75 
9 
9625 
426 
30 
1 
641 
9990 
21 
374 
5132 
1837 
78 
9 
4065 
2408 
1899 
647 
8 
82 
66 
8 
416 
74 
669 
44 
45 
9977 
53 
17 
204 
4 
57 
914 
51 
8 
443 
9 
2307 
9 
6456 
74 
952 
9771 
3 
1070 
15 
9 
92 
8 
7 
59 
10 
4 
808 
933 
53 
50 
2 
6 
53 
3 
848 
64 
1727 
627 
756 
1 
801 
6 
4 
9 
5996 
28 
210 
3 
60 
109 
2452 
3923 
59 
915 
88 
23 
610 
688 
3052 
745 
22 
615 
2 
7 
960 
697 
2363 
3 
67 
7753 
557 
45 
72 
75 
8 
5 
6882 
5277 
331 
8336 
91 
2 
40 
6 
2 
94 
9764 
838 
5369 
4 
14 
4090 
4 
75 
625 
47 
4530 
96 
156 
25 
802 
25 
429 
9563 
17 
5481 
1 
4795 
5458 
93 
3 
3813 
20 
9991 
85 
96 
8921 
1980 
2716 
42 
5267 
875 
255 
9 
25 
1 
48 
2377 
14 
1 
3895 
68 
685 
40 
6045 
1 
2 
344 
93 
9 
1 
1188 
64 
7 
72 
68 
8487 
4467 
4 
6147 
6 
8 
70 
69 
8 
4 
8071 
4 
701 
3768 
59 
161 
11 
3256 
840 
2 
98 
38 
550 
394 
8620 
1 
66 
58 
60 
73 
6093 
878 
15 
3256 
4315 
998 
9933 
3 
8 
5 
901 
251 
97 
3435 
232 
1 
6312 
2426 
1 
1 
7 
5020 
9 
89 
859 
8 
87 
2 
685 
2 
6 
9547 
1808 
55 
83 
976 
5652 
500 
22 
7973 
208 
9 
4067 
3010 
323 
46 
43 
618 
8 
905 
3 
4667 
98 
67 
5659 
8867 
81 
605 
540 
175 
71 
74 
34 
180 
6 
19 
7 
6 
747 
8115 
40 
89 
68 
56 
358 
47 
439 
1395 
57 
1920 
88 
6 
78 
646 
662 
5 
56 
276 
4 
2 
3 
60 
246 
154 
4443 
57 
35 
385 
7 
201 
9677 
5867 
73 
6873 
5 
354 
308 
6 
230 
4712 
9437 
80 
6 
2 
5138 
36 
8 
840 
4 
11 
7016 
884 
4839 
48 
452 
94 
4059 
851 
1966 
4 
7160 
4 
82 
8851 
1 
74 
636 
5710 
7 
9512 
7609 
3 
4285 
9 
6881 
609 
8915 
611 
8 
12 
193 
9255 
52 
79 
144 
35 
13 
7 
1952 
7 
3 
9139 
95 
82 
27 
144 
818 
35 
8 
6 
72 
4 
673 
29 
6 
1467 
38 
6037 
236 
431 
8657 
624 
9 
4 
4428 
3190 
7107 
7367 
2 
83 
7 
377 
2942 
3 
5 
64 
1415 
34 
28 
120 
93 
89 
933 
5931 
56 
1912 
31 
6 
3814 
65 
92 
162 
268 
3 
98 
1916 
16 
7253 
5 
9 
93 
585 
245 
255 
2 
6 
3227 
681 
9 
905 
5 
762 
1 
3 
3 
373 
7 
51 
1614 
6605 
7137 
2033 
96 
89 
8 
1 
2 
4 
78 
6 
57 
66 
4645 
74 
763 
60 
4203 
5 
688 
9 
64 
9 
916 
50 
29 
9 
5893 
6 
5285 
2779 
1726 
72 
25 
5 
7462 
9829 
5318 
64 
3066 
1 
2106 
5 
8811 
77 
214 
5408 
2212 
7598 
130 
22 
2 
4462 
4 
4 
3 
4010 
743 
2060 
768 
13 
5343 
9538 
6 
46 
84 
4022 
9964 
5282 
2 
417 
55 
9 
1616 
8 
57 
6 
1 
539 
20 
6178 
7572 
17 
9081 
2 
189 
7 
40 
479 
181 
4 
2708 
784 
9734 
8 
380 
63 
1318 
1 
9 
7066 
913 
9123 
355 
79 
8777 
82 
4110 
