799
423 
2309 
77 
1255 
69 
75 
172 
33 
9643 
70 
23 
2186 
288 
321 
79 
1484 
90 
602 
68 
1192 
70 
72 
16 
84 
20 
8386 
8 
249 
207 
863 
2905 
4860 
2924 
8950 
55 
17 
5504 
3268 
938 
9 
525 
8 
36 
25 
35 
1 
2 
2 
110 
597 
52 
348 
268 
30 
1 
1495 
433 
78 
7021 
8508 
684 
547 
3458 
7633 
9 
3 
9 
8453 
4 
5 
516 
66 
9950 
3 
53 
31 
70 
8 
1345 
81 
45 
81 
58 
81 
54 
634 
883 
5 
2832 
56 
5 
400 
627 
1 
98 
602 
93 
9216 
2 
8523 
654 
90 
1 
5437 
72 
204 
3025 
932 
85 
5 
3 
3 
4 
32 
260 
2 
20 
7 
3 
17 
8137 
3927 
754 
85 
3 
15 
80 
3 
512 
6452 
154 
918 
1 
6 
371 
8010 
1185 
80 
7695 
7127 
8 
323 
6 
8 
3 
3 
32 
41 
9 
262 
8577 
24 
2 
1 
6 
35 
3257 
2605 
8686 
2007 
2 
8 
403 
6775 
870 
7 
991 
1 
1 
42 
5638 
9 
57 
4 
446 
26 
4899 
77 
732 
30 
602 
5214 
9 
57 
475 
916 
820 
1461 
37 
3 
3 
12 
5746 
71 
5578 
9212 
6337 
6482 
8446 
94 
5268 
979 
991 
7 
95 
6 
15 
518 
644 
95 
68 
25 
2265 
260 
27 
525 
89 
15 
2801 
8 
90 
7792 
5 
9 
1118 
1561 
863 
5575 
47 
186 
409 
69 
41 
92 
737 
8 
4691 
57 
330 
144 
3443 
4165 
453 
4 
938 
119 
57 
2237 
6 
73 
469 
7 
6084 
57 
8 
9 
530 
711 
6 
56 
85 
408 
58 
9 
9968 
8 
3 
7 
464 
304 
7 
3346 
4 
3519 
346 
886 
6 
8703 
63 
3 
69 
5920 
717 
12 
5 
424 
59 
1 
6041 
44 
83 
30 
8666 
574 
8359 
340 
507 
9047 
12 
11 
1 
3 
95 
859 
1575 
105 
710 
27 
68 
852 
4 
8 
6 
4931 
78 
4 
4 
14 
5283 
31 
98 
32 
139 
7796 
8 
1455 
2 
1326 
739 
2196 
20 
7 
28 
9286 
94 
8 
2100 
685 
977 
4890 
8 
8 
3 
9 
3 
816 
6536 
8968 
8823 
923 
959 
9 
7523 
7325 
253 
9 
30 
33 
8 
4 
1041 
9 
9 
6337 
157 
1 
427 
709 
98 
6726 
47 
1 
5070 
5800 
9227 
98 
2 
516 
354 
5 
3788 
2515 
2 
2 
8483 
9689 
2 
2 
4590 
87 
8 
458 
7 
83 
563 
3 
4 
4362 
63 
32 
2 
7 
4 
27 
2 
364 
111 
771 
6659 
89 
4 
23 
23 
14 
3221 
83 
7 
9 
37 
1893 
2 
3 
773 
711 
47 
4 
117 
77 
734 
23 
7094 
7 
298 
9025 
4 
115 
40 
2184 
4995 
20 
6 
855 
7 
871 
3003 
790 
56 
9 
9 
48 
5925 
963 
8419 
5287 
47 
4 
9 
61 
9 
7953 
438 
513 
2337 
9512 
96 
9616 
27 
2759 
915 
7860 
151 
120 
28 
168 
2803 
3 
3 
669 
8 
5965 
5306 
4 
573 
56 
9 
46 
87 
88 
83 
6 
7731 
9892 
3404 
923 
8893 
631 
827 
8809 
402 
9 
7 
96 
30 
9648 
727 
5440 
102 
81 
8967 
39 
6052 
7 
6 
913 
20 
7 
9 
863 
9886 
5695 
948 
6416 
929 
1779 
6998 
15 
41 
741 
95 
6063 
8 
24 
381 
5 
3 
20 
9124 
7236 
2 
269 
3741 
966 
79 
7288 
311 
4665 
1 
5586 
346 
17 
8202 
553 
12 
39 
4445 
68 
93 
56 
188 
8500 
641 
7 
7 
72 
914 
7453 
37 
527 
1 
9397 
23 
4 
85 
6180 
617 
9 
95 
198 
9826 
7964 
339 
742 
2571 
949 
79 
31 
49 
3572 
45 
4945 
85 
9623 
9 
160 
5 
80 
3055 
6 
70 
727 
7854 
5 
8985 
601 
577 
9 
1 
5 
97 
95 
7 
79 
8 
80 
7 
7826 
77 
87 
8608 
5427 
58 
50 
161 
9 
5 
4054 
45 
733 
91 
190 
64 
99 
5 
3293 
594 
596 
9327 
7068 
981 
5187 
96 
5 
901 
955 
5 
3126 
104 
9 
5 
9 
3 
922 
458 
1897 
7532 
6507 
6248 
13 
6553 
4 
20 
9606 
2977 
2 
704 
96 
318 
4 
54 
5189 
6675 
7 
5368 
21 
369 
12 
867 
7 
3 
124 
902 
16 
2 
638 
6049 
1 
395 
8175 
46 
695 
9 
626 
4794 
308 
3 
1402 
69 
3 
1376 
36 
3 
21 
5610 
49 
108 
959 
320 
743 
4 
343 
45 
454 
728 
470 
7685 
2825 
1644 
96 
57 
7 
98 
107 
8193 
38 
6 
128 
7380 
1027 
7 
9341 
41 
3878 
744 
3770 
6723 
1260 
28 
833 
996 
1 
702 
4 
9729 
9 
9423 
599 
8 
2951 
28 
1177 
568 
22 
51 
434 
7034 
318 
10 
53 
7016 
5471 
4419 
267 
5813 
7 
195 
4 
615 
33 
5 
8 
31 
20 
659 
1 
6 
263 
3062 
90 
183 
8 
68 
9 
90 
95 
382 
6145 
623 
3023 
561 
4895 
73 
9017 
70 
6326 
470 
153 
6 
9 
6748 
