829
8 
827 
1203 
6241 
566 
40 
16 
5 
4 
94 
638 
87 
7591 
6154 
935 
909 
50 
2 
5 
3685 
22 
55 
61 
9202 
3414 
3491 
2819 
486 
252 
57 
2433 
89 
1518 
1064 
9416 
5 
2 
181 
3157 
5 
52 
9785 
9 
6479 
406 
976 
177 
159 
474 
24 
9 
5 
1 
5194 
234 
28 
221 
792 
89 
6 
967 
2 
680 
391 
59 
25 
5311 
278 
1 
2 
13 
3893 
2 
50 
902 
52 
6540 
810 
31 
7356 
22 
763 
90 
6 
7458 
4549 
4 
29 
4816 
20 
9 
222 
3088 
2493 
67 
514 
917 
1228 
1663 
4742 
943 
86 
2068 
64 
93 
12 
9977 
2 
3 
85 
48 
2527 
496 
96 
7 
88 
8330 
8316 
8190 
3 
1016 
715 
5741 
1 
9701 
5 
595 
8 
45 
1102 
7389 
27 
697 
279 
1078 
1361 
4022 
39 
8619 
273 
767 
46 
74 
6 
59 
4215 
270 
3510 
36 
88 
33 
5923 
8 
5650 
3366 
10 
99 
6 
77 
352 
575 
7033 
915 
41 
2 
81 
917 
4532 
778 
464 
9 
31 
96 
1852 
350 
3 
454 
34 
4571 
9 
4 
9 
21 
735 
51 
494 
2 
97 
924 
1020 
4690 
85 
64 
8734 
79 
785 
8 
7182 
79 
70 
139 
465 
1775 
790 
1986 
1 
2 
74 
64 
577 
6240 
828 
3 
5 
9850 
99 
79 
5399 
9841 
302 
642 
48 
6 
729 
9895 
36 
6535 
369 
27 
14 
59 
1407 
83 
7777 
77 
2221 
16 
578 
9 
22 
6 
91 
617 
8 
18 
80 
584 
16 
53 
3074 
4022 
65 
3584 
713 
18 
4011 
8 
8158 
713 
9 
5 
30 
944 
3514 
908 
2974 
53 
329 
143 
19 
6 
59 
45 
1 
213 
14 
99 
3 
3 
8504 
2 
408 
2 
4757 
458 
75 
93 
580 
319 
986 
1834 
2215 
21 
519 
459 
616 
5 
8702 
7419 
5571 
2011 
5 
6 
811 
642 
72 
480 
4314 
20 
4007 
3 
4 
165 
5 
1 
8261 
79 
56 
31 
9879 
8 
6 
5356 
7433 
85 
13 
4574 
7423 
803 
309 
9923 
777 
8 
453 
37 
695 
3 
5 
762 
2068 
89 
676 
3 
84 
3 
63 
9705 
62 
683 
902 
43 
26 
183 
9984 
5914 
50 
951 
98 
648 
38 
2675 
57 
544 
5 
13 
5 
8 
92 
4 
729 
1 
5485 
562 
1 
485 
635 
41 
49 
8813 
266 
41 
179 
4 
4009 
2169 
14 
6 
448 
4 
97 
58 
69 
1 
81 
2983 
94 
9517 
4 
95 
8551 
3083 
8903 
90 
800 
625 
15 
25 
8350 
4 
71 
735 
793 
357 
50 
3918 
95 
8 
5 
9 
7819 
5272 
1078 
1 
65 
4621 
476 
5 
63 
93 
6 
21 
887 
2051 
92 
8552 
8373 
710 
768 
43 
16 
95 
2 
3844 
6 
7938 
487 
8 
2374 
9 
544 
8772 
3684 
50 
4 
702 
90 
5121 
9843 
4 
4032 
5 
14 
9559 
20 
3 
37 
1017 
686 
8 
5 
3584 
1552 
91 
68 
8113 
85 
2 
981 
2315 
5 
6 
677 
2354 
89 
252 
4442 
6050 
751 
738 
41 
63 
96 
534 
2 
2 
2 
3 
3 
402 
538 
4 
782 
808 
43 
2 
608 
7280 
7481 
7 
9747 
94 
9209 
994 
4641 
9438 
562 
6847 
5 
7806 
1831 
6642 
2413 
4057 
408 
7 
9 
3 
73 
898 
94 
674 
2 
27 
2 
74 
6 
5 
113 
717 
7838 
717 
3103 
9 
42 
430 
128 
38 
62 
428 
9588 
9684 
1 
41 
4 
39 
148 
7644 
7 
1 
765 
7337 
4 
96 
959 
9 
624 
4028 
94 
66 
7 
68 
25 
68 
7 
3 
584 
955 
23 
470 
60 
7673 
2 
243 
182 
6 
7 
778 
2664 
2 
644 
469 
8480 
5661 
8 
380 
747 
9466 
3 
57 
961 
490 
4 
4 
6061 
541 
1171 
77 
680 
632 
257 
702 
929 
73 
31 
4 
294 
9095 
8 
3448 
2 
42 
3 
9 
2151 
13 
3324 
1373 
700 
66 
9 
175 
4295 
3696 
9004 
713 
957 
5 
961 
485 
56 
4851 
34 
6 
272 
26 
5 
74 
935 
605 
2 
2 
3 
98 
618 
6429 
212 
158 
280 
5 
57 
89 
5042 
84 
64 
4 
127 
79 
11 
7 
14 
3275 
4 
9 
6 
6856 
280 
443 
822 
24 
99 
257 
1 
1286 
48 
526 
7 
8398 
1384 
6941 
921 
473 
466 
5408 
766 
7 
429 
3859 
3 
6 
5835 
793 
1353 
5332 
20 
7 
1 
4 
7291 
2752 
6 
8 
47 
833 
63 
24 
7 
43 
6809 
84 
5 
665 
3 
861 
8135 
3 
542 
858 
80 
907 
730 
680 
130 
470 
995 
22 
6 
22 
4307 
878 
6767 
386 
2661 
825 
2 
4 
32 
8 
393 
98 
8 
94 
52 
587 
732 
157 
14 
3293 
5567 
2437 
31 
868 
528 
36 
2 
381 
1 
58 
8 
203 
9 
6373 
3 
690 
44 
585 
135 
767 
577 
98 
357 
1 
67 
8 
5057 
5 
3 
5 
9898 
58 
3 
6 
1 
6 
798 
741 
138 
9 
1367 
21 
98 
8 
53 
70 
120 
234 
28 
42 
186 
7 
920 
119 
653 
8608 
71 
5936 
7480 
5452 
7 
8 
78 
490 
836 
60 
2 
5 
55 
5056 
2 
72 
