884
960 
8583 
4806 
732 
487 
3977 
9 
619 
196 
9 
23 
594 
5 
3 
706 
5140 
9 
433 
54 
5 
48 
8 
262 
1 
8 
58 
8 
37 
890 
472 
8781 
85 
3986 
2340 
1 
30 
76 
3 
1001 
2 
6670 
8547 
943 
64 
86 
5154 
4 
3118 
6969 
57 
4480 
4 
63 
7 
906 
287 
3 
8 
468 
172 
8 
4645 
1030 
8039 
7 
7535 
850 
9995 
59 
27 
5 
2 
289 
389 
5 
7 
452 
2660 
32 
9 
3 
3 
196 
462 
3616 
15 
9646 
8 
4954 
9164 
2479 
3 
1 
9 
5 
8 
816 
734 
16 
7075 
2963 
1 
9326 
9 
5 
4 
6361 
9 
932 
8 
3 
240 
30 
9 
70 
828 
73 
392 
8 
1 
65 
1292 
239 
41 
7 
38 
31 
2570 
14 
781 
848 
69 
279 
6 
8 
5357 
487 
560 
1 
5241 
4 
15 
121 
72 
7622 
706 
250 
3 
34 
636 
87 
114 
6025 
9 
42 
17 
6392 
89 
179 
693 
807 
119 
2805 
245 
5 
795 
5929 
461 
427 
6662 
3329 
98 
4 
21 
6 
273 
5086 
13 
8 
471 
750 
6 
724 
4 
125 
17 
2453 
6877 
62 
92 
3030 
42 
20 
28 
8972 
4 
381 
1 
7551 
2 
16 
333 
32 
51 
429 
385 
433 
1746 
891 
7 
9893 
8 
7 
4 
7 
6412 
8 
83 
5524 
3 
76 
3948 
1 
380 
940 
21 
785 
704 
60 
641 
7882 
58 
267 
6353 
1 
18 
6 
4138 
6 
173 
3 
394 
5 
65 
463 
325 
203 
181 
10 
1 
7 
672 
8070 
6 
39 
85 
255 
4025 
8425 
2807 
934 
698 
7386 
38 
76 
599 
6828 
71 
618 
34 
1 
29 
73 
57 
1 
67 
19 
833 
561 
217 
88 
60 
76 
67 
374 
4 
425 
430 
7 
3 
173 
508 
6097 
29 
8 
4 
21 
8 
810 
300 
7328 
43 
93 
3 
948 
4 
85 
727 
648 
728 
7832 
703 
3703 
4 
5 
7515 
4 
20 
89 
1 
947 
9282 
151 
6882 
28 
206 
36 
15 
3096 
814 
50 
961 
7367 
8 
698 
13 
36 
3151 
70 
675 
761 
57 
530 
5 
4260 
9 
9862 
166 
393 
6036 
23 
466 
80 
773 
71 
880 
6 
5 
62 
1 
74 
5 
286 
349 
965 
511 
8350 
8 
5 
4093 
8 
7460 
6 
7 
356 
245 
734 
23 
6 
1 
8287 
276 
820 
7236 
33 
2790 
76 
76 
856 
421 
6 
44 
28 
82 
27 
600 
356 
7850 
6647 
18 
3472 
1762 
1893 
659 
31 
3421 
644 
3 
35 
72 
464 
1 
931 
1311 
528 
4664 
472 
278 
8 
31 
8399 
803 
966 
4488 
69 
463 
695 
2101 
9 
8914 
6187 
9061 
4 
54 
240 
16 
1 
5226 
240 
158 
5 
5037 
771 
9 
12 
649 
142 
3813 
67 
145 
798 
8165 
1614 
3643 
675 
2397 
21 
7739 
35 
525 
90 
408 
20 
861 
9 
83 
1712 
52 
592 
8 
2 
7772 
8068 
58 
1 
1587 
23 
3 
79 
317 
39 
608 
2186 
75 
4 
237 
367 
861 
9430 
6 
7 
7161 
440 
35 
2370 
8 
545 
809 
326 
12 
6617 
8647 
42 
8342 
144 
7 
43 
903 
8 
849 
88 
9 
424 
839 
7435 
76 
2 
2181 
73 
16 
7377 
6856 
851 
573 
2 
2846 
95 
401 
61 
9 
4577 
9075 
50 
968 
764 
701 
3 
1 
1 
5529 
136 
62 
98 
783 
29 
38 
884 
91 
191 
883 
4 
6 
175 
9861 
643 
9106 
2992 
6 
7 
136 
83 
22 
13 
17 
7791 
2283 
6328 
8524 
155 
726 
7 
2075 
250 
5975 
5865 
991 
682 
47 
91 
56 
63 
2134 
2222 
35 
613 
54 
1944 
4760 
286 
4302 
38 
1 
99 
435 
34 
67 
45 
14 
3 
164 
80 
7 
121 
13 
94 
57 
3 
9117 
726 
7605 
44 
123 
51 
3 
7 
2024 
188 
5 
8700 
63 
23 
454 
107 
55 
46 
5012 
23 
4281 
3739 
581 
996 
56 
261 
4295 
57 
3 
93 
5 
5967 
4818 
9979 
5 
6 
4 
20 
7 
21 
3613 
1841 
19 
2668 
9332 
3494 
2 
5803 
2 
2029 
3 
35 
4356 
17 
5 
5 
149 
7140 
1 
39 
90 
27 
19 
639 
27 
6 
5 
579 
7705 
9 
3060 
4 
6299 
9 
9881 
837 
4883 
554 
7 
5854 
3 
6452 
9648 
846 
27 
66 
338 
563 
8474 
2723 
22 
299 
524 
506 
60 
13 
3625 
8697 
315 
287 
6971 
1731 
6 
745 
74 
7 
8 
9258 
755 
41 
152 
939 
1977 
9 
9305 
5 
476 
9 
861 
5031 
6 
7 
94 
87 
643 
3965 
4875 
6975 
63 
72 
7 
799 
90 
4730 
1748 
28 
93 
8 
9 
42 
2186 
91 
214 
5973 
41 
649 
8 
65 
7758 
57 
3 
37 
2638 
547 
7634 
5185 
15 
394 
3 
6 
2317 
60 
1 
6032 
56 
2448 
86 
9522 
35 
8447 
245 
939 
27 
7 
8791 
7 
6 
8 
509 
7 
65 
511 
390 
313 
76 
35 
28 
6967 
7400 
1343 
232 
32 
9079 
1 
43 
7197 
4 
8 
7272 
3 
3900 
5811 
9243 
22 
6694 
841 
5577 
355 
369 
5 
7 
1386 
2725 
768 
1 
1 
4771 
7619 
4266 
4322 
210 
16 
2335 
85 
443 
8 
87 
1 
2 
6421 
9872 
2943 
317 
291 
1687 
2148 
6849 
7539 
896 
2 
93 
9 
8407 
454 
2 
255 
505 
140 
35 
70 
6953 
589 
69 
16 
6167 
101 
7 
5434 
8 
1 
1 
904 
9882 
5048 
444 
990 
3 
511 
631 
109 
3852 
14 
3433 
9 
1806 
94 
8962 
