627
5478 
8661 
3 
6653 
8798 
318 
4706 
1 
653 
32 
249 
1993 
263 
73 
7651 
1 
2117 
550 
5953 
55 
4865 
37 
9192 
225 
46 
1858 
3 
76 
244 
823 
5418 
19 
35 
5415 
81 
305 
46 
337 
45 
8469 
31 
252 
235 
6 
35 
253 
43 
67 
726 
707 
134 
31 
597 
75 
536 
7010 
17 
312 
18 
8479 
9290 
2257 
430 
5802 
7 
40 
3 
4 
8 
841 
2614 
2 
2 
249 
978 
4 
3907 
380 
402 
95 
5 
609 
10 
2802 
81 
59 
33 
5870 
1 
6252 
1652 
9 
4 
22 
11 
53 
9 
866 
644 
6021 
17 
4 
345 
523 
504 
4 
762 
2 
219 
378 
1718 
1646 
42 
14 
57 
41 
64 
5 
288 
6 
8 
81 
9562 
7 
3831 
585 
270 
853 
7101 
985 
629 
9 
2527 
51 
5 
1 
9003 
37 
2 
3 
8 
484 
987 
764 
629 
3496 
3 
9124 
5 
3949 
51 
644 
856 
55 
4 
648 
2519 
8393 
323 
4931 
2621 
99 
94 
6206 
7 
404 
306 
16 
557 
80 
1 
5 
84 
1 
653 
1131 
3 
91 
34 
157 
4306 
60 
981 
8960 
27 
79 
4810 
4389 
90 
73 
245 
64 
82 
6 
1464 
9 
3 
9061 
1693 
644 
7495 
877 
1 
63 
2173 
3 
8 
6 
630 
37 
92 
32 
5626 
12 
1 
6 
632 
79 
7224 
3 
526 
7573 
94 
4877 
73 
653 
5616 
9 
63 
2 
7341 
79 
2822 
497 
158 
4 
96 
77 
7 
2993 
3990 
38 
91 
667 
699 
4 
1789 
689 
8112 
2110 
29 
68 
761 
71 
73 
564 
9205 
25 
8969 
1790 
5913 
8025 
393 
17 
8732 
3951 
1 
617 
89 
831 
709 
9 
2656 
1 
6598 
5 
9 
77 
4 
6 
80 
4 
2 
38 
3 
776 
703 
6439 
341 
2906 
9118 
917 
8821 
8 
529 
9679 
756 
1535 
6897 
1175 
7491 
5 
7 
8701 
7988 
37 
405 
76 
996 
3 
34 
9595 
308 
97 
238 
4471 
4 
24 
6 
856 
9 
946 
40 
4 
868 
9 
47 
3312 
2 
10 
5 
9 
44 
24 
2266 
13 
286 
11 
7 
744 
5 
8 
9 
3797 
83 
14 
9 
712 
45 
677 
2 
38 
63 
6897 
37 
596 
3957 
6 
1830 
1639 
597 
2 
4 
1 
16 
678 
7421 
8 
4295 
487 
6 
41 
383 
990 
17 
9 
69 
605 
6 
58 
15 
4999 
57 
703 
777 
9273 
39 
7 
89 
2 
1 
5 
71 
487 
8 
3 
7155 
7 
2274 
3918 
792 
36 
94 
1 
2 
9 
5 
66 
416 
55 
649 
9374 
3651 
6050 
980 
290 
7 
7 
4 
4879 
3 
763 
3046 
5209 
6 
421 
373 
2086 
6383 
62 
3548 
6599 
765 
49 
1702 
79 
10 
463 
4 
95 
5362 
776 
92 
1353 
45 
7616 
3 
1 
1473 
499 
3150 
8660 
98 
2 
103 
985 
128 
5 
4 
1 
3796 
7427 
6 
3 
375 
51 
929 
7954 
1781 
636 
11 
7 
5000 
9781 
50 
7 
7 
51 
2 
2190 
737 
6271 
7193 
76 
6 
9164 
1743 
6250 
9157 
8973 
7 
1050 
8224 
3836 
27 
9031 
441 
943 
8 
1374 
852 
5368 
3616 
519 
2131 
6 
6 
645 
94 
68 
8 
3 
4677 
65 
5 
3 
5 
206 
68 
7 
87 
8532 
5971 
23 
6871 
2 
12 
4396 
7 
3678 
4863 
97 
6518 
9 
6 
5540 
49 
7484 
16 
3 
611 
92 
2894 
49 
402 
251 
5877 
2544 
9 
3467 
7848 
5 
78 
36 
802 
9716 
455 
6 
102 
53 
566 
20 
5 
949 
136 
9 
51 
4 
3 
3 
6 
1869 
4677 
8805 
9 
4 
7477 
2 
870 
745 
19 
81 
2595 
3639 
185 
887 
7 
46 
93 
6 
6 
8 
35 
62 
94 
514 
103 
154 
537 
2949 
6 
7143 
3313 
164 
821 
281 
3233 
98 
997 
19 
23 
45 
96 
38 
570 
396 
41 
6283 
718 
463 
265 
79 
33 
3643 
9 
41 
8845 
