470
989 
1 
3 
620 
123 
24 
2 
9383 
46 
997 
9578 
782 
9573 
321 
154 
62 
2964 
93 
5543 
209 
24 
2 
6515 
44 
9116 
1486 
459 
9 
6052 
7 
3363 
4107 
998 
7686 
514 
8646 
62 
851 
92 
4185 
3437 
91 
427 
6 
68 
667 
36 
670 
86 
4 
2474 
245 
7442 
8796 
5792 
90 
7393 
75 
149 
7835 
29 
809 
1 
969 
8663 
5 
835 
1174 
4 
157 
7982 
506 
263 
3341 
184 
3 
785 
15 
34 
1974 
3142 
8 
3028 
2 
1 
53 
5 
1 
5 
216 
7 
15 
1625 
1 
6505 
42 
4 
960 
45 
4238 
562 
828 
6918 
9 
7 
365 
528 
8 
5999 
5 
384 
6367 
83 
3 
5 
4299 
914 
40 
1636 
54 
47 
41 
34 
597 
4497 
3 
3363 
656 
14 
5 
935 
81 
278 
6 
243 
54 
2 
19 
9393 
441 
6334 
109 
991 
3547 
4 
8 
36 
5 
690 
32 
7 
9100 
1614 
21 
569 
8 
9678 
125 
8920 
520 
62 
1 
5 
2 
735 
28 
17 
698 
5 
52 
258 
190 
5456 
76 
8 
840 
8036 
668 
377 
40 
4 
6 
9454 
609 
6037 
7234 
8854 
7156 
928 
149 
3 
2203 
8955 
8067 
348 
2 
5286 
8 
73 
8 
46 
8462 
18 
7 
57 
7769 
5 
975 
99 
1238 
4 
86 
7690 
4 
8422 
3531 
7 
958 
14 
596 
5364 
26 
7 
97 
513 
65 
77 
37 
1736 
784 
57 
9354 
3 
186 
1718 
5262 
28 
6485 
3 
715 
640 
2474 
9 
3756 
686 
5 
4597 
7 
59 
47 
29 
320 
8 
1 
39 
77 
7 
4656 
810 
3314 
261 
818 
49 
534 
7 
434 
2347 
26 
796 
15 
2106 
8289 
38 
7 
7220 
317 
3624 
614 
49 
3404 
62 
3163 
240 
50 
6 
1 
31 
186 
86 
4879 
8847 
8 
573 
86 
28 
2164 
4296 
9 
5606 
3530 
8 
580 
1166 
9254 
65 
5 
431 
1918 
5 
887 
2 
7017 
5744 
4059 
498 
900 
19 
23 
7797 
22 
813 
1769 
8 
4 
36 
1038 
43 
50 
2 
8553 
6 
16 
66 
8991 
7 
2968 
27 
278 
2 
2 
36 
1 
4361 
1 
63 
194 
9808 
853 
33 
211 
42 
59 
41 
2917 
950 
9862 
7 
5655 
9605 
7 
262 
2 
6904 
2995 
5228 
7 
2874 
15 
99 
46 
25 
115 
680 
571 
390 
88 
6597 
40 
149 
12 
767 
90 
1156 
1342 
148 
8 
56 
9076 
1 
661 
9 
99 
7801 
458 
5228 
9 
906 
643 
575 
53 
910 
4 
65 
22 
1743 
1955 
4 
1868 
12 
3 
426 
7 
8603 
8094 
862 
85 
8 
5 
66 
1 
959 
3 
8017 
34 
9 
41 
4 
8432 
45 
3 
5575 
4 
3623 
6 
1857 
14 
505 
9 
9 
3981 
1881 
3100 
9594 
12 
6 
5 
172 
6 
7 
160 
9473 
100 
5 
3052 
349 
520 
988 
1 
8500 
110 
8 
94 
97 
72 
2 
5 
4691 
535 
151 
81 
