470
9 
436 
78 
4676 
9 
630 
1158 
1643 
112 
2 
20 
444 
92 
5 
947 
76 
3 
3283 
746 
466 
1893 
682 
57 
2 
5 
9 
117 
1 
5 
896 
328 
9 
5 
3 
3037 
6374 
17 
31 
7 
4237 
8020 
7352 
705 
21 
859 
2 
4 
65 
964 
32 
3 
578 
67 
2531 
712 
97 
203 
2118 
57 
8 
63 
716 
8 
269 
83 
30 
2 
9633 
514 
1 
326 
7 
6 
48 
23 
425 
915 
8530 
2 
28 
89 
29 
451 
4 
5 
1772 
76 
74 
3708 
927 
5907 
245 
3 
8 
49 
18 
8073 
354 
37 
56 
254 
64 
4 
2252 
6 
26 
7 
98 
9 
11 
3122 
5 
5567 
39 
6123 
9921 
50 
710 
178 
115 
37 
3 
4 
356 
2 
1170 
1 
22 
2 
36 
3049 
642 
563 
7 
1986 
23 
365 
832 
92 
6 
706 
224 
2894 
1 
7 
1594 
6954 
9137 
29 
938 
267 
6 
4920 
86 
84 
1012 
83 
31 
6 
77 
25 
1270 
5228 
5 
3979 
573 
517 
7095 
886 
339 
62 
2 
632 
28 
552 
529 
8397 
548 
8 
78 
4066 
3421 
66 
95 
98 
497 
3777 
5 
940 
739 
6 
2 
7 
657 
112 
66 
519 
53 
963 
59 
50 
40 
6591 
427 
34 
7590 
4 
7927 
33 
33 
5 
173 
7744 
25 
9 
1 
5 
11 
6629 
628 
32 
34 
6984 
62 
61 
7 
1 
78 
382 
7316 
1 
559 
21 
89 
592 
81 
5 
3 
4 
23 
2 
8832 
487 
4733 
606 
73 
26 
78 
3809 
26 
186 
76 
4634 
92 
6 
71 
747 
388 
7 
958 
29 
530 
1758 
402 
151 
8180 
451 
977 
986 
890 
7 
4850 
13 
38 
2 
5393 
6102 
560 
656 
67 
14 
8 
8608 
22 
24 
8 
87 
61 
32 
9 
471 
74 
432 
7 
6 
7 
70 
214 
3 
5 
799 
8 
7 
95 
344 
476 
84 
2 
36 
15 
6 
1678 
4638 
1547 
3 
13 
81 
824 
8534 
5536 
82 
969 
220 
26 
72 
43 
3128 
9442 
7958 
3398 
113 
9 
578 
79 
8 
8 
484 
7 
345 
76 
8 
766 
915 
75 
1717 
1263 
131 
1895 
608 
1 
1146 
203 
86 
7 
921 
20 
230 
5344 
31 
59 
1535 
421 
722 
18 
54 
2661 
9559 
82 
31 
4877 
6099 
6 
141 
887 
8727 
20 
2375 
6415 
60 
4871 
5 
557 
9 
238 
16 
1263 
64 
3 
180 
42 
6 
363 
7 
662 
821 
5 
3 
960 
729 
976 
22 
3880 
9 
3 
6 
5 
75 
7 
584 
547 
67 
9 
8201 
6072 
355 
538 
869 
82 
988 
7362 
3221 
2272 
7 
8 
356 
976 
5910 
1740 
6 
16 
28 
845 
850 
28 
9176 
40 
13 
80 
89 
838 
31 
82 
231 
403 
188 
3 
2 
9715 
6 
503 
8 
566 
454 
797 
1 
975 
4252 
85 
3 
805 
86 
9 
3296 
546 
57 
22 
203 
70 
8 
4713 
