901
1027 
524 
4 
3873 
4 
1895 
747 
90 
75 
7 
8 
7 
165 
9 
18 
3 
3579 
6 
3803 
406 
1454 
791 
2 
4 
1499 
848 
4490 
19 
849 
2005 
7 
430 
656 
726 
52 
984 
460 
8740 
942 
843 
28 
73 
225 
1 
5 
757 
5 
45 
12 
328 
3155 
7 
9234 
40 
2 
5 
1055 
3 
56 
1 
291 
6227 
38 
9 
5942 
139 
567 
7894 
2033 
6969 
41 
8299 
307 
31 
5 
2 
1475 
860 
2375 
22 
721 
7511 
654 
65 
8590 
85 
80 
82 
46 
1 
683 
71 
5117 
28 
5206 
7655 
2 
8894 
71 
6733 
13 
7409 
3699 
133 
6487 
6603 
4388 
89 
78 
3469 
8 
13 
1537 
385 
87 
5862 
497 
44 
6 
135 
709 
314 
2942 
741 
554 
303 
227 
1 
16 
2 
11 
40 
7920 
540 
7322 
7 
6675 
7307 
70 
2 
383 
410 
3697 
5985 
169 
47 
146 
709 
87 
2 
1 
55 
69 
76 
848 
484 
1757 
1 
435 
609 
3459 
7 
6 
254 
6 
42 
9183 
6 
196 
8377 
9 
9 
2 
11 
353 
9413 
6905 
417 
7 
39 
2289 
5 
3384 
2 
2 
5792 
5 
92 
6677 
3 
6 
243 
78 
11 
793 
82 
38 
7413 
1 
6 
417 
7 
8061 
4436 
58 
9 
95 
8 
65 
35 
2 
6 
9 
89 
7 
5480 
11 
172 
3 
76 
192 
6 
2 
9 
59 
9 
4112 
219 
703 
1 
693 
5481 
519 
5218 
8 
9187 
5970 
7 
3 
79 
902 
394 
7 
41 
3 
6 
5 
151 
274 
5219 
41 
7206 
29 
233 
27 
5164 
80 
5645 
2544 
91 
9 
743 
300 
166 
94 
8823 
35 
9 
32 
56 
2 
5541 
479 
4719 
412 
649 
1 
300 
96 
266 
707 
537 
663 
5 
7 
989 
2 
8 
16 
7714 
5 
46 
43 
29 
2 
93 
3 
56 
333 
72 
4 
585 
35 
608 
4776 
308 
3 
102 
366 
860 
7 
6 
99 
8 
4 
75 
93 
308 
5826 
73 
4 
46 
469 
36 
5608 
83 
8 
61 
6 
86 
76 
5968 
3 
5 
42 
23 
9016 
4498 
33 
69 
92 
67 
3 
843 
6649 
635 
7 
6 
229 
4 
7 
3 
320 
442 
7 
986 
434 
6298 
140 
337 
5 
5 
9 
57 
2 
8 
2000 
1820 
5 
9 
5290 
1 
5907 
12 
620 
4020 
8581 
6633 
8644 
543 
96 
793 
718 
7953 
3 
225 
752 
9822 
91 
734 
3 
8 
36 
6896 
2322 
53 
260 
6 
31 
60 
531 
5940 
1 
3 
831 
99 
6 
9216 
6463 
81 
8 
8 
6804 
3996 
3180 
22 
3 
179 
4361 
6 
4618 
9388 
47 
13 
6 
405 
527 
50 
273 
9 
882 
111 
639 
571 
5 
6 
3271 
6 
46 
9701 
94 
608 
5 
8549 
22 
32 
3695 
44 
2668 
84 
387 
57 
45 
2 
34 
766 
90 
5 
3460 
351 
5 
3930 
623 
7207 
89 
5 
5 
276 
43 
3292 
841 
611 
94 
8 
11 
3356 
1 
48 
70 
18 
8479 
418 
81 
9986 
2133 
125 
9588 
8873 
3 
4 
8 
589 
65 
2144 
8 
13 
111 
6 
2885 
1878 
7 
5872 
37 
526 
60 
2 
3813 
9384 
2 
9 
128 
9 
40 
3 
9 
9 
7 
751 
6237 
56 
4 
830 
506 
2 
3 
790 
6840 
4 
8 
5100 
335 
483 
4526 
3646 
438 
744 
638 
50 
8127 
2532 
4 
58 
65 
559 
7 
9 
829 
96 
9334 
9 
3 
5 
36 
2 
831 
303 
14 
766 
7 
161 
70 
32 
78 
72 
3 
4 
4811 
653 
7 
6 
895 
95 
6 
4387 
280 
582 
444 
9078 
623 
354 
608 
606 
3464 
7382 
2160 
5 
1 
2113 
180 
4 
950 
295 
54 
7 
17 
9 
6324 
98 
673 
9 
511 
4177 
4786 
8 
26 
3 
754 
1 
9 
9 
4 
779 
80 
66 
2 
2 
4 
9597 
9394 
8116 
865 
653 
4 
907 
74 
7 
3781 
5943 
80 
1263 
2674 
8 
38 
511 
283 
6 
108 
33 
89 
436 
8522 
851 
6476 
9 
3309 
6 
1 
4 
1 
244 
986 
949 
8 
7508 
2 
516 
567 
7 
51 
89 
814 
15 
9 
862 
63 
7607 
96 
91 
9532 
51 
8084 
5678 
34 
73 
38 
647 
573 
9595 
84 
79 
259 
871 
9 
968 
8977 
310 
52 
8 
792 
7710 
4551 
495 
83 
3881 
32 
64 
699 
9919 
3 
1 
99 
259 
7070 
8 
1 
18 
7212 
8 
6 
865 
6 
5 
1571 
899 
5 
8 
322 
1088 
3 
35 
9 
3 
3819 
3 
2 
68 
4521 
2099 
97 
577 
662 
8 
8 
3966 
2 
60 
743 
1 
220 
157 
127 
21 
33 
574 
2417 
89 
482 
69 
14 
475 
452 
30 
39 
9386 
876 
4 
49 
3 
960 
330 
7950 
2038 
30 
1876 
4 
4 
7 
1 
63 
5952 
785 
175 
28 
3309 
84 
6908 
4756 
3 
912 
7923 
7 
64 
850 
6671 
318 
91 
5 
54 
395 
2656 
8 
59 
67 
7 
1 
9148 
9813 
5482 
53 
763 
3 
629 
8 
625 
6544 
1189 
923 
86 
87 
6 
17 
164 
409 
69 
47 
656 
3 
154 
7 
5 
5526 
7 
4179 
92 
7234 
7 
83 
8 
95 
620 
60 
83 
5 
658 
3665 
144 
94 
599 
23 
1885 
4354 
76 
8715 
5 
95 
949 
9 
8 
77 
8768 
31 
6412 
9701 
1 
7 
1657 
7 
7 
342 
730 
67 
95 
30 
943 
741 
1049 
171 
5 
2 
9420 
3534 
80 
4800 
1276 
6 
208 
4527 
8 
997 
1 
5998 
8145 
18 
402 
611 
137 
3 
258 
173 
969 
8 
6724 
327 
5114 
4047 
5845 
23 
83 
22 
684 
838 
