551
8686 
6022 
87 
758 
578 
9 
154 
9 
460 
733 
859 
5506 
1381 
598 
13 
131 
5 
5 
30 
621 
897 
693 
2364 
494 
309 
5 
545 
2 
58 
28 
5765 
4120 
4 
2 
753 
6 
3325 
643 
78 
1902 
7350 
408 
927 
969 
7510 
8351 
352 
59 
40 
8 
4 
3232 
1 
5075 
960 
3077 
802 
7 
7 
43 
48 
615 
2 
200 
5 
77 
3617 
561 
126 
4 
828 
7 
4926 
70 
43 
5 
700 
149 
674 
7292 
57 
4 
3611 
74 
1 
82 
508 
5 
92 
59 
59 
774 
7 
6723 
4 
93 
824 
1 
5694 
593 
1 
49 
980 
5993 
6 
1 
81 
1 
42 
104 
90 
7 
546 
201 
22 
8005 
25 
5 
40 
937 
909 
9 
7455 
14 
84 
61 
6025 
6 
4968 
72 
927 
3686 
3543 
78 
7 
3559 
5 
476 
5 
8115 
873 
4819 
557 
523 
48 
7 
996 
15 
6531 
5431 
8 
324 
1856 
7 
9856 
769 
23 
4 
752 
7 
5653 
994 
2953 
146 
499 
6 
47 
862 
9688 
382 
3 
70 
733 
20 
90 
685 
49 
26 
9946 
5 
406 
9 
7697 
2529 
95 
874 
60 
782 
4209 
6 
91 
881 
3 
8 
1191 
266 
141 
6462 
6490 
588 
35 
732 
7 
4 
99 
145 
4 
1 
164 
8 
90 
260 
9 
32 
6643 
5310 
8 
29 
85 
4 
5 
9503 
6 
948 
51 
490 
152 
8 
35 
497 
495 
26 
4 
8286 
80 
857 
295 
16 
452 
3 
685 
38 
71 
38 
46 
22 
335 
472 
121 
3 
4 
8 
85 
23 
26 
2699 
16 
173 
9471 
3999 
58 
373 
98 
9 
51 
1 
8 
350 
306 
49 
196 
222 
250 
9 
4 
5 
857 
910 
3 
202 
72 
810 
14 
55 
680 
7006 
19 
764 
4238 
689 
772 
25 
79 
56 
4 
315 
302 
2460 
3 
9 
6446 
1 
70 
14 
550 
7 
2671 
635 
413 
2 
344 
1 
85 
82 
5049 
42 
6 
6571 
3097 
7513 
7010 
5881 
95 
9 
46 
412 
39 
161 
807 
658 
662 
1 
7 
53 
109 
56 
6 
9861 
318 
2643 
1 
219 
9441 
52 
316 
46 
9016 
3 
51 
923 
4936 
6561 
67 
3089 
4 
11 
474 
14 
1 
995 
9434 
5 
6 
7 
4 
97 
699 
6536 
9300 
871 
4057 
5 
8603 
2097 
850 
1 
86 
577 
45 
97 
9744 
5 
989 
3 
6815 
2065 
1416 
3 
921 
5298 
57 
6 
2 
23 
9291 
3026 
38 
379 
1 
824 
7735 
2 
9455 
298 
2 
39 
517 
698 
41 
56 
6 
47 
43 
9 
4661 
156 
8348 
1579 
90 
67 
25 
8 
7191 
1 
1 
655 
4 
2 
5 
70 
53 
5 
6 
9335 
645 
151 
765 
3 
1 
91 
30 
1 
270 
47 
9691 
625 
5 
166 
23 
16 
4 
5522 
5 
39 
370 
32 
57 
36 
29 
5 
3 
4715 
5 
6358 
2 
93 
6 
8688 
266 
5 
59 
394 
3186 
58 
9 
9489 
60 
229 
49 
91 
506 
327 
167 
9 
328 
43 
56 
39 
32 
5 
49 
10 
5 
88 
3555 
432 
52 
7 
35 
55 
155 
61 
5 
4571 
66 
196 
5 
8877 
9394 
51 
3555 
6 
8032 
50 
2507 
6676 
333 
210 
7 
948 
7136 
758 
1561 
3635 
373 
5644 
3525 
2 
41 
33 
34 
3 
3 
64 
1009 
85 
96 
941 
372 
80 
23 
3 
5 
1033 
711 
342 
1 
37 
14 
677 
554 
