920
98 
527 
862 
473 
4964 
38 
260 
84 
916 
7572 
3749 
7 
77 
6847 
9 
5780 
30 
699 
89 
373 
78 
8240 
4947 
3494 
7 
34 
731 
4080 
868 
491 
81 
717 
2328 
219 
68 
474 
7697 
266 
5664 
379 
680 
448 
4 
130 
349 
9113 
448 
3047 
8902 
55 
49 
13 
99 
9 
5 
1465 
3 
520 
2430 
5 
98 
9 
7 
4926 
733 
935 
105 
6 
9 
55 
6724 
51 
273 
592 
398 
8 
2 
54 
27 
9 
9717 
526 
5 
39 
5407 
7 
94 
4918 
9 
3668 
339 
3 
4 
26 
836 
30 
56 
7900 
314 
4 
4 
23 
523 
790 
358 
5 
9 
34 
159 
487 
8 
19 
9 
6250 
1 
83 
3 
2 
4912 
3 
1372 
156 
656 
630 
2 
306 
2 
377 
78 
5 
8 
34 
7978 
2 
6 
895 
2761 
37 
8 
3416 
548 
16 
7199 
57 
89 
4 
84 
9671 
592 
7 
725 
6447 
6 
74 
9185 
7 
84 
9 
6 
1 
310 
6 
4 
206 
7 
3 
9 
233 
6 
3 
64 
9686 
5239 
2 
959 
6216 
3943 
92 
1 
2398 
61 
79 
32 
79 
6 
1 
74 
6376 
931 
1970 
505 
3759 
45 
8643 
538 
27 
585 
93 
791 
8911 
5344 
916 
3 
793 
8 
500 
619 
3873 
9 
42 
103 
1899 
58 
37 
20 
7 
64 
55 
987 
296 
6622 
9 
402 
2719 
5 
1 
60 
3 
178 
2996 
8 
56 
9 
83 
167 
6 
88 
9262 
384 
8892 
398 
2 
9670 
9267 
5235 
7 
2 
8 
79 
1 
3 
33 
7972 
2 
90 
2794 
6410 
5 
523 
7 
822 
5235 
4 
777 
2210 
9099 
35 
836 
360 
8 
6 
871 
1130 
430 
990 
9662 
8393 
92 
59 
9 
454 
92 
6856 
135 
7 
632 
9130 
9469 
91 
85 
6296 
1 
4059 
12 
73 
8213 
728 
1 
5 
17 
4686 
4 
24 
7 
4 
777 
6631 
720 
87 
16 
21 
6116 
90 
3 
7835 
82 
28 
8 
2 
66 
6 
429 
2 
9995 
55 
60 
335 
91 
329 
189 
38 
4 
5690 
3 
522 
831 
6 
3277 
3 
8 
46 
856 
89 
121 
76 
706 
8 
33 
91 
131 
489 
811 
6 
5865 
2 
8 
319 
2880 
66 
7 
116 
411 
164 
870 
1803 
5 
11 
38 
9451 
826 
1539 
4 
10 
9222 
4682 
112 
1466 
5 
705 
9648 
7307 
61 
4 
362 
75 
9969 
71 
8001 
325 
993 
9613 
2 
8 
3 
612 
53 
3786 
7245 
81 
6125 
1709 
4719 
35 
379 
2 
7618 
4910 
403 
379 
75 
806 
6 
77 
3738 
4 
3404 
8 
7536 
9 
6 
9247 
1228 
69 
586 
460 
527 
862 
9 
41 
960 
5 
3 
2 
65 
870 
8 
6057 
357 
230 
201 
25 
7871 
36 
2 
6168 
6 
5 
696 
9 
605 
9780 
5 
294 
8035 
573 
223 
9571 
616 
14 
156 
564 
3524 
8 
6306 
7 
28 
719 
8472 
5 
9 
5679 
4 
28 
1608 
25 
8 
5 
3 
3 
52 
48 
4939 
270 
640 
1 
49 
532 
99 
9 
6806 
59 
905 
635 
9265 
3 
7013 
99 
2 
9884 
501 
746 
432 
4 
49 
78 
4 
64 
77 
952 
9 
730 
5925 
8 
301 
9826 
66 
6652 
182 
780 
14 
8503 
5 
8630 
689 
113 
933 
217 
9124 
3953 
58 
529 
2 
753 
7 
6 
10 
147 
5 
196 
2 
5893 
927 
82 
278 
589 
3 
65 
6146 
8 
8087 
9383 
950 
2160 
80 
22 
3098 
2 
356 
62 
8 
9 
7871 
8 
2684 
4 
641 
100 
7 
30 
1 
5 
95 
39 
4618 
75 
2541 
5006 
76 
3 
767 
135 
66 
45 
8818 
92 
160 
40 
9 
40 
8 
6 
965 
47 
2 
83 
80 
89 
7 
38 
3063 
69 
1264 
13 
26 
311 
7535 
3 
7411 
5 
6120 
4 
9235 
742 
48 
6089 
95 
1928 
8 
132 
8 
6 
3 
31 
96 
8 
5860 
8 
1 
5761 
3455 
5 
72 
28 
59 
9 
2 
4758 
7 
27 
3 
3906 
6671 
5964 
40 
1 
667 
6 
9145 
7 
258 
585 
850 
5 
52 
13 
4674 
5579 
1875 
214 
7892 
7 
9198 
9209 
7 
836 
1 
9 
25 
6 
1 
79 
28 
709 
66 
9141 
6183 
1 
5359 
79 
8 
371 
4 
48 
97 
9055 
1 
741 
244 
7019 
5 
535 
5872 
7365 
552 
4 
22 
98 
2963 
963 
6092 
75 
65 
45 
6 
4748 
24 
36 
8 
669 
447 
7596 
329 
53 
7187 
8449 
1131 
5390 
4780 
24 
366 
2700 
7 
8 
5862 
3 
9 
3 
5 
8020 
724 
8250 
9723 
9644 
20 
9785 
625 
1313 
47 
185 
5 
5528 
89 
6206 
687 
163 
5 
64 
7 
63 
86 
70 
9 
2417 
3 
15 
77 
5253 
786 
5 
70 
2477 
769 
6 
2917 
80 
434 
1660 
4277 
5 
39 
317 
9583 
8 
1406 
44 
6 
16 
160 
92 
99 
5 
1 
59 
6 
889 
10 
8 
41 
461 
697 
65 
510 
1216 
5 
9 
7692 
2 
8745 
43 
4 
44 
4410 
2203 
4228 
5 
1939 
773 
2549 
163 
731 
8 
11 
9183 
6788 
3 
7717 
4 
73 
54 
2200 
2 
197 
10 
3051 
1757 
5 
930 
4 
449 
8 
6 
3957 
5 
3 
36 
243 
28 
98 
8468 
32 
5 
1 
1719 
32 
4211 
2 
7 
224 
997 
4 
28 
3 
36 
3 
4 
4109 
18 
892 
13 
6 
48 
99 
447 
74 
282 
684 
10 
2 
77 
535 
8 
8 
5 
6227 
72 
895 
79 
5 
8 
4877 
6 
6 
1 
7146 
2 
3502 
42 
2 
1445 
1 
63 
853 
290 
3903 
639 
5625 
40 
2236 
75 
857 
57 
4 
3 
362 
66 
459 
3 
5653 
13 
9916 
936 
313 
6392 
14 
6792 
233 
2301 
1228 
300 
86 
