240
8 
3564 
2427 
4040 
173 
2 
7 
3 
47 
21 
58 
403 
38 
14 
52 
2 
5 
889 
5635 
768 
26 
357 
996 
2 
4764 
814 
2 
2 
87 
7 
9 
92 
4377 
2 
11 
94 
52 
8 
7125 
276 
25 
64 
75 
65 
22 
393 
6 
16 
272 
96 
68 
3464 
787 
204 
546 
11 
307 
1176 
47 
791 
924 
59 
956 
822 
2817 
3551 
867 
74 
1049 
1554 
11 
2662 
38 
966 
996 
5 
4936 
47 
204 
3 
201 
1577 
1921 
5062 
46 
8790 
3 
757 
7 
69 
1 
50 
15 
6105 
93 
6 
89 
484 
492 
404 
314 
6011 
634 
1 
982 
69 
86 
4 
4 
24 
4753 
9246 
8415 
8 
91 
9 
8 
522 
624 
6 
97 
45 
664 
2 
173 
546 
589 
7087 
40 
9040 
37 
26 
6 
76 
995 
88 
11 
69 
8790 
5234 
525 
5917 
665 
53 
79 
546 
1 
46 
925 
3847 
414 
1407 
8 
639 
750 
4 
63 
2079 
3 
69 
56 
7 
14 
3463 
6532 
179 
1 
3 
74 
8459 
6 
6 
5 
3 
22 
210 
4 
7475 
10 
2 
26 
601 
827 
54 
3 
4 
608 
272 
9 
3 
5957 
74 
2 
749 
45 
43 
3506 
6 
8311 
1099 
124 
1 
3 
8864 
75 
608 
4220 
91 
459 
49 
4 
1 
5 
54 
8 
177 
306 
9 
67 
33 
214 
3 
430 
2590 
14 
8 
834 
20 
4 
21 
739 
62 
743 
7120 
327 
580 
6346 
274 
51 
1626 
