448
67 
1 
473 
5 
678 
3642 
204 
645 
3 
847 
5 
744 
44 
925 
31 
11 
305 
5691 
1 
4206 
45 
5 
594 
5633 
4896 
7 
779 
8 
708 
677 
7167 
9520 
56 
1345 
3 
1797 
993 
2 
6022 
308 
384 
826 
4 
96 
585 
5979 
6 
95 
8566 
4212 
441 
4 
816 
1771 
6 
6 
222 
68 
6 
4 
5 
6003 
9 
6448 
9494 
27 
4909 
23 
5 
6 
8094 
42 
7767 
4682 
9998 
8666 
210 
3595 
865 
8872 
2 
17 
3 
117 
53 
4949 
9 
6 
8 
6561 
6630 
303 
7571 
69 
8 
1516 
4 
2051 
7316 
2055 
3 
60 
2400 
9134 
355 
807 
6 
3763 
98 
1 
51 
6 
2 
22 
5 
859 
90 
2569 
469 
8 
388 
4924 
64 
745 
7036 
3784 
703 
9 
5082 
229 
9209 
26 
7 
358 
38 
18 
8932 
826 
71 
93 
16 
9823 
6 
3 
3586 
7 
53 
6 
4 
142 
65 
6015 
481 
4835 
785 
248 
5145 
707 
12 
759 
23 
415 
1619 
993 
488 
3 
77 
4323 
130 
1 
4618 
7 
89 
3649 
145 
60 
68 
8096 
2979 
7562 
9180 
1 
69 
63 
6198 
96 
218 
5 
5641 
6 
8 
255 
4132 
727 
171 
44 
276 
54 
6 
1787 
9 
786 
41 
539 
992 
1836 
5 
436 
2608 
6701 
5 
91 
6 
146 
79 
77 
435 
1 
634 
56 
980 
648 
7 
4 
90 
5 
78 
114 
7878 
56 
8 
9672 
201 
5551 
62 
7 
9 
40 
9 
803 
8 
9 
47 
780 
4 
1907 
45 
70 
56 
6799 
898 
14 
91 
1 
8785 
900 
8513 
44 
342 
2262 
37 
37 
818 
909 
9 
585 
981 
46 
4632 
292 
8241 
354 
92 
9 
55 
2 
20 
7557 
9 
821 
1693 
1751 
40 
2692 
718 
608 
77 
558 
4998 
78 
90 
2 
2 
2 
4 
1 
55 
563 
45 
1211 
1158 
9361 
6690 
13 
80 
9 
1 
7497 
981 
3803 
29 
6 
9564 
51 
9 
233 
79 
7383 
4135 
1 
68 
551 
50 
8 
8 
9 
8 
4757 
60 
50 
329 
3 
269 
927 
7025 
40 
91 
5 
602 
56 
756 
78 
1754 
6 
9530 
4 
8 
229 
2595 
46 
947 
8 
5 
1506 
6773 
6 
45 
5 
961 
8547 
988 
5 
76 
84 
5 
6464 
2 
17 
78 
7076 
459 
426 
31 
737 
5 
6 
341 
76 
9 
6 
8864 
48 
514 
325 
9 
2 
4 
546 
58 
72 
203 
515 
6162 
523 
2693 
4 
81 
6963 
88 
38 
45 
5401 
953 
2 
386 
248 
55 
3 
949 
93 
3532 
1 
1654 
370 
95 
534 
7 
28 
63 
461 
52 
5 
2256 
837 
7 
9 
27 
798 
278 
3151 
65 
239 
10 
708 
3799 
8574 
5 
828 
9955 
933 
2347 
428 
396 
9 
1 
82 
299 
972 
