899
9 
45 
8504 
20 
1 
29 
321 
6 
7342 
3499 
345 
946 
4 
847 
5 
316 
70 
79 
8 
483 
7 
5 
13 
66 
4080 
9896 
730 
314 
7 
7 
8377 
3883 
693 
38 
73 
39 
4 
46 
61 
6 
92 
78 
71 
7432 
89 
7480 
22 
4 
498 
8 
58 
48 
1308 
7770 
34 
94 
5 
841 
98 
2594 
64 
81 
6 
683 
3 
2 
19 
442 
68 
614 
96 
80 
89 
1 
35 
80 
441 
9 
7202 
33 
8357 
700 
4 
486 
71 
83 
708 
6 
5477 
1300 
930 
87 
3842 
5190 
6538 
3 
97 
5095 
3 
267 
8 
2052 
9963 
267 
8825 
4 
986 
5936 
70 
34 
283 
72 
7 
9701 
5016 
6 
7290 
55 
4531 
7148 
1281 
1 
8597 
2800 
563 
2 
1635 
5 
7647 
508 
1 
65 
4175 
8111 
587 
8 
8072 
32 
2587 
2359 
6106 
9018 
288 
3229 
867 
9 
13 
40 
53 
495 
788 
912 
68 
26 
807 
20 
8758 
1 
56 
3 
3507 
1658 
7 
12 
2512 
3 
86 
5 
850 
39 
6 
385 
452 
1 
504 
1 
22 
3 
3 
690 
9486 
62 
8180 
3367 
6 
270 
6 
4849 
72 
3493 
727 
3109 
57 
55 
59 
868 
8527 
97 
8 
84 
538 
5827 
33 
926 
44 
7 
316 
206 
2090 
6 
36 
760 
200 
87 
826 
85 
1 
48 
29 
2 
41 
503 
2498 
1256 
629 
413 
830 
776 
47 
990 
3 
5 
8280 
6139 
4733 
239 
55 
54 
79 
33 
918 
5 
2670 
182 
83 
3 
5 
27 
256 
6889 
4 
6101 
700 
1 
652 
8530 
6 
9 
794 
613 
997 
8 
9421 
529 
55 
9 
7 
959 
961 
54 
3 
6728 
72 
990 
23 
8 
3 
6 
54 
3112 
704 
9 
74 
8 
548 
1852 
9 
977 
1037 
2439 
8352 
8130 
877 
114 
52 
97 
6 
2 
92 
17 
55 
771 
5491 
870 
6161 
13 
587 
7667 
407 
98 
7 
809 
1 
9267 
8 
7065 
974 
8065 
2642 
866 
3011 
501 
34 
3 
855 
202 
48 
935 
9 
24 
324 
375 
19 
68 
4468 
3 
3 
7 
8 
690 
4 
4 
360 
6926 
970 
155 
159 
81 
4 
8170 
969 
9977 
5102 
4 
6158 
5 
5824 
923 
1896 
460 
816 
276 
90 
6309 
9830 
456 
209 
649 
93 
3373 
6012 
8966 
90 
533 
3 
41 
599 
7262 
76 
5066 
44 
9 
2 
2 
99 
864 
3 
9242 
1815 
782 
3 
228 
755 
3 
571 
562 
1 
6329 
960 
26 
141 
2448 
410 
6512 
3077 
93 
7247 
7617 
24 
9259 
226 
75 
2 
4 
9 
5816 
2978 
4 
6744 
5272 
3119 
8 
4346 
257 
3 
5 
1658 
3 
4 
54 
88 
802 
4 
3841 
5395 
3 
92 
69 
995 
7042 
5167 
3667 
242 
215 
33 
595 
243 
232 
2 
957 
5 
89 
4 
258 
8069 
9089 
230 
4 
99 
4 
7 
110 
722 
6 
483 
473 
21 
15 
1 
37 
432 
825 
3 
585 
7 
216 
761 
90 
58 
3 
5646 
64 
2 
29 
33 
31 
6883 
2231 
95 
4 
98 
2731 
8 
4680 
438 
5046 
11 
334 
72 
51 
26 
731 
987 
57 
6263 
9268 
67 
5764 
852 
688 
958 
160 
3 
5594 
9 
4324 
626 
868 
15 
9957 
81 
734 
11 
543 
3 
818 
93 
7131 
9689 
5 
8 
6334 
711 
2958 
381 
7755 
6 
8636 
48 
5513 
94 
503 
21 
2371 
76 
4 
5 
368 
40 
15 
7214 
6 
597 
9403 
8816 
151 
9211 
56 
768 
256 
5 
5295 
7531 
5035 
8 
63 
2866 
8 
163 
6085 
8515 
6182 
1891 
6 
2 
5729 
441 
7 
552 
2110 
3372 
267 
3 
99 
398 
4732 
91 
31 
5 
2 
3 
328 
91 
724 
2 
29 
8285 
66 
4 
8283 
634 
29 
8583 
5602 
42 
9341 
97 
5751 
6315 
944 
3066 
77 
7 
9422 
8509 
8031 
8 
23 
616 
1 
803 
1450 
71 
8509 
85 
208 
330 
68 
88 
7798 
3 
2546 
9279 
8021 
66 
28 
9 
884 
30 
641 
39 
8 
3720 
4 
728 
7 
135 
5 
794 
38 
3 
90 
1 
66 
512 
1 
521 
1 
6336 
6 
80 
908 
9075 
6804 
6 
6985 
589 
19 
47 
7892 
6299 
1 
2 
45 
3215 
946 
6 
6182 
20 
751 
17 
913 
30 
2 
4584 
2525 
5 
367 
302 
75 
3858 
3 
1 
91 
4 
5 
9 
686 
4 
444 
1 
3 
72 
71 
72 
19 
1386 
384 
138 
4154 
428 
90 
257 
6 
690 
8131 
11 
50 
427 
364 
8371 
84 
7853 
5 
196 
5723 
7142 
430 
2 
8 
934 
4033 
5 
4 
53 
1154 
7 
626 
4 
59 
96 
8762 
3851 
649 
20 
9 
3474 
82 
8217 
3041 
1231 
3135 
4006 
6 
28 
9414 
6 
8658 
54 
3101 
7 
97 
39 
3 
4 
1 
2059 
3 
6 
250 
51 
4213 
73 
48 
276 
6357 
6 
76 
4 
1950 
7 
5373 
7 
3 
8 
1978 
294 
3027 
5 
67 
9 
5 
72 
7 
839 
883 
2 
3335 
963 
644 
73 
97 
9267 
7 
3 
63 
604 
139 
17 
3 
19 
2527 
4477 
9 
3 
75 
4 
8 
1912 
56 
2122 
7574 
625 
522 
5 
75 
76 
550 
12 
9029 
7 
67 
742 
21 
7 
37 
74 
2865 
1 
8 
5 
481 
9 
23 
736 
55 
548 
8 
68 
26 
67 
1963 
62 
1964 
1 
75 
5303 
29 
1 
5339 
15 
893 
4629 
8 
29 
5 
57 
5019 
1 
8925 
27 
19 
64 
7023 
713 
73 
4473 
19 
1040 
8 
692 
612 
966 
524 
958 
4071 
4883 
5 
7 
135 
43 
5 
54 
334 
4 
2 
8 
5209 
35 
