988
257 
530 
581 
6879 
5642 
3229 
45 
5 
94 
765 
6084 
14 
474 
2 
693 
56 
2979 
975 
3223 
55 
2729 
340 
428 
5212 
6 
8 
8 
4427 
828 
5 
458 
6 
4 
16 
989 
4889 
22 
16 
435 
113 
306 
55 
5493 
7 
557 
22 
755 
30 
71 
308 
664 
23 
461 
3601 
2073 
862 
67 
8292 
2 
7 
9426 
466 
9 
7 
3 
66 
491 
3 
763 
212 
43 
3 
7519 
205 
5 
636 
4618 
1 
498 
9973 
93 
63 
2 
23 
58 
729 
179 
3 
610 
2 
4 
81 
599 
48 
2 
9206 
5453 
516 
28 
2049 
708 
44 
7 
2 
83 
6 
6210 
415 
9949 
980 
3896 
3143 
5342 
118 
7519 
8 
42 
63 
1369 
3308 
67 
4888 
40 
5723 
1788 
8 
858 
9 
1 
56 
210 
563 
9127 
2 
30 
747 
7510 
681 
6 
203 
5084 
422 
635 
5 
3 
49 
1 
9 
1 
59 
781 
3634 
5344 
25 
905 
8473 
760 
4 
51 
132 
446 
6354 
4 
9564 
63 
94 
223 
75 
607 
65 
7271 
60 
6 
96 
8565 
62 
1505 
31 
8 
66 
3069 
23 
9394 
90 
3645 
12 
63 
564 
667 
57 
7090 
72 
6 
80 
7493 
7 
98 
19 
50 
70 
2811 
249 
3 
99 
735 
9310 
57 
662 
26 
6413 
4 
1 
4 
9472 
30 
3 
3 
1 
246 
85 
63 
46 
1 
1823 
8546 
5777 
35 
25 
7662 
5 
99 
3278 
8 
963 
7895 
5606 
2572 
77 
17 
71 
958 
80 
851 
19 
336 
10 
14 
1188 
80 
4645 
63 
486 
8 
95 
4 
7 
661 
809 
5 
5523 
68 
1 
7280 
46 
1509 
8 
14 
42 
992 
53 
35 
3340 
758 
576 
8 
3 
4284 
60 
8 
57 
92 
54 
4018 
179 
714 
6225 
6 
59 
9414 
886 
9061 
19 
85 
3 
88 
91 
33 
3916 
3 
58 
8997 
1701 
7 
40 
2119 
2525 
6540 
1 
1177 
65 
367 
91 
2080 
866 
283 
111 
843 
43 
296 
8237 
56 
1 
5151 
106 
73 
96 
28 
9514 
563 
1803 
5 
90 
62 
1417 
3 
69 
142 
27 
481 
63 
46 
7007 
4 
265 
37 
675 
134 
6365 
4164 
7731 
1 
4 
67 
5 
696 
994 
638 
104 
8 
5 
9 
706 
5592 
9281 
69 
98 
9748 
4120 
2 
7 
73 
2132 
3234 
8937 
7837 
52 
5752 
12 
4409 
4 
3433 
844 
1468 
5184 
830 
2 
39 
2 
9 
6083 
210 
1 
83 
3452 
85 
2 
33 
41 
6 
3878 
20 
1399 
4917 
4 
45 
5 
375 
9 
6926 
9 
1 
65 
81 
75 
2194 
9 
22 
96 
5 
419 
6607 
76 
9483 
14 
75 
22 
255 
624 
829 
358 
8937 
7534 
37 
570 
9 
5095 
5 
68 
39 
5971 
1014 
4 
860 
54 
15 
436 
610 
732 
6 
621 
675 
1786 
9 
5876 
2 
741 
2225 
8660 
875 
893 
898 
8967 
976 
23 
1 
905 
9561 
5 
11 
368 
539 
216 
688 
4 
5002 
9 
167 
1 
898 
8759 
3 
628 
8539 
90 
7746 
9 
59 
89 
78 
18 
9153 
9 
35 
736 
8043 
42 
142 
680 
67 
758 
98 
7 
409 
93 
7616 
242 
8036 
7 
490 
578 
2 
1353 
64 
8 
30 
535 
3702 
9 
8 
4 
8673 
822 
5420 
79 
970 
495 
975 
7069 
5 
8736 
43 
999 
72 
87 
372 
17 
52 
1 
1 
10 
2032 
2219 
7 
108 
5 
1741 
3383 
3 
822 
7 
41 
11 
41 
90 
3 
348 
191 
6640 
615 
1888 
1676 
416 
783 
4026 
7 
176 
920 
6 
744 
1 
7 
5340 
583 
851 
813 
8282 
5 
66 
2 
8 
6938 
365 
18 
673 
5 
95 
9480 
2135 
4 
74 
93 
4 
78 
432 
1253 
32 
608 
7 
78 
43 
77 
2338 
1 
487 
2492 
1052 
452 
599 
8 
9 
24 
6 
78 
5 
3 
2092 
435 
3910 
8587 
8347 
1819 
63 
1 
4 
38 
35 
8035 
5346 
8 
816 
7 
477 
174 
672 
3 
5774 
34 
3810 
68 
516 
8286 
2 
128 
5565 
3 
5 
47 
96 
7531 
39 
5 
919 
151 
7 
52 
2143 
422 
4 
5698 
81 
500 
9431 
6 
4614 
1238 
26 
307 
1776 
7 
731 
8 
6711 
853 
23 
758 
71 
50 
8 
8 
3533 
5 
5 
678 
64 
50 
3 
586 
679 
533 
9225 
815 
857 
7881 
666 
1854 
42 
1060 
42 
5 
26 
6 
63 
9450 
3 
4278 
4146 
4 
528 
777 
701 
6 
9280 
8 
874 
512 
1231 
5413 
735 
6 
793 
419 
1 
960 
620 
967 
363 
8 
724 
849 
75 
1 
9109 
597 
3621 
7 
449 
5 
81 
390 
3514 
897 
54 
6645 
241 
7381 
6 
9 
7355 
375 
934 
6453 
726 
961 
5128 
5161 
9 
849 
8 
39 
221 
6 
37 
59 
79 
428 
2 
1 
7 
9 
33 
5 
766 
2 
89 
7 
913 
1 
649 
4 
551 
39 
142 
1 
450 
7 
9 
2588 
690 
636 
72 
2 
5 
35 
3 
8 
432 
780 
909 
7 
35 
6799 
7120 
4 
586 
40 
3 
83 
1166 
89 
672 
3 
6759 
7051 
361 
22 
9780 
48 
74 
49 
4572 
537 
92 
1770 
6 
5778 
6 
4 
3176 
132 
8 
917 
5874 
8566 
5 
963 
968 
9 
50 
78 
43 
244 
621 
8187 
60 
8 
7142 
5600 
12 
81 
180 
3 
9 
71 
122 
484 
29 
3501 
911 
22 
4080 
73 
89 
13 
86 
7 
533 
375 
3347 
439 
174 
3 
8911 
8 
1317 
9543 
6295 
73 
91 
2023 
79 
3183 
36 
49 
85 
6 
6 
7 
97 
46 
984 
68 
7 
4273 
8 
93 
1 
1699 
282 
5854 
4895 
118 
7566 
2284 
88 
7012 
416 
609 
704 
6 
9 
499 
79 
11 
20 
2870 
70 
5398 
4 
3 
4 
7 
8 
8663 
46 
8 
99 
320 
5 
7 
296 
77 
5238 
9969 
1 
7552 
68 
6 
2190 
853 
8 
3 
85 
129 
3460 
89 
4 
862 
63 
2042 
612 
303 
3846 
111 
5538 
20 
106 
942 
176 
6112 
3 
4404 
7231 
258 
742 
169 
1 
23 
12 
30 
9 
525 
83 
6 
408 
793 
4 
5 
291 
21 
61 
5827 
3 
65 
3 
8694 
6 
54 
7216 
