895
1 
6 
3 
8 
2 
13 
2 
74 
381 
152 
3 
4276 
62 
17 
58 
8522 
881 
3 
336 
8729 
8113 
33 
87 
7357 
82 
7476 
610 
911 
28 
3 
35 
34 
59 
73 
5 
7154 
3 
717 
4987 
9 
45 
19 
8 
268 
3687 
5 
4513 
7482 
158 
3 
12 
96 
2111 
731 
9 
99 
4541 
868 
3139 
8360 
84 
41 
7 
2055 
4471 
560 
35 
63 
5411 
725 
6 
41 
1 
565 
7969 
2 
6106 
37 
223 
8 
20 
403 
946 
246 
603 
5 
659 
9 
84 
79 
3 
3352 
1 
3709 
6 
2963 
2603 
30 
90 
23 
8176 
503 
2858 
2283 
974 
938 
8 
7 
5 
5161 
7 
2 
58 
8918 
8 
6263 
29 
11 
59 
78 
805 
69 
7 
4 
971 
612 
38 
4 
5 
7 
945 
843 
2 
1 
4 
2 
5 
98 
5 
9 
29 
6865 
6 
341 
952 
1 
56 
49 
2 
615 
271 
745 
23 
5085 
124 
836 
8 
45 
47 
6 
1 
54 
359 
4971 
6 
21 
7 
351 
16 
8429 
5 
5047 
1 
2462 
2190 
578 
3933 
597 
13 
81 
7 
1 
45 
98 
2149 
35 
4948 
5527 
561 
778 
3888 
167 
69 
3612 
65 
151 
6 
2036 
3 
47 
313 
7532 
61 
6 
412 
13 
2606 
7666 
535 
21 
616 
2506 
9111 
453 
12 
536 
3 
4 
4 
94 
7 
127 
589 
8298 
7 
506 
1 
3889 
4905 
6373 
96 
2614 
6 
9 
33 
315 
9 
7 
1 
747 
2 
29 
94 
1 
86 
30 
861 
27 
662 
869 
473 
88 
8651 
3 
5 
8 
9333 
6055 
211 
3 
4279 
869 
8 
3993 
2 
5 
67 
7986 
5 
95 
43 
344 
1 
87 
781 
502 
57 
3 
24 
1165 
2799 
11 
269 
59 
8525 
31 
9 
11 
2 
39 
44 
4105 
41 
1594 
6577 
5 
5 
204 
317 
540 
2363 
1676 
9 
89 
505 
47 
316 
90 
1310 
5 
4 
778 
9 
2 
5763 
9380 
9920 
530 
339 
541 
8 
99 
4714 
6 
694 
2547 
2 
4 
74 
9168 
4036 
3274 
3 
325 
6303 
7799 
3393 
62 
7278 
13 
239 
34 
8741 
5 
7 
3 
1 
71 
551 
715 
704 
88 
3 
2610 
46 
2 
44 
195 
2 
94 
190 
3 
4 
66 
86 
41 
1 
413 
65 
4 
354 
80 
1012 
6291 
694 
8082 
7 
8669 
89 
421 
4613 
7 
25 
980 
277 
8 
85 
433 
912 
248 
6 
28 
4926 
468 
13 
42 
351 
3967 
74 
9882 
784 
724 
2675 
9846 
2 
60 
759 
377 
3 
2 
5 
41 
7 
5 
526 
6 
5 
492 
3652 
3 
74 
6287 
4 
1779 
161 
9 
5041 
7298 
67 
4884 
974 
6612 
3 
7 
8 
924 
6131 
810 
15 
1 
3 
7 
7980 
16 
9 
599 
4 
83 
2342 
7236 
27 
17 
1587 
8206 
9 
5 
944 
5688 
49 
6313 
6690 
93 
699 
8 
6760 
4455 
806 
419 
8121 
3436 
6056 
8709 
725 
48 
972 
6913 
3017 
2139 
9 
17 
2918 
74 
8 
5725 
5 
48 
8212 
4 
1 
859 
693 
76 
7168 
2744 
463 
67 
1382 
98 
964 
995 
4511 
92 
3 
3691 
97 
30 
5 
886 
33 
28 
4056 
51 
92 
9737 
68 
3650 
5485 
25 
888 
8051 
50 
9412 
83 
36 
83 
152 
54 
4135 
5 
2859 
8 
852 
50 
6 
4269 
241 
27 
5349 
5 
566 
8 
6 
4848 
550 
8289 
2 
1 
8355 
28 
1 
3004 
5 
9224 
8 
451 
3966 
5 
228 
706 
44 
52 
61 
17 
7264 
8 
4387 
1216 
57 
8246 
3862 
499 
17 
9 
72 
24 
39 
7184 
54 
8 
28 
9 
9 
4 
3712 
848 
8812 
6 
2 
18 
224 
727 
146 
382 
785 
2 
2 
740 
33 
229 
43 
99 
9421 
1 
30 
6 
1 
1 
287 
2 
648 
6 
49 
9993 
44 
4 
6177 
3898 
1 
94 
6 
5607 
949 
9 
5263 
847 
6611 
834 
2 
58 
69 
649 
4 
650 
98 
4 
658 
7 
8 
29 
935 
95 
6896 
1 
5 
27 
3165 
4145 
2233 
49 
7570 
8473 
4130 
95 
566 
76 
7823 
747 
313 
44 
46 
8 
23 
61 
54 
2 
478 
2312 
95 
153 
2 
12 
2 
265 
3 
5 
1114 
3 
3568 
7186 
4 
16 
23 
2 
15 
7 
19 
313 
6 
743 
1095 
28 
28 
9 
9 
507 
90 
535 
74 
7 
255 
3337 
3 
31 
7 
220 
74 
3 
8082 
8447 
41 
4 
8 
655 
85 
35 
7 
15 
12 
2 
6561 
5 
9 
152 
6 
652 
913 
5763 
7324 
9951 
253 
8 
7691 
624 
7 
8722 
277 
5 
7023 
7 
51 
6 
393 
5440 
1 
515 
45 
857 
2 
2 
3 
8 
963 
21 
6738 
819 
4 
30 
993 
3 
5 
58 
967 
851 
3 
5 
71 
9 
7 
6985 
6 
208 
88 
1 
2 
8 
714 
8320 
3048 
61 
542 
283 
9533 
2 
1638 
3297 
2348 
4585 
30 
7926 
9 
412 
7 
4 
8767 
9659 
334 
375 
1950 
63 
854 
486 
1 
12 
40 
942 
8 
6820 
24 
83 
3817 
35 
7 
7 
2 
552 
8249 
2558 
7890 
64 
3405 
640 
778 
99 
8374 
4367 
925 
54 
5 
3210 
5664 
8 
575 
6 
21 
23 
237 
3 
946 
7540 
505 
92 
31 
842 
738 
8113 
2539 
5 
8686 
50 
4148 
639 
3 
76 
7347 
59 
1 
187 
521 
58 
19 
5 
6698 
3 
59 
8047 
500 
61 
4 
4 
9953 
47 
7011 
797 
1407 
7507 
6044 
306 
9 
7 
884 
83 
7007 
720 
5365 
9 
7085 
2061 
2212 
29 
859 
1936 
4 
3635 
5629 
7 
