132
3 
68 
1337 
3006 
9079 
42 
2 
35 
566 
684 
697 
103 
34 
5 
5336 
1873 
175 
29 
11 
506 
6658 
206 
1563 
3 
9441 
3 
65 
76 
1680 
1782 
743 
47 
4524 
36 
565 
5 
902 
9101 
5 
2060 
862 
33 
44 
4 
3 
66 
8 
64 
950 
83 
666 
7 
9739 
6 
96 
3 
683 
5 
4 
2827 
3 
3 
4 
2596 
484 
956 
5 
5 
5132 
497 
1 
67 
1526 
173 
1288 
9 
15 
8232 
78 
3 
43 
8 
25 
8 
5 
8 
8 
4746 
6796 
756 
69 
50 
8 
7641 
41 
18 
65 
24 
7389 
834 
729 
640 
60 
8317 
5 
949 
608 
3 
4960 
599 
807 
8180 
7808 
8880 
78 
14 
1 
6566 
8711 
943 
41 
3 
80 
5 
2512 
5878 
2 
71 
1 
6789 
1 
507 
