690
4554 
264 
599 
3509 
9 
3 
3963 
989 
9 
53 
3723 
9143 
91 
44 
4008 
8731 
5506 
6 
5352 
968 
633 
5878 
6 
7254 
9 
6 
8 
6141 
2970 
423 
3424 
9 
7349 
3 
95 
3678 
181 
65 
295 
8 
1 
6527 
180 
3621 
219 
68 
7 
4070 
9672 
6 
44 
91 
4404 
4 
4928 
4702 
8134 
8142 
767 
75 
57 
3 
603 
5287 
44 
226 
8638 
9754 
76 
68 
6 
3425 
37 
9030 
1 
524 
52 
286 
30 
3 
7282 
99 
452 
1 
833 
3 
778 
6127 
1 
3 
849 
739 
869 
624 
132 
6 
2 
602 
7 
13 
3785 
2 
4 
3115 
761 
64 
1467 
41 
8 
8 
4 
6360 
16 
507 
647 
6 
9 
2858 
65 
7 
68 
564 
4 
2014 
236 
8741 
90 
5968 
242 
7439 
861 
67 
32 
268 
73 
244 
4 
4939 
209 
761 
32 
1 
6775 
933 
5 
852 
31 
86 
1 
5738 
18 
375 
65 
6517 
609 
8380 
9688 
135 
94 
3551 
827 
2 
3 
911 
78 
23 
848 
587 
80 
6 
1 
63 
1 
299 
818 
2 
243 
99 
6828 
9732 
4 
3 
226 
67 
675 
19 
7 
8131 
134 
562 
7080 
48 
727 
194 
9 
1 
608 
82 
522 
1330 
56 
9 
3788 
2 
8 
823 
41 
57 
2 
98 
5380 
1125 
62 
18 
9 
1604 
3661 
182 
7166 
33 
72 
3640 
4 
34 
953 
9386 
5364 
891 
7 
2 
1 
68 
5 
2 
928 
1 
31 
5511 
386 
7966 
494 
8 
520 
788 
6149 
2 
104 
8 
5 
250 
2950 
9 
5 
3344 
67 
870 
865 
579 
4350 
64 
22 
3 
220 
90 
7 
9232 
67 
71 
7 
326 
16 
94 
943 
29 
1764 
6158 
3743 
1376 
90 
6106 
261 
7 
218 
16 
1812 
28 
2826 
41 
853 
412 
112 
141 
3 
5 
2150 
32 
95 
62 
9203 
90 
8332 
6739 
1774 
6 
803 
936 
2 
1729 
6 
269 
75 
3 
930 
4446 
897 
3935 
23 
861 
2 
8 
143 
5816 
17 
470 
270 
6825 
930 
10 
10 
9 
46 
83 
431 
540 
1149 
708 
75 
2891 
8 
76 
8707 
8941 
81 
935 
5 
6 
6380 
774 
8433 
656 
446 
5 
4 
4963 
1 
313 
53 
1 
85 
9818 
8314 
1 
88 
5750 
674 
6 
7 
65 
7 
5623 
42 
88 
692 
28 
90 
7 
4 
92 
396 
3936 
8 
558 
5 
64 
5 
94 
738 
96 
9738 
4 
982 
9729 
8659 
3 
89 
112 
6741 
772 
7 
99 
5 
7 
3 
9119 
51 
51 
18 
3 
1 
9 
855 
381 
436 
520 
2539 
5550 
74 
2327 
8694 
63 
6668 
89 
63 
224 
76 
9156 
45 
858 
9 
35 
61 
4985 
51 
4983 
73 
61 
90 
1 
2 
9 
6906 
65 
816 
854 
110 
3 
1 
56 
42 
1 
1 
1 
13 
8233 
8 
766 
2186 
378 
47 
19 
4600 
5 
6431 
9211 
4918 
360 
3 
602 
7 
4312 
6 
35 
7621 
87 
3 
9874 
82 
4 
5 
1073 
35 
38 
8 
990 
4570 
118 
5 
2 
2708 
8 
3 
702 
951 
3133 
940 
9490 
88 
951 
20 
71 
7374 
7346 
698 
58 
2 
501 
4240 
85 
7 
5 
4 
7 
6403 
4188 
6414 
184 
5 
213 
60 
8620 
8417 
16 
73 
5283 
7090 
8 
7 
1 
756 
312 
64 
85 
64 
1 
370 
5903 
696 
8195 
9 
103 
3828 
9 
7288 
5729 
61 
2 
70 
9 
464 
66 
38 
529 
15 
9 
7 
93 
8901 
9910 
5 
5384 
677 
8 
573 
76 
927 
5 
783 
8 
6 
55 
7 
2756 
9637 
13 
946 
691 
186 
66 
3 
6183 
3 
26 
5 
664 
5879 
2972 
5 
8 
110 
7 
7629 
684 
9 
9 
6 
774 
1 
563 
1 
790 
32 
5 
52 
21 
6 
750 
571 
60 
98 
917 
1 
7 
96 
281 
72 
22 
92 
2063 
918 
6 
43 
27 
5 
30 
8 
73 
8 
6535 
4 
1533 
7613 
1409 
21 
270 
1371 
97 
7 
9893 
1789 
4012 
9 
633 
9 
28 
90 
4 
970 
64 
7399 
79 
5 
734 
73 
9 
202 
13 
6614 
51 
58 
712 
902 
624 
3 
5 
9261 
289 
78 
44 
22 
4417 
5079 
473 
7322 
731 
291 
80 
467 
4 
583 
952 
907 
1427 
57 
318 
173 
6235 
5406 
31 
54 
838 
