439
43 
20 
5214 
2 
4171 
70 
3701 
21 
385 
8548 
16 
14 
41 
27 
1 
3833 
3 
294 
41 
485 
251 
506 
9875 
28 
8537 
1 
84 
4 
112 
3 
858 
764 
2682 
597 
17 
1 
987 
3643 
8 
6 
2324 
5 
8 
2 
7 
226 
5749 
872 
9192 
59 
9034 
4167 
8016 
8 
1 
71 
6231 
850 
44 
3454 
815 
1 
42 
64 
582 
7285 
1 
16 
4 
38 
361 
249 
47 
906 
6041 
1 
996 
7 
4 
3 
526 
992 
5 
8 
94 
4 
86 
3283 
1 
64 
6858 
30 
9 
996 
95 
9465 
75 
95 
3 
8605 
9524 
9 
8986 
162 
634 
58 
8242 
8941 
88 
73 
637 
2525 
972 
3 
1 
68 
3 
982 
1440 
60 
3480 
44 
4210 
4 
181 
4 
2753 
941 
83 
871 
5860 
182 
232 
42 
2 
8511 
1 
8895 
6 
302 
74 
877 
5 
7 
198 
65 
5 
8055 
49 
1 
3 
3 
2 
6 
1 
453 
8 
5 
605 
77 
3 
8007 
185 
6 
1138 
57 
8745 
54 
6196 
9 
2 
165 
46 
113 
88 
996 
3 
62 
8 
155 
85 
3 
955 
9 
42 
79 
2531 
2705 
9 
56 
55 
6 
761 
8711 
9 
7 
4 
8 
487 
57 
51 
89 
5587 
5241 
77 
1 
5 
13 
93 
3859 
88 
675 
7068 
9559 
3449 
147 
523 
12 
282 
8850 
1 
5402 
749 
607 
60 
4 
2396 
1796 
91 
8 
106 
708 
6 
88 
8719 
87 
7 
55 
5959 
5 
477 
57 
1912 
12 
1 
36 
1 
3 
708 
434 
97 
79 
76 
2 
730 
7 
9402 
218 
79 
9793 
190 
430 
656 
5 
98 
9989 
400 
7291 
5039 
1 
72 
5 
3 
44 
2 
7 
9294 
6928 
7 
445 
7 
6 
4903 
49 
8 
8 
9081 
5 
71 
4117 
29 
6 
3 
391 
7 
1 
4 
7 
7887 
67 
5 
561 
70 
1 
1636 
45 
9 
5 
673 
7639 
1 
15 
4094 
7458 
70 
9580 
8 
4930 
8 
8067 
329 
452 
4 
556 
563 
98 
6855 
1019 
14 
591 
8596 
9 
788 
9706 
2 
434 
44 
8552 
1244 
8 
901 
2 
1 
4 
4 
74 
1 
5539 
874 
734 
39 
4595 
9 
9 
1514 
6 
359 
7111 
76 
2135 
3 
1973 
774 
109 
7669 
4626 
55 
700 
7 
3331 
5201 
12 
7971 
8600 
159 
92 
3879 
3276 
8844 
638 
13 
121 
3 
573 
1 
5347 
96 
2 
4 
3 
7 
31 
44 
1136 
6 
81 
8676 
5 
3 
5605 
9629 
178 
862 
548 
52 
2 
50 
991 
928 
129 
82 
9 
1822 
279 
83 
92 
988 
76 
213 
504 
15 
61 
9 
96 
51 
692 
8849 
607 
1 
3 
1430 
43 
656 
67 
5939 
3164 
73 
4 
5701 
