393
300 
132 
445 
3726 
591 
22 
6 
42 
4230 
1 
7 
5706 
8266 
5 
3 
6 
88 
6938 
876 
1400 
7 
643 
89 
77 
568 
6340 
8363 
6 
9 
560 
3879 
92 
5 
403 
8 
8 
9954 
387 
200 
852 
3 
590 
418 
5344 
234 
203 
372 
6 
5230 
3 
263 
7 
6 
4 
7449 
895 
727 
3 
449 
591 
195 
1 
4905 
598 
47 
7772 
25 
7 
9314 
786 
1 
6629 
2876 
724 
560 
90 
69 
6 
93 
7681 
4 
2371 
549 
66 
79 
176 
98 
3483 
8 
377 
8033 
201 
103 
890 
9867 
50 
9 
7 
3272 
9462 
7 
3134 
9 
63 
49 
96 
69 
1954 
425 
3488 
833 
33 
9 
39 
23 
2456 
5 
6739 
34 
6223 
9041 
4 
38 
592 
943 
8 
2195 
6 
658 
217 
309 
847 
2898 
44 
64 
5 
8 
44 
5076 
411 
720 
3 
39 
30 
558 
5402 
52 
5 
1 
877 
9 
504 
7596 
427 
55 
570 
8 
3 
56 
683 
9120 
302 
510 
59 
36 
6 
79 
1 
6 
5576 
403 
874 
9896 
896 
4750 
944 
4810 
8 
1137 
87 
6541 
802 
845 
1688 
1674 
36 
960 
43 
130 
763 
895 
21 
9 
2 
2989 
1377 
337 
4 
6 
258 
9 
521 
667 
6208 
776 
6 
3330 
710 
1787 
55 
1 
569 
960 
739 
165 
88 
7 
4 
446 
6818 
786 
67 
71 
373 
69 
8 
75 
42 
3752 
42 
5243 
6 
7134 
2581 
32 
9 
181 
64 
1291 
4490 
86 
483 
218 
302 
320 
3814 
5771 
463 
7254 
27 
74 
872 
3456 
795 
7293 
771 
1 
95 
62 
69 
7729 
7 
5004 
9915 
4281 
40 
3023 
66 
65 
4 
7 
7203 
2914 
9130 
2441 
788 
2 
449 
944 
9 
882 
8 
68 
88 
202 
73 
4732 
9990 
45 
6879 
3394 
2643 
7746 
1 
7602 
1 
378 
60 
643 
2 
890 
2272 
6153 
43 
28 
27 
5602 
804 
1355 
1071 
34 
4 
61 
5 
691 
879 
829 
65 
1 
657 
6814 
3089 
40 
67 
452 
1 
538 
6173 
317 
782 
46 
2423 
995 
68 
670 
71 
445 
655 
350 
887 
84 
63 
483 
370 
496 
598 
2666 
89 
3694 
5615 
7 
90 
886 
5824 
60 
11 
81 
6 
5 
93 
26 
499 
75 
2 
2511 
5 
562 
26 
9 
54 
772 
91 
3751 
9 
3360 
87 
74 
128 
1 
5528 
137 
5092 
2831 
351 
5 
407 
605 
2393 
847 
3 
7418 
3442 
3 
