898
4 
5567 
95 
4268 
1319 
162 
564 
28 
629 
4406 
7573 
4400 
8435 
18 
9523 
68 
4 
72 
888 
430 
3 
7589 
8 
5897 
63 
61 
359 
459 
383 
54 
26 
3 
48 
143 
3 
27 
4 
1 
71 
8191 
25 
805 
3814 
6 
8 
77 
883 
3 
994 
671 
29 
19 
5758 
8 
7324 
7 
8440 
6126 
932 
813 
4001 
86 
251 
2576 
367 
5 
2763 
7 
44 
811 
44 
50 
5435 
3816 
744 
8975 
2055 
6840 
2 
1351 
5748 
282 
82 
5 
1 
168 
6 
731 
8089 
92 
29 
68 
487 
34 
2 
164 
9 
4246 
80 
82 
383 
1887 
29 
350 
18 
89 
2288 
9203 
415 
3 
8 
54 
184 
76 
60 
469 
643 
61 
3 
7 
79 
769 
3991 
14 
107 
1 
2150 
4 
29 
7 
622 
8822 
642 
9974 
1 
45 
4954 
58 
996 
941 
803 
6 
5686 
3 
5801 
994 
4003 
85 
6107 
3498 
285 
26 
738 
2 
29 
8 
511 
1 
336 
87 
466 
3 
279 
478 
46 
7 
328 
410 
285 
441 
158 
899 
4174 
1724 
729 
5 
61 
6 
9 
2146 
8112 
926 
2231 
3178 
61 
8889 
35 
2 
892 
71 
7463 
8306 
35 
8 
8256 
7 
551 
5 
6 
4 
8973 
5 
37 
19 
69 
4 
7742 
7425 
6475 
6 
513 
1 
45 
9210 
6952 
528 
50 
3692 
1 
2 
3 
1 
9 
5462 
9033 
15 
5603 
1 
4984 
867 
98 
1 
6781 
3 
4586 
66 
2367 
8709 
587 
6213 
549 
83 
9252 
2 
390 
2474 
44 
131 
52 
5586 
2525 
936 
4 
2 
82 
92 
33 
80 
536 
6 
292 
5975 
9 
64 
4 
52 
203 
330 
7 
1848 
2 
6718 
5986 
3 
858 
7327 
3 
990 
3923 
53 
576 
9739 
7 
150 
56 
925 
2 
96 
4 
708 
450 
7 
8692 
80 
1 
4892 
1 
1850 
342 
3 
519 
40 
5987 
5527 
804 
469 
38 
6 
908 
8303 
2644 
649 
796 
67 
778 
345 
154 
6182 
5464 
787 
288 
1 
563 
8694 
7671 
6 
5 
56 
8541 
63 
22 
7856 
57 
454 
37 
1621 
82 
1 
9 
14 
52 
6073 
5 
9 
94 
3 
6 
3624 
7 
6659 
6880 
4 
573 
5194 
3818 
9625 
7617 
74 
172 
274 
6872 
7 
45 
2 
4 
898 
4 
209 
7251 
47 
914 
5 
7 
29 
175 
40 
5542 
325 
796 
14 
8 
5 
44 
1112 
1109 
7206 
2 
3 
3 
37 
861 
5 
435 
9165 
503 
79 
16 
897 
2767 
5 
4 
1 
175 
47 
896 
42 
6 
7 
7866 
99 
74 
6316 
3483 
5 
12 
135 
9 
5058 
57 
7 
2424 
685 
30 
1261 
453 
242 
2 
323 
324 
135 
5 
122 
716 
5402 
528 
2360 
4 
3918 
670 
1 
467 
23 
40 
4064 
475 
1242 
2 
7556 
83 
6 
8106 
8783 
3 
8 
566 
8730 
449 
8404 
1467 
5 
134 
16 
1 
99 
3 
458 
7456 
2 
27 
70 
7 
8 
464 
674 
336 
2 
4174 
1038 
61 
4857 
6 
69 
26 
305 
31 
701 
6789 
4170 
143 
2328 
264 
283 
6810 
2003 
3983 
64 
4524 
6945 
3 
8230 
688 
64 
618 
92 
12 
2 
6307 
37 
9625 
8 
5 
95 
2122 
9 
57 
67 
974 
116 
472 
90 
683 
3 
63 
3341 
41 
65 
32 
37 
82 
84 
7 
7094 
4 
46 
158 
7 
2043 
2999 
16 
705 
170 
341 
5 
988 
136 
9 
68 
78 
94 
653 
7772 
186 
3609 
4 
4239 
615 
403 
339 
527 
245 
8 
5974 
5737 
897 
6054 
3 
5 
2542 
808 
418 
1 
3777 
7 
4 
7 
26 
7687 
669 
7569 
8 
7839 
73 
450 
10 
479 
228 
768 
8035 
6853 
395 
6 
4946 
7953 
1 
14 
98 
98 
64 
3695 
7 
50 
3 
1379 
78 
5153 
388 
82 
9 
9141 
2 
48 
53 
2436 
61 
9 
20 
419 
603 
876 
626 
84 
122 
1347 
2 
243 
41 
23 
85 
672 
44 
98 
267 
336 
98 
1920 
446 
8090 
56 
91 
8776 
8476 
3 
646 
91 
80 
512 
22 
71 
231 
3327 
5 
1405 
7375 
52 
505 
976 
7021 
9577 
2 
189 
8954 
3195 
6896 
91 
7740 
841 
71 
2021 
4 
54 
5 
9042 
695 
597 
186 
1 
227 
8154 
2 
80 
58 
359 
21 
479 
3 
5787 
5 
50 
9886 
8462 
75 
371 
2 
577 
8092 
3808 
623 
15 
21 
41 
307 
313 
4 
82 
8 
594 
1 
828 
33 
4888 
3 
1733 
1033 
1175 
353 
816 
5 
7322 
836 
14 
6978 
2 
633 
924 
642 
683 
222 
52 
46 
2 
4 
8503 
55 
6398 
86 
2768 
2774 
771 
9158 
503 
38 
2 
9748 
7 
122 
9122 
4110 
6181 
20 
59 
2 
75 
1 
941 
6115 
69 
4 
5 
8828 
6 
909 
3 
9 
4670 
872 
69 
789 
9 
303 
9512 
377 
62 
1 
313 
6735 
4 
441 
6888 
23 
3254 
3129 
3137 
4770 
62 
2030 
5 
511 
734 
978 
745 
85 
675 
15 
1 
2 
686 
787 
6 
4 
6482 
59 
604 
34 
6 
5784 
1421 
665 
3 
2093 
35 
5625 
203 
4338 
8781 
3396 
9538 
5654 
9 
84 
754 
6503 
9 
547 
24 
38 
881 
6 
84 
6 
6 
28 
5 
871 
649 
1 
9300 
382 
67 
30 
54 
8738 
6 
385 
9 
9352 
8 
49 
2770 
419 
16 
32 
908 
9279 
6 
8448 
539 
70 
83 
145 
8 
89 
80 
275 
58 
338 
10 
82 
4779 
9537 
9220 
7700 
3 
43 
4390 
52 
72 
95 
5970 
417 
8 
3152 
5259 
348 
4582 
6 
313 
5156 
3 
395 
6530 
598 
291 
9583 
6629 
250 
9 
39 
16 
