716
408 
5087 
3 
5663 
8021 
2 
946 
8653 
58 
3167 
1 
4 
2348 
5498 
6830 
58 
777 
825 
43 
338 
8 
64 
4 
42 
933 
7818 
87 
9 
21 
6716 
6785 
8 
94 
31 
9 
8 
7 
66 
134 
4 
984 
75 
6 
5 
6608 
8 
9 
77 
6628 
8090 
56 
28 
75 
7144 
928 
3017 
768 
42 
9 
9 
25 
6342 
2664 
2 
26 
5353 
133 
181 
5 
571 
81 
8627 
33 
6 
4 
2431 
4030 
6416 
5 
476 
94 
15 
31 
7 
9660 
6 
47 
1969 
492 
7 
493 
9066 
3011 
150 
6 
171 
6 
5905 
4 
40 
585 
727 
8 
29 
147 
38 
681 
259 
177 
5701 
883 
3630 
9737 
9 
648 
128 
923 
3226 
10 
2 
28 
89 
45 
231 
57 
7 
23 
333 
43 
548 
740 
951 
9 
361 
2 
26 
237 
2 
6 
53 
278 
8497 
4 
3 
2117 
4289 
90 
7236 
4717 
51 
471 
184 
6 
7853 
4 
51 
2 
4 
91 
76 
44 
2139 
2239 
389 
24 
986 
130 
7458 
83 
856 
617 
4722 
411 
62 
3 
39 
63 
2 
49 
5655 
6 
837 
189 
761 
8849 
6 
925 
359 
58 
642 
967 
91 
9 
79 
18 
6282 
6955 
7836 
7551 
7 
9936 
5146 
4 
700 
9 
8 
8 
755 
182 
8 
313 
420 
3 
90 
668 
992 
81 
244 
6 
560 
3 
9 
34 
23 
720 
7987 
1 
42 
4585 
82 
31 
453 
926 
5 
7 
6 
1 
574 
2 
982 
5452 
8730 
3252 
4760 
630 
8863 
5318 
16 
605 
3331 
1497 
341 
59 
1911 
63 
3084 
30 
7 
8350 
81 
6 
52 
2 
19 
404 
5531 
5993 
97 
8 
691 
4636 
86 
933 
109 
385 
68 
587 
71 
8 
8 
93 
8790 
567 
18 
7452 
5 
976 
6 
34 
32 
759 
9 
5063 
37 
547 
69 
1 
5 
9 
3042 
98 
6372 
3497 
9 
586 
29 
717 
38 
532 
1612 
8 
168 
64 
8 
28 
800 
1010 
1 
19 
3 
7913 
1 
3212 
6 
9646 
5929 
141 
5959 
9 
28 
4187 
43 
226 
2500 
283 
55 
93 
331 
6 
4083 
722 
405 
9 
4186 
316 
2893 
37 
88 
791 
8969 
1877 
8470 
31 
5821 
836 
2 
660 
38 
1339 
3 
933 
3794 
4847 
509 
12 
3815 
3226 
37 
360 
63 
6793 
8932 
96 
9 
41 
9041 
3950 
2368 
4 
4522 
61 
42 
848 
391 
6851 
647 
82 
55 
9587 
5546 
877 
2 
88 
8 
9 
888 
8235 
940 
1 
8572 
9523 
62 
1708 
16 
3738 
2937 
74 
7 
81 
361 
4 
7 
3 
91 
36 
9012 
4 
85 
55 
746 
451 
8 
5 
120 
8106 
1978 
97 
779 
71 
8 
6 
75 
2 
8130 
6 
454 
99 
3841 
90 
6199 
25 
6771 
15 
73 
1365 
42 
776 
75 
54 
2 
883 
1 
18 
403 
367 
822 
7 
6 
895 
25 
8 
76 
62 
51 
138 
86 
977 
98 
75 
998 
462 
5731 
6 
778 
491 
897 
2 
8 
27 
1 
5 
8 
6216 
8 
7 
33 
4242 
1 
5012 
56 
8 
490 
2514 
46 
30 
8452 
4 
92 
3 
8 
7 
3248 
9 
9905 
30 
7318 
65 
71 
220 
9 
895 
4 
4 
20 
570 
164 
149 
795 
9349 
7509 
5686 
6098 
4 
7 
506 
327 
6662 
87 
7 
8 
729 
221 
49 
8960 
4 
22 
8 
4 
7 
49 
12 
63 
126 
439 
8 
701 
1 
54 
513 
1 
636 
7 
4 
43 
45 
395 
27 
3 
1 
9 
8 
45 
6034 
291 
405 
9 
3 
824 
8000 
1907 
2428 
2295 
1 
7425 
1 
2 
74 
655 
90 
60 
9 
7 
317 
64 
319 
7 
18 
9 
5 
37 
965 
639 
27 
82 
470 
3 
5638 
6 
44 
2 
561 
5676 
3332 
9772 
9736 
1155 
97 
3125 
5 
8515 
5105 
9322 
7 
8 
114 
6 
52 
3320 
27 
823 
5 
215 
7557 
201 
356 
298 
9 
5199 
57 
699 
3828 
1 
9 
947 
1 
1 
3670 
206 
7630 
2631 
2 
2056 
8681 
2 
47 
778 
791 
360 
50 
5247 
6747 
665 
7 
68 
5987 
6210 
450 
809 
2 
63 
1013 
2 
3 
2 
728 
6019 
832 
1 
89 
8 
4256 
6819 
770 
64 
264 
80 
1531 
90 
6779 
1932 
6395 
9 
104 
244 
5315 
18 
64 
6 
1066 
13 
1 
8495 
4079 
269 
898 
9013 
3239 
685 
3856 
32 
526 
899 
56 
24 
32 
252 
6161 
9188 
28 
442 
5 
2 
7 
8 
62 
152 
