486
75 
7 
97 
4 
1 
516 
395 
2 
897 
9159 
8 
373 
9 
38 
6782 
7893 
3 
68 
4 
1423 
121 
2 
3 
6987 
4947 
2710 
5 
49 
1 
1305 
39 
5 
4944 
90 
73 
5081 
2035 
350 
548 
46 
80 
7018 
53 
9545 
4 
758 
6 
9 
5155 
91 
8871 
5197 
8026 
7133 
9428 
43 
569 
962 
48 
5900 
81 
1445 
8819 
904 
589 
4753 
854 
21 
9635 
3 
59 
1 
177 
2 
3348 
5 
59 
82 
2 
69 
23 
839 
345 
7 
50 
9695 
5494 
4 
2 
1 
153 
269 
5 
654 
95 
60 
753 
3 
1 
5 
2 
4432 
129 
8 
19 
864 
40 
4 
3732 
899 
25 
8739 
7 
5654 
233 
4018 
700 
9 
5 
2314 
9 
646 
3 
507 
1245 
8896 
49 
871 
2863 
28 
21 
51 
84 
65 
886 
40 
4 
33 
8559 
1 
96 
11 
409 
9 
39 
44 
1304 
863 
2525 
42 
6 
70 
3 
5 
979 
892 
295 
756 
290 
917 
529 
69 
664 
350 
6183 
7 
98 
250 
9 
754 
6 
32 
93 
8338 
210 
552 
16 
945 
289 
9861 
9973 
3 
1737 
59 
3862 
257 
23 
7065 
777 
38 
239 
953 
5520 
975 
86 
17 
1569 
4 
41 
968 
8334 
20 
65 
2 
9431 
27 
3200 
6704 
17 
725 
8567 
2240 
6 
462 
46 
41 
145 
4936 
36 
675 
9 
152 
42 
4 
2 
97 
8152 
7653 
978 
5 
15 
614 
55 
42 
59 
7940 
42 
31 
4 
471 
73 
9359 
10 
2 
5827 
255 
6 
345 
7 
3743 
9043 
621 
313 
4171 
635 
4215 
8 
17 
481 
8157 
135 
23 
980 
874 
120 
60 
82 
4804 
98 
57 
444 
72 
20 
5 
93 
803 
600 
90 
9 
745 
78 
9 
14 
17 
80 
561 
224 
10 
3 
2900 
8 
191 
1 
48 
147 
744 
20 
83 
51 
5 
6073 
625 
369 
74 
6925 
67 
17 
11 
1073 
149 
553 
6199 
60 
4 
6351 
7 
691 
579 
10 
860 
3 
213 
6676 
7 
3006 
649 
92 
17 
1687 
358 
44 
8 
961 
62 
4799 
647 
9 
6451 
8 
2 
133 
1976 
46 
10 
550 
63 
4 
584 
9 
7824 
9648 
8 
3 
91 
43 
2429 
7 
8166 
676 
2202 
823 
2 
768 
956 
7290 
70 
133 
10 
1432 
2442 
7132 
8503 
80 
12 
9883 
14 
841 
666 
91 
5011 
3500 
214 
9645 
2 
5260 
61 
2 
610 
85 
228 
38 
94 
9691 
8 
4 
596 
89 
316 
8 
10 
4 
475 
79 
24 
1 
972 
88 
526 
7097 
699 
294 
13 
833 
662 
576 
9 
6 
123 
109 
23 
9583 
39 
9 
1 
3195 
580 
2 
1 
63 
35 
6614 
5 
501 
9478 
2739 
9542 
83 
51 
183 
66 
564 
5 
2610 
9988 
7733 
480 
8048 
494 
193 
2035 
2 
4357 
544 
7605 
20 
436 
1511 
93 
1 
6 
3324 
31 
208 
4461 
298 
53 
308 
7 
2 
37 
98 
911 
3185 
365 
5431 
439 
47 
8 
484 
96 
101 
492 
4 
4 
7250 
340 
