389
1 
809 
5 
1452 
216 
56 
5616 
153 
91 
31 
9 
77 
68 
691 
40 
3 
5 
63 
55 
7 
89 
2600 
166 
224 
2 
3773 
72 
9 
3069 
30 
253 
9999 
1645 
4463 
468 
26 
351 
6601 
7 
32 
40 
1 
1 
84 
971 
1129 
2841 
7681 
8905 
23 
1 
4858 
1131 
7 
910 
2 
34 
965 
3 
57 
64 
58 
46 
6096 
8023 
1041 
861 
9459 
2 
527 
9 
4638 
3019 
3766 
2201 
6282 
68 
2283 
433 
502 
997 
227 
2885 
534 
810 
372 
5687 
54 
204 
346 
4 
81 
127 
4359 
122 
66 
39 
274 
408 
489 
269 
4150 
856 
126 
696 
2 
783 
9 
159 
466 
7 
5526 
2823 
5 
3 
688 
3 
8 
62 
2620 
752 
66 
208 
819 
49 
1913 
3666 
7181 
9643 
6 
949 
3 
599 
1 
957 
4302 
195 
5 
84 
381 
330 
22 
2190 
6 
4 
4 
778 
7 
96 
2 
25 
76 
7 
57 
27 
2 
13 
73 
4 
3291 
3165 
5 
5 
446 
66 
754 
9241 
653 
6330 
4 
9 
54 
5 
2086 
31 
72 
9 
67 
299 
9185 
52 
9 
38 
20 
210 
375 
770 
4901 
74 
958 
3 
4504 
1 
79 
865 
9 
5 
95 
683 
80 
5957 
684 
5434 
3 
8773 
6879 
2194 
3891 
29 
522 
34 
300 
664 
455 
442 
812 
703 
3 
440 
461 
10 
5888 
75 
4406 
4 
56 
2110 
68 
362 
227 
4752 
82 
4036 
8345 
843 
8062 
6 
4028 
239 
1015 
7 
7 
6176 
82 
7734 
1906 
5 
7349 
75 
34 
249 
31 
6 
915 
18 
34 
87 
687 
19 
6 
8 
1543 
33 
463 
1304 
402 
6 
6230 
7 
729 
49 
373 
482 
8481 
2 
3 
3323 
7 
5737 
5944 
1 
8 
1463 
6 
559 
30 
79 
9574 
179 
25 
1 
5951 
5 
55 
5 
312 
195 
9 
704 
15 
1 
5 
9076 
55 
5805 
2948 
19 
8 
200 
99 
29 
1 
7203 
32 
2 
917 
9 
8 
323 
285 
7755 
60 
7 
7 
7222 
754 
6 
5666 
8072 
3909 
3 
87 
3 
453 
166 
925 
9059 
2 
3 
5 
85 
1664 
8 
9530 
926 
6934 
933 
134 
1 
43 
34 
8013 
8055 
452 
1472 
458 
650 
4232 
537 
29 
851 
339 
4 
9091 
7231 
1225 
5 
1 
719 
843 
46 
4120 
7564 
994 
400 
952 
8 
6 
20 
210 
2361 
7 
12 
550 
654 
59 
320 
498 
73 
