336
388 
969 
2 
141 
79 
1572 
647 
63 
978 
80 
97 
737 
654 
97 
609 
5 
9 
14 
5616 
597 
6 
9862 
65 
11 
52 
7442 
3 
83 
749 
4469 
72 
4188 
8 
26 
40 
57 
986 
8 
7 
2 
1698 
70 
2789 
5 
6 
94 
1 
27 
7989 
51 
684 
5212 
1 
7943 
4282 
5168 
6207 
3020 
5227 
83 
9 
726 
8 
1501 
54 
6 
6 
282 
44 
38 
1 
7518 
513 
780 
2 
71 
7965 
6526 
478 
1 
701 
58 
833 
429 
865 
58 
509 
2 
7 
1 
396 
8226 
8838 
92 
464 
77 
42 
58 
59 
8 
330 
8601 
5206 
951 
8 
9453 
6 
7 
5 
773 
869 
2175 
2 
199 
6 
505 
235 
3 
712 
5 
79 
654 
1 
69 
4413 
544 
74 
188 
3 
89 
64 
749 
8352 
87 
457 
343 
26 
57 
676 
4398 
71 
972 
7361 
25 
38 
4877 
2371 
7 
73 
769 
4 
7848 
4433 
4 
41 
198 
6 
3 
5 
5 
3427 
888 
54 
7 
3067 
4 
61 
5 
5958 
862 
52 
1029 
665 
2 
93 
7109 
44 
65 
1 
3320 
2 
96 
67 
4233 
997 
55 
11 
89 
4 
6 
7179 
64 
4057 
12 
3 
523 
1259 
49 
446 
732 
372 
3 
54 
551 
8618 
4857 
196 
2501 
7633 
89 
35 
39 
7 
72 
4580 
92 
2153 
7 
641 
3351 
9 
92 
586 
7590 
40 
3541 
7007 
18 
35 
4 
31 
4 
5150 
962 
674 
6512 
331 
30 
8 
2 
130 
2 
6 
49 
1 
9600 
1053 
15 
8 
837 
501 
7009 
37 
2 
9 
10 
210 
7 
763 
42 
64 
6467 
61 
1 
1 
43 
26 
265 
6917 
32 
6 
83 
7345 
938 
949 
8038 
2472 
7994 
8 
8 
98 
44 
16 
43 
628 
381 
7 
8742 
83 
1 
5 
94 
28 
432 
3 
54 
684 
78 
6848 
76 
1622 
971 
3824 
92 
58 
4498 
506 
6473 
5 
4 
7335 
231 
7836 
60 
20 
5182 
89 
3335 
80 
614 
4 
56 
5 
7 
68 
337 
2440 
87 
1 
1 
3356 
1395 
1778 
36 
4165 
3 
