217
460 
36 
643 
89 
28 
101 
5411 
7 
3548 
4776 
7188 
44 
7 
116 
8 
3011 
278 
41 
1 
5 
7038 
23 
3983 
16 
87 
293 
8 
95 
1284 
2092 
7 
1185 
9 
9 
4 
4 
3 
9436 
4537 
1340 
25 
33 
9 
13 
5209 
9554 
7 
69 
67 
8776 
24 
881 
1 
3122 
5583 
1461 
4034 
884 
13 
7 
153 
918 
29 
22 
4880 
5984 
6 
2709 
2566 
1191 
30 
63 
4 
48 
8 
15 
24 
9 
420 
930 
43 
923 
5 
3728 
59 
20 
4 
9278 
50 
6149 
85 
2873 
3203 
139 
126 
3 
6 
9 
763 
40 
5 
4 
386 
8 
95 
88 
13 
52 
688 
225 
22 
53 
8654 
77 
296 
6 
3 
856 
270 
856 
3591 
151 
5 
56 
6027 
9690 
1 
716 
5559 
899 
98 
5 
90 
4558 
49 
6 
92 
3 
89 
449 
9 
1 
2 
856 
51 
2459 
96 
2905 
67 
8060 
21 
582 
5 
81 
55 
4935 
7805 
769 
38 
18 
63 
53 
5 
3 
741 
4359 
9421 
3 
392 
5 
5562 
23 
8 
3316 
8 
651 
30 
194 
9545 
4 
4933 
9 
28 
88 
8616 
4417 
56 
5298 
9 
8915 
1 
830 
52 
9141 
75 
31 
2405 
3 
7 
9 
8534 
72 
4674 
136 
1228 
9 
9739 
2624 
2559 
58 
7232 
928 
2905 
54 
377 
3156 
6 
