166
1 
7 
7376 
1328 
3 
682 
968 
843 
516 
9 
645 
450 
950 
573 
918 
46 
71 
7630 
123 
7 
2852 
87 
786 
43 
82 
48 
1052 
213 
3 
3 
558 
56 
95 
2535 
4 
4752 
53 
270 
2 
4 
983 
707 
23 
1 
83 
5 
227 
462 
8 
909 
2597 
7702 
6097 
1438 
706 
8 
54 
1947 
912 
7 
3 
74 
985 
17 
50 
62 
7647 
6878 
50 
3499 
1298 
9 
8 
301 
2 
656 
2 
56 
77 
6134 
6 
83 
8 
5 
96 
412 
59 
4017 
740 
34 
5654 
51 
7 
33 
12 
2489 
974 
4 
8673 
8 
146 
64 
366 
4375 
93 
2437 
1 
957 
18 
3906 
6903 
8 
1559 
343 
229 
79 
9653 
1 
2 
414 
2084 
701 
1 
529 
9 
735 
833 
3569 
25 
181 
943 
34 
6 
4 
5240 
1 
7957 
23 
3275 
6182 
89 
695 
5791 
3812 
2 
7 
43 
47 
40 
9 
235 
4913 
1 
9521 
38 
14 
1652 
7 
306 
912 
106 
7258 
39 
217 
54 
9891 
