852
4441 
451 
9 
727 
9190 
5 
1 
79 
5591 
8 
563 
5568 
2128 
6 
1847 
18 
9094 
609 
73 
6106 
1 
11 
2039 
2233 
611 
4033 
83 
7 
2411 
2297 
2 
7112 
6410 
16 
216 
70 
923 
7 
6231 
83 
7 
919 
9 
567 
6 
205 
121 
43 
7 
6788 
4 
7098 
4 
247 
527 
19 
3196 
5 
5840 
90 
469 
8 
56 
86 
4410 
672 
54 
3 
8206 
773 
48 
15 
78 
2 
3 
8517 
798 
8768 
60 
7 
9 
9 
92 
52 
1756 
958 
284 
375 
952 
640 
9815 
51 
4145 
3 
7 
19 
999 
7084 
179 
74 
6 
4337 
5 
458 
9 
11 
4 
9 
53 
88 
45 
53 
586 
37 
8 
762 
4300 
1893 
49 
7498 
624 
558 
27 
8211 
866 
2 
207 
6 
2 
30 
94 
147 
8951 
11 
474 
62 
8 
4687 
5418 
1545 
670 
94 
505 
559 
9308 
628 
6 
214 
5 
2822 
1 
8393 
1 
921 
4746 
5503 
265 
721 
656 
7682 
24 
1222 
834 
1828 
449 
4566 
998 
20 
99 
353 
930 
76 
712 
5 
8 
7 
4177 
2 
26 
714 
65 
1 
74 
7 
664 
32 
1041 
6460 
512 
8854 
3 
1 
93 
8 
572 
46 
290 
798 
39 
1 
8 
4 
42 
920 
3 
9 
15 
1285 
2386 
2 
8 
803 
9 
4 
729 
79 
8823 
678 
1 
6 
7158 
99 
30 
55 
603 
42 
160 
822 
55 
94 
8 
2 
9 
309 
5 
2553 
42 
9 
2 
4932 
10 
8 
86 
7435 
4 
9 
1 
3 
74 
2 
3 
2051 
356 
9912 
946 
48 
1677 
5 
4353 
290 
343 
3 
335 
8 
96 
94 
874 
8084 
5819 
474 
25 
231 
611 
7258 
27 
431 
3 
2 
2 
579 
1607 
1691 
747 
1943 
2 
796 
9 
58 
4580 
886 
831 
190 
606 
81 
1 
1 
1120 
7779 
72 
4064 
3 
9321 
7805 
848 
9560 
6 
834 
64 
26 
6238 
253 
825 
813 
8858 
75 
454 
387 
36 
39 
77 
722 
1 
1609 
124 
86 
8 
6 
308 
8 
47 
3953 
9 
91 
468 
79 
6 
671 
31 
27 
56 
5800 
40 
30 
1129 
65 
8 
5605 
720 
556 
3875 
5288 
479 
8522 
905 
4482 
6 
251 
3 
8589 
5421 
2 
6 
6 
10 
6124 
2927 
4 
9 
393 
39 
827 
8 
22 
41 
112 
7 
5855 
910 
631 
948 
6 
7 
5 
8187 
274 
8065 
454 
38 
14 
64 
5234 
6 
325 
22 
70 
366 
3246 
53 
191 
7122 
9743 
3 
41 
9993 
18 
4 
3514 
748 
2295 
3145 
1468 
6745 
1505 
325 
45 
4038 
2607 
53 
3706 
76 
413 
5 
973 
3283 
18 
85 
523 
7 
3332 
1 
3094 
239 
9939 
4 
5748 
2001 
22 
6445 
4977 
987 
339 
5583 
3 
51 
337 
7 
93 
182 
275 
1347 
90 
8026 
4664 
313 
2679 
174 
991 
775 
3598 
4571 
89 
9 
6807 
8 
290 
978 
64 
4 
5 
9432 
1382 
82 
9006 
46 
1 
8 
709 
9211 
5 
898 
5 
5 
99 
766 
9 
261 
3671 
62 
3 
7 
9 
341 
24 
2395 
407 
92 
9 
2 
428 
641 
800 
530 
5 
2855 
30 
52 
4 
3999 
3 
73 
565 
9189 
4 
653 
7245 
84 
20 
68 
2133 
5156 
4377 
1161 
7226 
5 
13 
217 
7468 
3099 
96 
38 
376 
452 
9 
2734 
2912 
78 
146 
4894 
6832 
6184 
9157 
3065 
736 
9598 
330 
2966 
202 
88 
65 
79 
5 
5 
702 
479 
190 
51 
98 
92 
4926 
8 
334 
2 
580 
4 
3 
9 
86 
9 
79 
9 
48 
7 
501 
9650 
4918 
21 
5 
8 
8 
4428 
8868 
301 
250 
77 
645 
47 
18 
4895 
834 
43 
4 
2099 
20 
816 
28 
324 
2 
53 
198 
4602 
1 
5717 
52 
4521 
2 
53 
2751 
524 
8 
7 
35 
19 
2169 
64 
6827 
5665 
8 
99 
8 
4 
30 
828 
370 
234 
693 
395 
7838 
980 
2948 
43 
6 
95 
2128 
27 
3 
4 
7 
7068 
9756 
8 
1 
7 
3274 
43 
70 
8 
90 
6842 
7 
9 
7 
9 
302 
8 
861 
7 
7339 
3737 
6666 
3987 
3362 
11 
7730 
5 
77 
5041 
2 
65 
58 
98 
384 
699 
7381 
8 
462 
88 
5 
6816 
661 
4777 
20 
22 
7531 
3 
597 
74 
562 
8 
1472 
16 
99 
4 
22 
90 
81 
9 
103 
8 
76 
135 
52 
243 
28 
74 
74 
41 
16 
15 
8 
8096 
282 
61 
8503 
693 
67 
76 
81 
12 
95 
1 
740 
473 
852 
1255 
8031 
6 
788 
5365 
60 
182 
2069 
345 
7443 
2191 
998 
255 
32 
32 
87 
32 
13 
30 
8625 
96 
21 
4363 
7 
862 
69 
743 
4959 
7 
39 
59 
2 
3 
757 
5513 
5 
4 
9 
161 
52 
519 
9 
1 
39 
801 
9 
1 
4 
607 
65 
332 
2733 
3 
9 
6 
9 
7380 
3602 
4574 
602 
169 
992 
6800 
3061 
2901 
81 
1384 
1518 
1676 
6 
2 
37 
6 
239 
8320 
425 
52 
9789 
885 
70 
4863 
5 
234 
95 
3932 
97 
982 
19 
684 
31 
732 
99 
8 
6 
58 
7 
56 
71 
67 
231 
6 
215 
1 
877 
5 
4 
44 
1336 
343 
555 
794 
4723 
736 
340 
3 
31 
5 
89 
6829 
4279 
32 
5875 
5510 
934 
269 
4455 
4092 
740 
6 
