530
5 
602 
9334 
2 
64 
42 
985 
7211 
26 
63 
5 
190 
10 
833 
4 
509 
64 
5887 
71 
222 
2 
9 
4327 
6351 
66 
1066 
5317 
625 
8 
6866 
7358 
8598 
705 
6 
9 
54 
98 
7572 
3 
68 
367 
96 
9604 
19 
92 
13 
626 
69 
42 
38 
4933 
959 
91 
5 
65 
438 
69 
12 
60 
862 
3536 
65 
88 
4424 
1165 
3264 
91 
6 
713 
9052 
1 
6 
6232 
4968 
219 
220 
5 
926 
423 
90 
8 
2010 
8 
6806 
17 
4402 
39 
857 
77 
62 
2 
3 
447 
313 
945 
889 
3345 
2 
3 
83 
153 
2 
1180 
9851 
4 
849 
65 
2686 
8100 
97 
1472 
2 
4392 
7 
7 
1312 
541 
62 
3 
79 
244 
3 
489 
924 
6263 
868 
723 
6 
6880 
2595 
72 
46 
639 
3081 
72 
3 
10 
85 
9 
2 
1 
4765 
1231 
7 
2 
205 
551 
5195 
1 
2850 
1273 
5733 
67 
8094 
393 
7232 
571 
2173 
578 
60 
2 
5182 
35 
288 
595 
415 
18 
168 
698 
9035 
8834 
9433 
11 
8 
7703 
192 
214 
68 
5046 
1954 
5 
5 
99 
33 
5253 
368 
107 
89 
3 
5 
732 
785 
3 
99 
858 
8 
5 
395 
137 
7278 
908 
630 
778 
4988 
728 
7 
9850 
704 
7 
1 
97 
2 
30 
8238 
86 
238 
981 
7865 
8 
469 
994 
8 
64 
5 
6 
6127 
29 
5072 
5 
1 
52 
64 
64 
7 
7060 
70 
507 
7451 
29 
7 
76 
1614 
5508 
344 
9915 
5310 
1 
37 
8237 
29 
1 
30 
1 
435 
987 
381 
2119 
209 
92 
1 
158 
2 
6 
600 
519 
42 
120 
4 
595 
5 
6 
5 
8765 
9708 
648 
68 
948 
8666 
1910 
503 
8999 
418 
6 
37 
6953 
4892 
85 
61 
1748 
2331 
42 
2 
617 
2 
7 
81 
9 
56 
72 
5151 
1 
21 
2898 
5 
15 
61 
8466 
4650 
430 
5 
558 
7568 
359 
56 
3 
4399 
2 
362 
517 
8 
5791 
321 
9520 
8401 
46 
720 
6333 
897 
61 
1187 
731 
67 
51 
1109 
655 
2110 
3 
6451 
32 
482 
9 
137 
8 
2 
3181 
792 
476 
65 
76 
8 
3735 
120 
3129 
2909 
12 
14 
47 
569 
33 
68 
83 
2305 
1 
207 
5 
4204 
6 
3486 
994 
9 
7225 
953 
162 
951 
8066 
6 
6 
1332 
82 
5 
339 
6 
63 
8 
6446 
2699 
7009 
99 
4 
1 
8 
1207 
7 
75 
156 
75 
907 
7580 
4892 
8 
1065 
6082 
7 
262 
147 
8 
3639 
678 
6 
1633 
53 
39 
32 
896 
867 
3 
7985 
65 
9 
6 
585 
6 
8 
844 
4340 
9021 
2 
322 
283 
7170 
95 
14 
1 
3333 
19 
7 
617 
198 
7973 
16 
31 
5002 
1251 
690 
1 
1 
1729 
235 
8 
663 
2796 
4 
14 
4505 
1310 
6524 
467 
748 
52 
2 
533 
3 
5825 
421 
4353 
8337 
2 
28 
79 
344 
59 
58 
996 
541 
861 
9603 
5610 
2118 
50 
632 
795 
59 
7924 
918 
1 
5599 
512 
95 
9702 
2820 
50 
87 
62 
22 
5 
73 
3021 
9946 
9 
2 
4718 
69 
9897 
6 
24 
5 
572 
8 
229 
38 
8984 
1593 
61 
848 
7 
842 
1478 
2 
6 
5057 
861 
2 
18 
651 
38 
25 
8 
23 
8132 
6085 
