469
143 
4002 
58 
3 
636 
260 
9751 
2388 
525 
270 
55 
9240 
9315 
447 
725 
3463 
6494 
242 
986 
3 
88 
970 
1 
60 
1 
303 
30 
7701 
18 
7240 
8376 
877 
36 
749 
3687 
3607 
8 
6393 
4 
3 
7 
39 
1181 
4664 
6 
7752 
3 
74 
376 
2 
912 
543 
2935 
1 
6839 
265 
7395 
433 
70 
4 
4147 
16 
95 
5 
808 
4781 
1689 
53 
7729 
4 
2176 
204 
98 
6963 
2552 
8846 
475 
6922 
5 
4 
2 
810 
727 
6910 
6 
5 
44 
651 
794 
9 
1 
192 
4 
17 
4591 
3 
61 
7432 
66 
2 
3 
7947 
4593 
76 
250 
68 
839 
91 
8409 
2900 
79 
2 
71 
209 
2757 
1 
271 
59 
50 
4 
512 
387 
87 
799 
53 
309 
2 
475 
4 
4173 
5648 
2764 
913 
338 
8 
683 
894 
3 
8911 
7966 
6212 
6775 
1960 
69 
753 
1945 
95 
94 
787 
5111 
7340 
6853 
27 
21 
47 
4112 
27 
6 
9 
194 
20 
2 
42 
49 
7659 
8228 
90 
2364 
27 
4 
517 
958 
1472 
7 
61 
830 
545 
9 
5235 
8 
6 
432 
4756 
12 
4 
586 
9 
7 
4 
524 
81 
34 
8 
229 
15 
4921 
678 
368 
382 
14 
66 
625 
1281 
256 
46 
843 
80 
40 
4 
32 
30 
744 
97 
7571 
6866 
15 
486 
2 
9 
7387 
9214 
6960 
8 
95 
70 
1 
7 
1100 
3525 
511 
402 
4512 
3825 
999 
519 
5659 
9040 
953 
718 
4707 
9283 
9 
5 
97 
8585 
98 
5426 
567 
27 
4849 
7 
611 
63 
7 
38 
6 
3 
76 
49 
1 
373 
774 
22 
2416 
37 
98 
8 
24 
21 
6 
6 
9793 
2 
6114 
552 
84 
8 
3332 
5 
8 
6 
495 
7 
67 
15 
5643 
2 
93 
1232 
75 
254 
2070 
71 
8399 
3203 
8 
3996 
74 
765 
80 
2739 
7 
6 
13 
67 
2 
48 
676 
17 
61 
81 
5979 
8 
5889 
9 
76 
7 
2 
8 
1 
33 
73 
2767 
77 
1 
34 
5255 
424 
7 
3922 
9 
6690 
8 
4922 
7399 
800 
65 
9 
2 
5251 
2 
6478 
411 
882 
2735 
908 
57 
88 
47 
714 
5584 
3 
6989 
539 
618 
289 
1 
8484 
1395 
9723 
1 
4787 
237 
1 
197 
9206 
4 
1 
6005 
5 
1 
9714 
864 
80 
34 
84 
577 
5 
8475 
99 
9 
43 
7 
8335 
7 
42 
823 
1 
5 
470 
25 
2164 
1 
476 
3 
5 
9 
6 
19 
3 
2 
81 
2 
625 
157 
6 
7 
605 
5 
7696 
3951 
2 
5762 
1486 
3350 
42 
87 
300 
93 
38 
7441 
60 
4 
95 
274 
9822 
54 
132 
92 
10 
769 
177 
58 
8950 
947 
2 
61 
50 
575 
263 
85 
5930 
73 
9979 
48 
39 
9 
6 
9867 
7736 
6 
2695 
598 
81 
844 
93 
59 
3785 
8 
3701 
5 
5 
38 
3 
894 
846 
13 
9 
786 
