860
53 
5 
349 
49 
695 
7131 
80 
2 
39 
8 
4788 
8056 
2 
63 
6917 
52 
7 
388 
1259 
6341 
45 
549 
80 
285 
39 
134 
8 
6278 
5552 
8814 
7712 
8821 
4 
83 
888 
14 
751 
541 
90 
8658 
786 
8 
88 
82 
8641 
98 
239 
905 
836 
4 
6 
4 
451 
41 
6718 
83 
5109 
6 
8711 
881 
99 
593 
54 
388 
2 
86 
33 
2825 
26 
1 
723 
55 
3 
80 
56 
71 
5818 
99 
98 
5946 
58 
2416 
7 
6 
2125 
2872 
4136 
50 
307 
2606 
65 
9 
359 
24 
968 
14 
7277 
4 
7811 
16 
99 
2 
8334 
6 
2132 
45 
9 
70 
7244 
80 
8440 
267 
4858 
434 
97 
466 
94 
611 
7897 
272 
3755 
56 
549 
4 
8790 
672 
86 
30 
602 
8407 
4212 
2423 
4 
6595 
774 
827 
2 
554 
7 
69 
2 
2619 
8705 
1 
64 
794 
2889 
304 
270 
1717 
773 
106 
18 
2951 
8736 
8759 
8987 
39 
90 
5 
363 
1 
87 
7 
4659 
36 
19 
3 
1228 
518 
323 
443 
2 
7 
893 
7 
5462 
60 
6019 
523 
8 
2969 
70 
7652 
3 
2 
51 
70 
92 
4 
7392 
4 
993 
3612 
83 
4265 
1673 
2 
664 
91 
9 
5954 
5347 
790 
950 
8 
2748 
5 
2 
496 
41 
199 
574 
7 
3279 
56 
324 
271 
3 
98 
354 
22 
4069 
326 
659 
51 
9605 
43 
7 
5925 
477 
9852 
874 
2223 
5039 
629 
5414 
470 
92 
736 
6 
93 
7 
8043 
60 
384 
4 
486 
38 
10 
7832 
802 
8338 
54 
4419 
9 
9868 
12 
466 
13 
4 
7648 
16 
8250 
772 
502 
9693 
982 
7 
824 
48 
63 
536 
87 
1930 
284 
2961 
35 
8 
923 
801 
7174 
3427 
5 
606 
735 
4 
3640 
26 
855 
206 
8897 
177 
9337 
2345 
8 
40 
7 
615 
9 
3675 
5 
716 
754 
71 
3160 
2081 
8 
43 
8966 
652 
3103 
68 
9311 
80 
6988 
399 
83 
70 
309 
40 
62 
2607 
26 
646 
873 
330 
273 
7 
35 
812 
3368 
894 
8623 
5530 
22 
6856 
74 
673 
4 
5 
875 
5 
39 
8 
3 
6 
438 
9 
6186 
7 
995 
5411 
644 
6 
130 
989 
4 
7719 
25 
4 
9365 
72 
128 
1 
4 
304 
126 
9751 
9475 
4 
7 
3 
81 
6955 
51 
196 
8 
619 
4675 
70 
838 
595 
8 
5686 
7219 
5841 
6 
7 
4 
85 
863 
3 
2 
6727 
9 
92 
7158 
2 
19 
21 
40 
4326 
94 
7 
8019 
616 
141 
5 
7504 
55 
89 
9 
70 
3 
336 
7582 
49 
19 
1916 
9723 
6899 
8864 
8 
8 
2 
2 
8117 
288 
6 
7 
838 
1 
58 
3 
6669 
93 
171 
2526 
67 
5 
37 
253 
27 
935 
495 
3 
71 
20 
499 
4 
5356 
1458 
92 
4796 
2 
5 
4 
190 
8549 
343 
64 
823 
96 
14 
3 
9054 
65 
3 
81 
919 
7 
404 
20 
20 
3 
7 
86 
2454 
71 
7333 
17 
9 
683 
9 
7416 
6 
46 
398 
2720 
5 
40 
235 
730 
84 
3390 
4360 
99 
4 
1252 
3458 
1 
6551 
4 
3 
9 
3725 
8405 
7 
45 
7678 
9 
290 
82 
3670 
38 
455 
91 
31 
1514 
3843 
34 
7319 
1461 
69 
67 
460 
224 
28 
1833 
5 
9534 
3409 
2 
7 
25 
699 
5065 
4362 
1 
7 
89 
374 
50 
793 
61 
142 
51 
8536 
8511 
1 
227 
56 
30 
3 
163 
8299 
203 
76 
853 
2876 
66 
79 
85 
4 
760 
304 
6 
54 
121 
9887 
8 
94 
41 
690 
8 
5382 
48 
9 
6 
8674 
67 
268 
3 
96 
9 
4 
7 
3 
148 
687 
520 
18 
76 
5681 
608 
77 
393 
34 
7 
5 
5 
7355 
13 
99 
7260 
3971 
48 
9620 
72 
430 
35 
6 
3713 
76 
25 
998 
8 
1406 
9 
17 
5560 
3 
8 
7 
380 
49 
16 
2001 
1286 
854 
365 
650 
64 
123 
928 
40 
102 
243 
20 
851 
29 
818 
874 
2 
500 
9301 
2397 
6721 
3120 
787 
155 
280 
115 
3 
6790 
80 
35 
5982 
60 
199 
45 
703 
5580 
28 
39 
433 
5 
8915 
1284 
713 
6229 
3527 
61 
7046 
717 
265 
435 
2 
3915 
16 
18 
1 
851 
8 
71 
4 
3778 
591 
4 
316 
58 
83 
474 
1996 
127 
73 
9 
2 
1 
8304 
4352 
1886 
6347 
8574 
793 
7 
2630 
4194 
39 
2555 
2558 
208 
74 
170 
10 
6358 
5 
31 
241 
72 
875 
344 
35 
3147 
649 
8559 
131 
888 
37 
79 
3 
389 
6 
5136 
3130 
489 
4636 
3 
92 
7 
20 
135 
6506 
7486 
6893 
9 
8 
6252 
7388 
7 
3298 
9 
7 
7 
88 
861 
11 
565 
999 
133 
708 
2 
36 
2389 
9058 
67 
23 
51 
362 
375 
6747 
3 
8 
88 
668 
333 
53 
4 
24 
6864 
3 
8 
847 
4346 
866 
5 
408 
183 
24 
24 
5122 
5 
9 
75 
495 
26 
929 
93 
5 
95 
8 
63 
5846 
5 
131 
91 
2917 
299 
9 
310 
38 
9 
142 
45 
7000 
77 
951 
7615 
85 
104 
401 
7 
740 
911 
984 
4 
7545 
667 
957 
2408 
683 
621 
7 
3129 
69 
921 
270 
9 
8232 
6130 
9787 
4 
3413 
1 
9657 
194 
570 
142 
3003 
7 
2 
8191 
6629 
4740 
8257 
706 
3 
59 
8 
