594
8 
3723 
5888 
2 
27 
77 
8 
4 
76 
6 
6584 
83 
4103 
809 
9348 
42 
712 
86 
31 
9909 
87 
325 
8 
77 
867 
841 
2 
6 
57 
147 
6328 
2310 
37 
3045 
21 
643 
512 
243 
3 
6 
12 
775 
3211 
7 
609 
9174 
174 
5 
93 
275 
7484 
6294 
457 
8860 
7310 
886 
7 
3 
3527 
3 
1135 
6 
4669 
70 
91 
1253 
170 
735 
11 
318 
1244 
36 
903 
6192 
4 
1871 
7138 
1967 
359 
3 
7879 
316 
10 
8 
9374 
6 
2093 
97 
9849 
5965 
4 
1038 
13 
9176 
19 
868 
854 
949 
613 
6 
875 
7535 
149 
4728 
903 
15 
2468 
15 
193 
798 
8 
2 
458 
721 
6 
737 
472 
7 
2 
229 
7481 
27 
51 
9 
4 
7018 
4822 
731 
6373 
6 
6 
8 
17 
8212 
48 
996 
6 
80 
97 
3 
46 
707 
846 
5748 
7536 
953 
152 
3 
46 
54 
2 
8 
183 
684 
55 
9 
291 
763 
38 
983 
510 
364 
9023 
28 
4367 
17 
221 
743 
79 
991 
4820 
23 
8666 
44 
4971 
548 
65 
1988 
8 
4969 
1723 
18 
37 
215 
203 
84 
688 
98 
4 
9742 
3 
2 
547 
3 
72 
9 
5999 
852 
6998 
306 
938 
3 
27 
6 
6972 
84 
51 
54 
925 
40 
90 
5 
62 
917 
5222 
7991 
96 
3 
7798 
2 
7 
2390 
816 
357 
3 
183 
4 
14 
5756 
3641 
9 
6 
88 
457 
458 
827 
53 
8 
7 
12 
399 
103 
1 
944 
62 
8961 
5 
3 
46 
659 
5821 
4 
7 
948 
38 
29 
783 
37 
1 
3701 
598 
8 
9028 
9 
374 
820 
196 
45 
4816 
8 
738 
7 
9 
2902 
928 
85 
900 
70 
64 
4880 
75 
101 
66 
543 
34 
638 
5062 
364 
78 
7944 
227 
923 
252 
7284 
5469 
8019 
4 
44 
581 
7454 
7 
18 
2077 
19 
10 
7 
104 
720 
3 
7 
9858 
60 
1031 
1770 
37 
2795 
439 
10 
25 
99 
5707 
897 
3 
260 
8 
4304 
6924 
628 
6 
98 
806 
7 
3109 
138 
250 
74 
17 
5 
185 
797 
20 
2 
7 
472 
2 
32 
7677 
54 
97 
6 
6 
51 
7 
5124 
71 
3288 
3 
24 
2776 
66 
3532 
489 
9 
71 
28 
5 
4816 
7137 
940 
5 
79 
9914 
51 
2331 
746 
2 
7454 
97 
2308 
7 
33 
264 
7353 
7 
40 
976 
7081 
1427 
2976 
6 
3 
8418 
5394 
95 
24 
2167 
95 
1498 
34 
59 
973 
742 
1537 
2384 
29 
4716 
7586 
3 
70 
6132 
700 
447 
92 
9 
1 
207 
714 
659 
130 
6494 
441 
8 
5641 
9 
91 
5 
780 
2858 
578 
1743 
2575 
618 
7700 
66 
4039 
33 
4641 
1 
88 
1172 
923 
56 
471 
83 
74 
122 
966 
591 
6989 
2 
4927 
3 
2136 
1469 
88 
9549 
8 
8138 
749 
1 
344 
25 
196 
6 
2782 
3 
8403 
5305 
236 
18 
2535 
57 
724 
49 
385 
4 
63 
75 
6325 
9978 
956 
8 
7 
6 
9 
7 
6 
7 
440 
680 
24 
51 
985 
842 
5855 
92 
9787 
652 
7 
129 
4 
37 
3354 
1 
440 
1165 
417 
8 
95 
5831 
2 
15 
1040 
41 
175 
3 
659 
4348 
4 
331 
452 
1 
5404 
476 
9 
77 
1077 
4137 
747 
4 
9566 
609 
7 
67 
3755 
2 
90 
9 
480 
499 
446 
389 
69 
93 
195 
518 
508 
75 
2 
5351 
6 
5631 
1 
124 
2 
910 
1722 
93 
137 
13 
35 
97 
6607 
932 
1 
104 
9 
699 
9 
13 
77 
795 
645 
12 
8 
922 
3 
2495 
217 
45 
626 
727 
2774 
5 
533 
16 
187 
27 
160 
2 
3630 
338 
5 
869 
