300
6576 
5173 
7224 
3 
9 
1 
3966 
741 
3228 
87 
8891 
484 
4770 
879 
84 
8745 
69 
478 
6 
5 
205 
8 
38 
938 
672 
4 
5 
8 
7703 
7 
8 
919 
9 
7 
7569 
7 
8 
6 
8 
92 
4 
5 
5489 
406 
7817 
75 
607 
53 
6761 
5734 
59 
268 
305 
2 
1 
447 
7359 
9 
7518 
49 
2096 
131 
8 
7831 
85 
7717 
59 
1252 
4 
71 
8 
50 
9763 
35 
623 
387 
8 
44 
9407 
9370 
82 
3 
9 
5880 
4570 
9 
3441 
5672 
2 
106 
73 
35 
1795 
6 
8840 
4676 
6384 
73 
163 
92 
3 
38 
3 
7 
92 
735 
92 
47 
72 
6 
437 
9732 
5 
1167 
9273 
116 
1 
4527 
692 
244 
6585 
5 
9 
9 
6 
6 
2 
781 
7 
79 
9 
9 
33 
6215 
2722 
64 
58 
2739 
69 
1741 
4852 
5 
5823 
49 
71 
2174 
7 
7 
84 
3321 
8 
4384 
8816 
32 
1098 
57 
5 
5247 
20 
152 
95 
493 
848 
190 
9 
5 
314 
8 
2 
2 
516 
9 
642 
1950 
3564 
6 
902 
985 
7214 
235 
20 
5259 
7 
2230 
69 
6190 
3 
38 
739 
2 
1653 
42 
14 
1 
1995 
764 
230 
752 
445 
383 
367 
4944 
6 
72 
564 
77 
1554 
2 
3 
6 
1 
95 
54 
374 
8505 
375 
1 
2436 
280 
4721 
4034 
915 
9 
2690 
4115 
146 
92 
6257 
4 
176 
5 
23 
3548 
12 
51 
197 
9579 
8026 
547 
3221 
67 
13 
50 
245 
4 
7 
3 
99 
966 
91 
8086 
8363 
82 
54 
9802 
75 
602 
9481 
890 
2 
13 
7 
9 
9325 
521 
1 
7 
78 
894 
17 
381 
1953 
100 
892 
7 
737 
6 
9778 
164 
3929 
1 
9549 
833 
497 
1 
8 
34 
1798 
1559 
201 
6018 
810 
355 
35 
72 
7642 
4 
77 
3 
826 
