354
3647 
8 
516 
4 
4 
6278 
485 
81 
3 
2706 
9008 
863 
6 
2754 
6935 
8245 
61 
57 
419 
9 
4613 
4 
7 
26 
9 
2 
93 
1 
44 
304 
5920 
7 
838 
2 
7408 
5 
460 
5 
552 
859 
7516 
317 
9642 
89 
8875 
11 
826 
722 
9 
81 
744 
32 
6842 
642 
7810 
1 
4 
574 
9776 
95 
189 
9505 
9 
8 
55 
8076 
470 
11 
53 
7 
982 
2 
85 
228 
2 
395 
7320 
258 
813 
3021 
318 
7551 
822 
65 
90 
2 
8 
6421 
6495 
55 
6 
4 
5 
69 
1982 
4706 
64 
5294 
6829 
45 
40 
501 
5 
424 
10 
30 
4 
6 
6 
2 
5 
550 
92 
348 
981 
5379 
795 
1170 
535 
3053 
78 
4781 
7 
2 
4749 
52 
5806 
593 
4 
46 
1 
26 
6372 
70 
9 
72 
61 
876 
4 
31 
29 
172 
173 
746 
4818 
7 
516 
7 
86 
3 
1235 
1 
1060 
8 
141 
431 
6 
55 
2 
4 
4 
1850 
9 
39 
4 
3748 
9 
14 
1 
56 
2653 
1626 
654 
438 
31 
4 
333 
5 
4383 
3 
8 
81 
6765 
8123 
7 
709 
188 
4 
917 
4774 
2 
2 
753 
4 
1 
60 
272 
88 
86 
1 
5861 
5172 
50 
5 
445 
2 
2634 
8829 
687 
204 
1 
41 
5 
9281 
451 
1293 
50 
37 
93 
115 
509 
801 
365 
18 
2732 
2 
15 
643 
6719 
9 
94 
228 
68 
58 
6617 
94 
6 
97 
9129 
4 
93 
5935 
54 
9699 
576 
7 
5 
82 
29 
3646 
8 
6 
532 
3719 
95 
82 
1158 
803 
275 
202 
8887 
8 
7 
8651 
4130 
236 
72 
5 
11 
26 
93 
23 
3 
237 
6218 
533 
642 
86 
1831 
7 
4657 
98 
9 
410 
25 
2 
2599 
5 
1 
65 
8198 
9994 
8 
72 
5204 
8224 
18 
209 
66 
63 
156 
44 
73 
6 
2406 
8732 
9 
4 
958 
995 
593 
3227 
7 
82 
6 
8100 
40 
961 
474 
4276 
3 
2 
6 
30 
7 
7930 
6877 
4 
6670 
5122 
9221 
9716 
311 
8383 
4541 
105 
8921 
5225 
296 
28 
1776 
3 
29 
6344 
5757 
6 
322 
286 
2952 
28 
2209 
182 
927 
4 
