375
123 
7 
17 
470 
3 
862 
5406 
425 
18 
806 
838 
9025 
843 
9 
29 
604 
7 
2 
4 
453 
407 
2847 
4071 
686 
3682 
13 
3 
2083 
3 
94 
2 
335 
8177 
232 
4220 
8015 
65 
571 
318 
1286 
4 
47 
4850 
6399 
631 
9 
924 
500 
2825 
6 
992 
3 
9 
8152 
533 
1680 
94 
80 
821 
8029 
87 
1027 
4 
7 
6 
7653 
633 
12 
5506 
325 
5 
4625 
246 
65 
25 
7249 
8409 
545 
1061 
7 
8018 
9 
1 
3900 
3 
73 
7937 
9 
92 
95 
42 
858 
2 
71 
7766 
332 
4 
522 
357 
7997 
4 
2 
1188 
3068 
7075 
17 
13 
953 
95 
5331 
1 
463 
2 
7 
6039 
69 
6 
4835 
14 
701 
6588 
9 
6 
508 
7 
8 
140 
7948 
4 
228 
46 
1 
1 
91 
7 
1010 
6 
763 
94 
77 
69 
4422 
55 
9623 
222 
60 
97 
4 
2935 
4 
2 
830 
3944 
254 
8 
1 
34 
7 
96 
971 
9526 
741 
2935 
9036 
25 
5652 
68 
1808 
836 
5448 
124 
3924 
105 
5 
30 
4 
2097 
1955 
300 
88 
3460 
11 
4951 
2754 
48 
808 
54 
58 
2425 
861 
319 
80 
6 
660 
4376 
7 
6683 
106 
96 
801 
716 
8211 
628 
6613 
5444 
552 
35 
6 
51 
168 
433 
394 
7947 
1 
704 
5061 
14 
6 
419 
278 
38 
66 
74 
6 
617 
8615 
9 
9132 
4662 
9 
821 
474 
6 
24 
8 
2026 
7766 
8 
26 
919 
8 
2 
653 
9 
2 
6953 
21 
7848 
40 
307 
9904 
381 
14 
1142 
6354 
7892 
194 
4385 
943 
26 
43 
3396 
8 
8 
92 
7483 
5608 
2 
678 
4 
6 
16 
542 
2688 
34 
3830 
73 
563 
916 
2 
7421 
6 
894 
9268 
36 
6 
3 
61 
32 
72 
948 
721 
212 
5 
2 
4 
3 
2 
6 
84 
524 
717 
89 
9239 
3213 
4680 
875 
135 
4790 
93 
2595 
8 
6007 
5726 
681 
848 
3 
785 
1 
7 
952 
6787 
54 
17 
61 
5 
6 
8527 
853 
99 
3927 
4306 
364 
8585 
409 
2778 
2687 
70 
47 
48 
6460 
6286 
86 
9585 
3256 
39 
280 
15 
2 
541 
3 
34 
73 
4857 
4956 
47 
48 
41 
14 
6 
2 
231 
80 
31 
760 
77 
51 
8005 
18 
3 
724 
7 
32 
84 
6 
