987
848 
6982 
9137 
408 
2 
4 
49 
1926 
26 
61 
60 
710 
190 
77 
3 
4109 
573 
3450 
665 
4482 
821 
7466 
62 
682 
143 
8 
25 
916 
1 
348 
61 
6 
4 
2 
5968 
5040 
36 
697 
3 
1 
189 
131 
5 
87 
3580 
55 
355 
4 
5 
99 
372 
63 
8811 
578 
43 
202 
475 
2405 
9 
9672 
35 
768 
8 
6858 
7 
6136 
8119 
223 
7292 
2 
589 
266 
8 
90 
620 
69 
72 
21 
6736 
57 
194 
71 
620 
9194 
6 
3886 
3598 
8712 
6878 
5 
95 
21 
1 
709 
58 
6750 
3845 
30 
7 
7 
7935 
920 
55 
67 
8 
101 
8861 
7744 
22 
36 
49 
42 
8130 
535 
76 
5314 
6512 
935 
179 
53 
38 
3 
9797 
5688 
9 
6 
878 
61 
307 
6 
968 
4652 
863 
746 
533 
65 
8263 
20 
1990 
30 
78 
4 
66 
6044 
3993 
3 
98 
7426 
6558 
93 
74 
794 
1918 
8 
9982 
39 
54 
223 
57 
2 
5501 
2 
567 
560 
41 
562 
2 
5 
7268 
9 
159 
7 
76 
987 
9349 
1249 
8393 
6 
5888 
200 
3394 
4 
48 
4 
788 
6458 
6339 
4 
3678 
25 
6276 
7 
7 
111 
634 
4741 
6 
898 
23 
1 
701 
7401 
2234 
754 
899 
376 
2612 
2 
727 
157 
66 
3281 
920 
1305 
54 
349 
309 
4307 
5 
41 
1 
379 
953 
486 
983 
672 
904 
9 
58 
2 
7 
3404 
3 
9492 
2 
8 
767 
2 
1 
7 
927 
71 
5873 
83 
5 
7 
4530 
72 
3019 
39 
4 
5 
879 
4627 
64 
4 
404 
7 
6 
533 
5460 
339 
5 
712 
5997 
20 
3 
9791 
251 
55 
231 
40 
3892 
3 
552 
7 
538 
9877 
3 
6072 
11 
4 
3 
3314 
125 
374 
29 
8561 
3882 
5 
1690 
71 
2747 
409 
685 
2 
2779 
834 
797 
63 
80 
268 
375 
2997 
3 
73 
131 
240 
7 
5 
600 
533 
64 
29 
34 
15 
4168 
7 
906 
5748 
3 
9 
3913 
93 
91 
8 
8611 
27 
4 
841 
23 
4 
583 
71 
469 
29 
9 
2 
5 
9 
9 
96 
75 
16 
1831 
1387 
53 
130 
3 
325 
5309 
111 
7 
62 
5835 
166 
9 
6 
6902 
85 
46 
6487 
98 
3127 
3 
13 
9795 
255 
8212 
3 
2639 
921 
54 
1 
7615 
5058 
4505 
6 
7439 
2232 
999 
5 
2 
36 
641 
721 
7 
5 
1 
9 
17 
6935 
83 
2987 
2481 
57 
198 
70 
1 
8 
150 
66 
818 
3201 
98 
384 
772 
43 
26 
4271 
1098 
13 
5711 
41 
933 
4626 
234 
8 
945 
440 
8013 
3 
887 
35 
14 
3 
1221 
714 
6435 
126 
6446 
280 
78 
66 
36 
6 
342 
72 
348 
4 
8 
48 
787 
9539 
5 
1658 
8 
4743 
22 
657 
555 
7 
404 
17 
8 
7 
827 
5399 
3035 
232 
4745 
1052 
1118 
1734 
39 
9316 
71 
160 
747 
4 
455 
150 
364 
34 
8505 
24 
8910 
321 
1 
3 
13 
5706 
9899 
82 
6 
59 
1785 
96 
60 
6 
16 
86 
5214 
3813 
56 
4788 
7390 
74 
3652 
3 
68 
3 
350 
2 
75 
7838 
86 
9 
411 
46 
779 
9064 
4 
96 
1237 
17 
55 
29 
5 
7962 
47 
75 
3549 
663 
3 
1 
9151 
52 
7 
6507 
94 
1390 
44 
34 
5282 
73 
8 
5763 
3832 
5 
340 
7866 
99 
1011 
34 
70 
836 
71 
992 
4 
30 
4248 
10 
974 
5 
59 
11 
243 
4 
749 
4967 
651 
4 
8 
8 
3 
8 
49 
5749 
2454 
9386 
86 
1 
5 
5673 
4933 
51 
7 
98 
9769 
324 
66 
2808 
3278 
6895 
4168 
595 
9154 
4 
3 
62 
8 
87 
75 
81 
4 
738 
9 
3 
2297 
56 
79 
4207 
55 
8 
1214 
1 
440 
6 
675 
26 
9486 
43 
70 
3353 
8 
59 
9301 
7 
6071 
7 
2 
7 
989 
5 
7963 
5 
70 
439 
48 
899 
4 
457 
3398 
2173 
954 
8 
753 
46 
1 
26 
1 
149 
78 
3 
34 
64 
99 
402 
8613 
7 
3 
8 
858 
1 
325 
60 
5269 
8 
5346 
449 
68 
142 
1 
5798 
11 
8890 
952 
9028 
40 
5 
4 
8 
900 
249 
5 
1 
4 
14 
30 
3 
2 
160 
111 
82 
337 
4978 
70 
8 
3796 
830 
116 
1 
31 
16 
991 
99 
96 
57 
5344 
5988 
5 
527 
4624 
55 
216 
704 
475 
56 
927 
77 
28 
8360 
519 
6760 
24 
8 
166 
8 
2511 
54 
6665 
3429 
2284 
3977 
949 
8 
8 
4 
5918 
989 
6 
606 
2272 
641 
98 
41 
988 
8287 
3810 
5 
8732 
809 
1 
35 
498 
4535 
9178 
5 
6 
4 
29 
4 
8 
7601 
9 
23 
60 
848 
5 
82 
30 
6889 
86 
8 
543 
33 
400 
32 
61 
6333 
11 
4 
33 
8 
311 
28 
5 
1884 
449 
7 
61 
4 
577 
959 
280 
41 
309 
4411 
7 
8347 
1 
73 
6586 
3154 
50 
3 
3784 
2567 
37 
444 
4306 
30 
2 
33 
7 
95 
41 
10 
5 
43 
4975 
3 
8 
583 
9 
28 
50 
565 
8 
7087 
78 
8 
6 
4 
60 
9087 
9788 
6 
58 
3522 
1 
3 
2 
3428 
3 
740 
459 
92 
1 
7138 
9726 
2691 
235 
687 
5 
387 
76 
13 
158 
135 
85 
882 
8442 
38 
76 
1 
9 
4 
355 
1777 
65 
6075 
3 
1 
8 
131 
8 
1772 
3 
7750 
88 
4 
1631 
99 
35 
12 
565 
8 
8 
2 
2722 
1808 
64 
8 
7 
7 
5299 
7080 
66 
4320 
1 
636 
5680 
1737 
92 
18 
39 
32 
9978 
2629 
2489 
4 
5848 
48 
7853 
4 
827 
19 
37 
9001 
3004 
3033 
3396 
7166 
1 
14 
951 
6 
79 
8 
7721 
841 
838 
4 
42 
91 
888 
7018 
1508 
34 
84 
828 
4 
35 
32 
8655 
6074 
8019 
204 
8202 
219 
2 
62 
2 
3301 
246 
5263 
9 
3 
21 
7896 
9914 
87 
830 
48 
7877 
545 
9972 
3 
36 
7 
2165 
129 
61 
764 
443 
65 
6678 
2980 
474 
327 
4839 
878 
2533 
5276 
1932 
852 
3 
1 
6 
9 
23 
5180 
2727 
164 
7872 
