934
60 
9658 
801 
4881 
76 
489 
2 
9 
5 
36 
83 
220 
6 
398 
5 
59 
4481 
1 
8799 
9515 
7 
8 
98 
29 
670 
8 
960 
6 
75 
640 
1033 
2725 
2732 
4 
3400 
9 
305 
7992 
57 
8 
55 
7284 
1158 
337 
871 
1 
188 
2007 
681 
5 
19 
7 
42 
5 
7 
4 
1368 
11 
96 
8 
1 
1089 
436 
1928 
7167 
882 
2211 
217 
38 
2878 
1152 
8189 
1 
8 
627 
9 
63 
61 
93 
84 
1 
647 
4 
84 
726 
359 
697 
3 
4896 
56 
979 
85 
8891 
1719 
5 
313 
94 
62 
7 
9603 
1 
9 
691 
73 
1633 
18 
3 
36 
7349 
396 
28 
7239 
7539 
5 
1588 
6373 
195 
93 
718 
111 
876 
3 
92 
7672 
6958 
972 
7 
68 
396 
856 
898 
34 
45 
64 
4552 
8 
9016 
1 
21 
6672 
41 
292 
223 
76 
14 
5 
717 
91 
178 
8 
54 
39 
4484 
311 
7 
720 
52 
25 
59 
7202 
2 
76 
2376 
2 
583 
66 
338 
7 
141 
91 
682 
6234 
1 
4506 
53 
651 
319 
8497 
436 
843 
97 
6508 
3 
163 
61 
5707 
666 
823 
33 
488 
4 
8 
14 
7 
8 
4 
306 
7 
74 
9 
155 
23 
1536 
7 
57 
2 
1 
2 
6433 
8 
24 
777 
23 
615 
30 
4 
57 
378 
5144 
468 
17 
1 
84 
255 
6361 
20 
855 
2556 
6 
284 
573 
4 
1805 
31 
7451 
1 
6 
7927 
868 
134 
1144 
4 
3153 
7 
83 
1512 
8 
7637 
300 
4 
87 
233 
6 
37 
616 
5755 
3 
2 
97 
242 
41 
9395 
429 
8746 
29 
92 
879 
5 
95 
3 
1977 
176 
2 
9 
4 
726 
6 
89 
5009 
214 
7557 
742 
38 
7312 
3752 
4452 
2054 
8067 
68 
935 
817 
9018 
754 
2703 
155 
4 
7988 
3687 
31 
7 
339 
157 
34 
24 
85 
5 
67 
6596 
915 
4 
3 
3 
8248 
311 
10 
411 
2 
67 
1578 
71 
8 
885 
3 
6633 
1121 
420 
287 
682 
2 
3 
5 
6 
2041 
611 
38 
2 
557 
97 
277 
97 
8 
32 
8333 
7163 
2003 
1234 
344 
3419 
5924 
7892 
3 
6 
96 
7 
35 
78 
89 
2 
600 
619 
5 
6 
6 
5340 
38 
625 
9444 
920 
2634 
1428 
4 
27 
5 
53 
768 
4 
575 
2268 
990 
2211 
1691 
990 
96 
76 
996 
2 
9456 
96 
93 
22 
529 
3884 
1 
246 
2 
3 
8216 
530 
686 
1497 
86 
2 
3 
217 
9016 
702 
1566 
25 
1227 
9 
8 
5160 
8914 
1316 
483 
912 
794 
5 
5554 
1 
4755 
144 
68 
53 
1 
4298 
66 
68 
705 
6226 
2 
349 
5 
167 
588 
9019 
8236 
233 
86 
9 
1 
64 
57 
376 
58 
1480 
5 
196 
612 
6 
9 
72 
368 
57 
3 
29 
54 
7949 
8 
4123 
924 
3557 
60 
411 
2047 
7080 
41 
4 
9241 
5 
79 
3 
489 
32 
19 
3 
2295 
9616 
28 
938 
714 
6 
141 
642 
7594 
82 
4 
147 
73 
2821 
433 
6577 
1974 
36 
41 
927 
154 
5 
8481 
5 
6 
4525 
86 
2567 
5499 
219 
8192 
52 
584 
65 
6 
57 
7379 
2125 
1 
4 
3859 
1 
594 
2924 
6135 
914 
31 
9 
97 
6 
2 
3374 
2922 
27 
5 
1584 
3619 
6 
16 
7 
204 
446 
2119 
14 
7 
24 
8 
7671 
40 
1161 
559 
7055 
42 
8817 
57 
4996 
283 
3 
6641 
751 
9873 
8201 
2 
931 
35 
3592 
2 
3 
8181 
82 
4 
16 
368 
6120 
71 
28 
9308 
7 
84 
7731 
3 
7 
9 
5476 
36 
919 
9 
1 
797 
9876 
29 
8 
5033 
9 
3 
3686 
71 
49 
228 
4577 
6362 
8127 
2028 
72 
68 
46 
7 
267 
9268 
64 
3 
4031 
9289 
511 
645 
47 
4608 
33 
676 
45 
1072 
7 
27 
177 
95 
7931 
5981 
6604 
5 
32 
5 
9 
625 
4 
4 
2 
36 
930 
6 
3220 
11 
73 
33 
69 
8 
120 
4080 
5931 
6 
5 
9 
986 
23 
5854 
96 
14 
2 
6 
880 
5413 
9758 
516 
9 
159 
3860 
8950 
9 
794 
4238 
4376 
618 
6 
56 
4 
2 
253 
3053 
3541 
4 
602 
5 
7630 
7 
6 
6 
5154 
225 
2 
3 
7174 
6 
58 
349 
2 
95 
5 
834 
1 
185 
33 
29 
61 
6 
12 
41 
209 
29 
702 
4 
2647 
7086 
47 
801 
1 
519 
9090 
87 
78 
6 
85 
71 
990 
24 
8764 
4 
278 
4 
2767 
848 
89 
633 
7 
508 
8225 
4837 
547 
8368 
103 
840 
3 
5 
51 
965 
914 
38 
5385 
9206 
1 
6036 
39 
15 
58 
3692 
73 
7337 
11 
5 
8622 
68 
9 
3 
402 
3934 
6506 
7411 
6660 
85 
3 
779 
6 
2 
17 
260 
5658 
9 
51 
9713 
9 
2 
62 
7037 
475 
94 
20 
199 
78 
85 
9212 
2367 
50 
3 
331 
2 
24 
3 
80 
6482 
4 
2 
807 
40 
5744 
132 
1 
83 
315 
9 
838 
1103 
4 
9243 
40 
3 
1 
1008 
320 
5 
996 
2 
4 
801 
7152 
336 
4 
51 
3 
2921 
42 
7 
1 
4360 
221 
7336 
2 
4 
9977 
664 
9 
1409 
8117 
677 
6 
7761 
502 
775 
4342 
55 
1 
70 
985 
2 
6 
9457 
46 
72 
26 
4287 
1493 
838 
974 
77 
9 
286 
75 
60 
154 
88 
98 
40 
825 
7832 
72 
4926 
2639 
5644 
9 
4489 
5 
3 
5 
729 
4754 
883 
2 
2 
9 
44 
3 
65 
584 
9240 
31 
2 
1081 
13 
4951 
2 
2 
866 
3 
505 
98 
17 
4 
1 
35 
4 
2 
298 
5 
89 
6638 
525 
963 
971 
5 
8109 
74 
98 
7 
284 
4 
1 
7 
142 
9 
397 
695 
72 
68 
9 
56 
30 
6 
50 
402 
6 
448 
