715
9379 
96 
500 
6028 
5 
3864 
940 
6 
866 
77 
17 
46 
871 
5726 
608 
375 
3437 
5 
739 
858 
5 
6 
442 
6 
38 
92 
8670 
3479 
18 
8261 
92 
486 
13 
5609 
82 
967 
5446 
97 
52 
32 
1645 
9452 
1 
32 
1463 
6942 
67 
2695 
100 
31 
1 
46 
14 
43 
225 
3867 
4 
74 
4424 
5999 
3621 
7 
6262 
176 
3954 
8108 
992 
21 
550 
7 
1 
3855 
2 
270 
372 
5 
495 
4 
589 
38 
3 
29 
89 
636 
6815 
94 
7 
16 
7 
340 
44 
64 
349 
71 
678 
81 
29 
9691 
520 
57 
582 
527 
7 
58 
1 
1 
3329 
768 
8 
60 
9 
7381 
2507 
8527 
6246 
94 
6 
35 
2102 
843 
2923 
15 
9428 
77 
3 
6430 
1 
8506 
3 
76 
202 
620 
80 
3 
3012 
9182 
24 
84 
1525 
2992 
7 
3484 
5527 
828 
823 
2 
220 
6 
3 
38 
63 
2570 
1 
901 
8466 
286 
9479 
397 
5632 
7661 
5133 
6 
3 
2 
3 
7132 
77 
32 
1 
8 
23 
5 
2 
8 
3 
8208 
702 
5053 
7 
8 
236 
9969 
8565 
6 
916 
5 
608 
1 
1898 
224 
67 
79 
5288 
19 
7414 
7 
7135 
9966 
984 
559 
4 
66 
733 
45 
237 
2682 
2005 
72 
4332 
5016 
515 
2 
57 
3 
58 
3 
8309 
37 
6 
1993 
6428 
9324 
9155 
6277 
40 
91 
302 
7 
185 
8 
4038 
1428 
78 
2829 
453 
4846 
1017 
612 
22 
5 
742 
7 
79 
4070 
6 
78 
3220 
4771 
7600 
1092 
4251 
8 
1 
8081 
9364 
289 
818 
67 
1061 
11 
6592 
9198 
7 
392 
62 
14 
9 
657 
2 
1852 
2 
9720 
9 
7724 
725 
2 
7 
5656 
3493 
54 
3605 
858 
879 
7 
12 
4 
641 
9 
35 
7 
4916 
6269 
4656 
2449 
567 
4 
39 
216 
9 
7 
6 
6870 
7252 
1537 
73 
1501 
729 
95 
89 
25 
67 
68 
48 
8380 
47 
48 
3 
8 
821 
476 
171 
6 
5 
76 
69 
83 
6 
8014 
1 
24 
5177 
52 
7283 
99 
538 
8271 
80 
890 
639 
50 
658 
883 
5505 
857 
1 
94 
32 
9 
6 
47 
797 
265 
357 
725 
51 
2577 
66 
28 
712 
8801 
7 
345 
79 
694 
50 
57 
7 
52 
3375 
2 
8708 
564 
5444 
567 
54 
5 
3829 
444 
9623 
60 
562 
15 
5337 
8 
6594 
86 
20 
398 
952 
3941 
47 
6 
76 
7 
875 
7292 
1 
7279 
8 
78 
4869 
3 
540 
2 
814 
5 
1 
53 
9 
8675 
875 
8 
66 
1 
28 
93 
4 
9606 
8549 
7 
5868 
88 
3 
1 
99 
5 
5 
6 
2 
1195 
6946 
5 
5 
508 
78 
5662 
4 
9 
1734 
7913 
263 
480 
8 
839 
327 
48 
9 
255 
1 
42 
4465 
9210 
37 
819 
4309 
9 
21 
240 
5 
7735 
745 
60 
5963 
489 
4 
10 
1 
81 
6 
77 
2543 
626 
5 
7519 
2280 
8 
1 
1 
947 
304 
5 
52 
640 
8744 
499 
24 
3 
40 
7 
7 
801 
8940 
7522 
9629 
772 
3 
3 
94 
159 
446 
1 
2 
4483 
9928 
52 
1 
9 
7699 
2315 
85 
44 
432 
3 
7 
550 
5 
122 
1401 
76 
511 
8496 
335 
6 
99 
9 
6478 
27 
812 
968 
712 
67 
95 
3441 
9 
20 
440 
47 
2 
7473 
20 
2 
1416 
1888 
4 
99 
45 
57 
7885 
1 
3 
322 
6 
8 
2489 
9641 
10 
132 
8 
7024 
105 
128 
98 
8 
182 
9 
13 
1948 
7297 
854 
553 
652 
39 
996 
1922 
5 
93 
437 
62 
7 
7053 
213 
671 
25 
5 
96 
79 
35 
2 
7090 
943 
7469 
414 
65 
8553 
2 
45 
8717 
56 
9 
414 
9733 
8821 
5 
578 
9 
2 
3 
1 
236 
8750 
964 
3 
5 
8874 
96 
5943 
52 
9 
40 
21 
8645 
1924 
354 
521 
24 
80 
78 
17 
6692 
45 
762 
8320 
4 
8566 
10 
9 
18 
567 
5 
5 
1 
31 
21 
3547 
1 
1 
7 
866 
67 
441 
340 
7627 
3357 
662 
2 
1 
237 
4803 
8576 
3863 
5931 
96 
781 
967 
1555 
58 
2 
1648 
8430 
9325 
89 
14 
20 
3660 
8181 
40 
6213 
30 
80 
3556 
7520 
277 
51 
6 
860 
492 
749 
769 
17 
1 
943 
6049 
796 
9 
67 
30 
82 
4631 
7964 
438 
682 
156 
18 
56 
6 
66 
96 
4 
6 
2807 
3 
7091 
94 
4 
1592 
