759
24 
46 
3 
560 
904 
6 
486 
2 
74 
6 
519 
66 
9527 
3 
8656 
6273 
600 
3 
952 
6386 
606 
963 
4450 
8224 
9916 
65 
2630 
457 
8 
3732 
653 
31 
9 
2989 
79 
310 
2 
96 
8079 
4 
18 
5812 
288 
326 
79 
41 
125 
4749 
837 
15 
4 
9 
84 
10 
2461 
5400 
825 
1 
272 
785 
266 
8808 
2 
54 
15 
5 
652 
1032 
9898 
5167 
38 
27 
5033 
52 
4 
14 
7 
9 
69 
5 
817 
1069 
4 
453 
75 
18 
7 
3049 
13 
353 
80 
155 
52 
578 
2032 
5 
58 
20 
2 
609 
9 
9897 
672 
2 
877 
24 
593 
5792 
32 
716 
4 
6329 
6 
74 
567 
328 
6 
32 
9 
3 
86 
65 
291 
607 
2321 
8315 
8 
60 
3493 
7 
2 
2 
8 
3607 
2372 
7867 
13 
7 
5934 
82 
270 
1 
746 
9164 
8235 
72 
88 
9108 
6 
706 
34 
48 
5898 
8 
708 
5 
40 
6971 
2 
4 
87 
38 
4 
994 
8285 
8 
704 
2656 
21 
994 
95 
9 
80 
920 
3 
6534 
1466 
9 
25 
5 
4 
8627 
4902 
476 
7 
344 
9846 
6490 
8 
81 
8023 
65 
60 
696 
7 
820 
3 
5 
6766 
204 
7151 
545 
740 
35 
492 
538 
2 
211 
7582 
1386 
8542 
20 
339 
847 
61 
909 
750 
913 
8629 
1 
6 
307 
7 
479 
3576 
6 
287 
384 
3150 
8983 
9944 
2 
441 
4 
5 
9669 
4586 
110 
59 
127 
9 
6655 
5890 
2119 
2281 
2 
5 
99 
6293 
4 
929 
63 
339 
5045 
9 
550 
9052 
288 
15 
110 
9 
2572 
7061 
49 
60 
826 
70 
795 
93 
57 
93 
6668 
477 
7792 
6 
779 
6420 
44 
7809 
3456 
5880 
7747 
4 
37 
4131 
9 
566 
79 
105 
7331 
395 
48 
2621 
8 
27 
4 
7947 
12 
1701 
41 
8430 
23 
6891 
57 
8819 
7 
6 
172 
7 
41 
679 
9 
926 
1 
8732 
139 
4 
8 
4654 
46 
200 
616 
8 
6611 
7826 
593 
681 
4659 
1 
667 
53 
687 
4819 
98 
31 
325 
152 
2792 
135 
154 
785 
67 
5 
5 
206 
5773 
837 
204 
552 
9871 
73 
571 
931 
4 
3 
7992 
562 
456 
4482 
931 
456 
697 
59 
8 
418 
7 
377 
3056 
54 
7531 
62 
78 
7379 
928 
8 
101 
4 
136 
884 
9604 
1 
8874 
705 
5836 
48 
289 
450 
144 
6886 
3167 
1738 
939 
996 
5848 
60 
199 
42 
557 
950 
834 
90 
3663 
8 
65 
887 
8716 
169 
9075 
799 
2803 
9613 
9 
147 
51 
1418 
6 
90 
343 
6 
63 
1606 
4 
26 
43 
2 
80 
2824 
5 
68 
529 
8 
37 
886 
9 
6149 
260 
3840 
5 
821 
7801 
461 
94 
4 
8332 
35 
8890 
729 
8802 
727 
545 
2641 
8 
786 
3 
5 
7843 
280 
97 
71 
812 
92 
53 
9898 
50 
4 
7 
3708 
8140 
2333 
2 
656 
505 
880 
9 
419 
8412 
7 
6067 
8836 
26 
34 
94 
547 
72 
38 
2 
81 
910 
366 
44 
2 
239 
12 
160 
65 
521 
6 
85 
2 
38 
458 
1172 
1 
4 
558 
8107 
6 
6 
140 
9 
6516 
5724 
5336 
23 
333 
4 
6069 
94 
7 
918 
8257 
30 
7079 
6759 
1349 
54 
1993 
526 
2979 
599 
8 
4654 
27 
6148 
88 
1 
11 
9972 
918 
2 
5782 
59 
678 
49 
8 
12 
85 
3 
541 
9 
646 
7 
1 
34 
6674 
826 
8 
5 
9 
3723 
93 
8576 
19 
84 
3852 
19 
3 
9348 
11 
1 
9 
968 
5 
43 
282 
805 
392 
4 
5709 
7104 
4155 
3 
7857 
29 
84 
5 
3 
4 
500 
97 
3 
50 
54 
9141 
6628 
959 
629 
6 
8 
3 
47 
718 
832 
562 
652 
4586 
93 
55 
8965 
7 
7728 
34 
1 
38 
58 
4395 
510 
2 
41 
92 
2 
5 
8 
355 
1 
13 
3 
3768 
96 
67 
434 
6 
83 
451 
424 
76 
8 
9896 
269 
40 
220 
4 
940 
8 
4882 
5144 
6439 
257 
330 
393 
88 
23 
6431 
1893 
159 
657 
155 
74 
800 
891 
81 
41 
3794 
183 
91 
89 
6207 
641 
830 
4528 
75 
6981 
4 
257 
8598 
58 
6 
8947 
68 
1398 
5146 
2564 
2611 
9834 
7780 
2726 
5255 
9 
1 
8 
2754 
268 
632 
676 
80 
756 
6 
6302 
62 
17 
628 
12 
7 
4 
31 
5 
2860 
1999 
9717 
4 
2044 
3 
364 
50 
133 
3 
81 
930 
609 
6589 
337 
9 
8466 
1 
41 
1 
446 
8 
32 
612 
82 
54 
861 
921 
264 
30 
2 
621 
84 
98 
34 
1 
79 
914 
206 
931 
5702 
6570 
9307 
634 
40 
8032 
469 
1658 
365 
9 
81 
220 
287 
