455
4 
688 
8421 
7 
3 
929 
83 
280 
565 
91 
1036 
2138 
1626 
298 
245 
3800 
51 
552 
251 
380 
66 
7 
53 
448 
4 
2 
25 
836 
6735 
4199 
125 
41 
698 
5227 
81 
4 
5623 
2475 
60 
432 
20 
8 
9184 
798 
885 
245 
3369 
66 
71 
269 
3 
26 
742 
5 
14 
1167 
8364 
725 
8785 
8669 
781 
74 
7 
3 
30 
6 
1 
423 
9410 
76 
3 
1 
2111 
9507 
1737 
3096 
2474 
814 
47 
2927 
7771 
41 
9088 
36 
8 
9026 
71 
20 
3309 
524 
920 
7492 
2673 
405 
902 
2702 
8 
309 
8 
641 
16 
39 
295 
6 
4 
69 
493 
4 
380 
5 
3927 
802 
7 
36 
18 
73 
27 
79 
1 
31 
89 
6 
146 
62 
2 
856 
10 
4648 
4212 
29 
909 
6 
810 
10 
3703 
83 
7807 
13 
1919 
8818 
815 
9 
367 
2753 
7283 
7 
4 
7360 
1337 
3898 
519 
1870 
5048 
8 
718 
158 
80 
745 
55 
324 
73 
3 
1 
1100 
9731 
8 
7 
7405 
31 
414 
300 
5406 
933 
28 
5 
1 
9 
384 
7 
777 
16 
9040 
862 
3219 
309 
8116 
49 
5 
7626 
57 
7 
8233 
743 
9 
4 
18 
436 
7 
85 
3 
1178 
7753 
7896 
2503 
50 
716 
879 
836 
91 
679 
427 
107 
25 
4 
94 
901 
813 
5081 
8 
83 
707 
271 
848 
266 
3 
5 
4 
65 
840 
23 
260 
8 
939 
205 
7695 
8 
3 
100 
5284 
4731 
693 
5335 
83 
4 
8 
7 
7 
6 
79 
1901 
368 
9 
8 
8935 
939 
35 
85 
2 
6399 
955 
67 
946 
6 
93 
233 
3 
2 
854 
1 
2231 
52 
4 
725 
9 
85 
7952 
65 
8070 
3457 
5850 
8572 
26 
9 
150 
769 
5715 
7 
7 
9755 
6 
3 
9 
74 
72 
1 
9 
56 
9 
5 
11 
59 
8 
46 
2319 
7 
5 
748 
467 
9 
8293 
7962 
8 
5908 
83 
6 
369 
619 
1060 
1096 
280 
972 
920 
7 
998 
8617 
130 
67 
4 
8 
948 
94 
9453 
638 
32 
4 
1862 
717 
4414 
82 
925 
3722 
39 
7 
71 
1 
1287 
409 
8477 
3060 
2 
943 
724 
3 
66 
266 
943 
312 
9 
831 
54 
9427 
3152 
6244 
5 
5360 
7993 
1 
9 
54 
99 
33 
8 
5217 
9 
3019 
819 
738 
7441 
5130 
136 
43 
47 
570 
96 
2056 
63 
5 
7395 
437 
2 
6642 
481 
1649 
81 
622 
2615 
8615 
714 
2542 
42 
5934 
6 
258 
35 
7053 
86 
3951 
3892 
4134 
5717 
4304 
3501 
215 
9209 
9 
520 
4 
49 
3561 
1 
62 
466 
49 
1013 
4 
8 
741 
9 
143 
419 
489 
679 
146 
68 
35 
179 
5 
710 
47 
411 
32 
8365 
2 
233 
711 
10 
7 
3679 
9 
178 
4 
1921 
9 
197 
2 
