522
17 
4744 
5973 
50 
4 
17 
91 
97 
8736 
25 
614 
627 
17 
149 
508 
5 
5 
433 
80 
7833 
8390 
5 
20 
355 
785 
831 
936 
63 
155 
8 
89 
4 
86 
7 
357 
45 
9 
2680 
6466 
35 
179 
18 
1798 
9927 
77 
382 
1098 
718 
44 
3 
1320 
348 
5 
5 
713 
86 
5888 
7420 
387 
6 
8 
38 
4 
812 
4706 
5 
6172 
58 
242 
8 
2 
74 
1 
867 
4415 
71 
8430 
4036 
3 
6 
3 
3356 
2 
2285 
28 
499 
764 
3686 
9 
4440 
1 
64 
390 
61 
97 
4 
9992 
7 
484 
533 
46 
99 
8 
916 
503 
8382 
2096 
3070 
8559 
1 
560 
11 
7 
2416 
830 
21 
954 
97 
95 
406 
8 
603 
6726 
75 
4 
5858 
483 
21 
2 
52 
882 
501 
8 
5811 
2270 
71 
18 
823 
7 
121 
8453 
6704 
944 
3 
66 
6 
7 
2834 
1707 
983 
5 
297 
843 
9 
6704 
5 
7226 
8332 
7 
7495 
7571 
9 
7229 
676 
165 
4793 
7926 
2 
2 
2054 
74 
5415 
371 
1044 
1 
4 
980 
858 
88 
191 
14 
539 
6175 
9995 
78 
1677 
2 
93 
7 
73 
14 
3 
10 
19 
46 
7 
8 
300 
9324 
8 
96 
324 
1592 
782 
1 
29 
9108 
94 
9 
3435 
29 
100 
517 
5555 
77 
22 
8384 
5015 
73 
4 
457 
327 
57 
7690 
6473 
7990 
8215 
34 
2 
2238 
43 
303 
2312 
1349 
6 
7 
94 
775 
3 
732 
994 
6610 
3 
197 
698 
431 
7 
7 
6450 
3808 
7873 
4024 
9 
607 
4 
4 
9367 
6 
2920 
4 
7309 
3914 
448 
1 
437 
1250 
1 
4 
9 
68 
400 
3 
21 
478 
3 
903 
97 
72 
81 
1533 
8113 
522 
85 
51 
1559 
4 
445 
1811 
5 
781 
2 
4 
4 
903 
283 
1635 
4 
4920 
7319 
4664 
1 
7461 
15 
5 
3 
1 
2 
3 
70 
9 
3 
74 
9 
33 
767 
15 
15 
480 
194 
5598 
6 
60 
9 
8634 
823 
899 
97 
77 
87 
98 
9147 
819 
5 
80 
74 
9 
4237 
8 
2471 
836 
9327 
4 
7391 
9519 
67 
3 
3 
9 
860 
2137 
21 
1 
2 
266 
3 
459 
7856 
8 
8150 
991 
717 
428 
4587 
647 
8707 
285 
943 
4 
453 
673 
308 
7887 
44 
76 
14 
5 
2887 
3 
4078 
5810 
1363 
60 
6 
4451 
279 
6630 
5 
9365 
7 
3782 
2 
47 
36 
1700 
6 
609 
81 
739 
9 
12 
925 
62 
8346 
2215 
89 
5 
9 
530 
70 
3 
7 
2 
8635 
3946 
2 
51 
6447 
7 
8630 
117 
876 
56 
9 
53 
4 
7 
31 
68 
5385 
66 
177 
6824 
10 
82 
9546 
9667 
354 
8457 
2334 
3564 
8 
9596 
20 
21 
98 
1868 
8 
4 
377 
4119 
4 
7227 
47 
8262 
585 
319 
7068 
2 
65 
48 
63 
2 
4 
1 
505 
565 
9481 
49 
38 
6813 
3 
4 
2896 
5 
548 
9671 
47 
75 
876 
354 
59 
300 
362 
2210 
968 
2585 
61 
2140 
9 
8695 
366 
4 
6353 
3 
4 
79 
4735 
37 
9755 
9349 
508 
4026 
610 
777 
61 
3423 
62 
78 
4 
2 
476 
98 
5 
27 
9 
6 
4 
2 
82 
1 
243 
2729 
