869
581 
726 
36 
4 
2904 
54 
276 
1 
9 
4 
7 
303 
22 
9 
1 
65 
14 
31 
913 
264 
5618 
68 
5431 
6 
89 
486 
5 
29 
77 
3 
6 
35 
1517 
43 
4854 
898 
949 
272 
8348 
8985 
45 
2357 
7993 
6648 
809 
69 
25 
4 
162 
1 
796 
4 
743 
7 
4 
901 
967 
396 
95 
67 
1 
19 
252 
66 
525 
358 
2 
78 
392 
2644 
18 
660 
6 
62 
6 
5625 
19 
2 
5833 
98 
9555 
7793 
8007 
5 
8297 
7817 
5 
3 
2 
81 
3 
58 
2731 
2 
3 
1 
5 
7 
9 
3 
3 
1 
3027 
5 
6 
669 
6 
398 
11 
1 
38 
423 
810 
7390 
3334 
8 
8955 
2 
96 
43 
1379 
40 
538 
1594 
281 
86 
7 
9 
7 
9173 
5032 
897 
98 
891 
43 
46 
7 
7 
1 
6 
282 
63 
83 
21 
22 
8462 
38 
7 
85 
66 
4 
81 
7005 
805 
4768 
85 
71 
706 
593 
861 
6 
98 
35 
713 
55 
36 
7542 
7880 
188 
3 
42 
99 
9151 
9 
8588 
6568 
95 
31 
400 
5835 
6 
15 
977 
199 
490 
86 
23 
954 
601 
24 
94 
16 
592 
24 
8 
1070 
9375 
2 
5 
89 
9 
40 
2 
2 
28 
559 
5 
392 
4 
68 
6 
2 
5 
18 
9 
61 
3322 
8875 
5 
10 
2972 
583 
5 
623 
5 
2 
655 
6989 
8 
8199 
2 
165 
3002 
8 
138 
857 
9 
9588 
391 
49 
18 
45 
9 
7235 
107 
18 
385 
2485 
5286 
40 
414 
9 
894 
67 
9 
2 
1 
55 
400 
637 
9 
941 
4 
66 
4 
3 
4241 
6 
9030 
7132 
376 
92 
8 
2091 
9 
844 
3 
5449 
18 
5834 
4 
667 
512 
3184 
4 
2 
7732 
864 
917 
4 
4 
8007 
4437 
1088 
4 
6 
861 
7489 
45 
46 
655 
70 
2516 
299 
760 
95 
31 
25 
710 
450 
17 
3 
53 
460 
3 
5 
3623 
42 
811 
442 
3251 
25 
1388 
56 
9 
4 
343 
3 
208 
7930 
7 
2381 
4878 
9 
13 
3764 
7445 
6 
10 
9 
1 
906 
231 
2954 
3 
9 
3 
483 
7432 
3 
97 
645 
49 
9 
92 
38 
7 
10 
5543 
6 
461 
867 
7687 
2 
83 
471 
8463 
148 
38 
454 
7648 
7 
2 
47 
4664 
5 
73 
67 
726 
27 
9 
5 
7 
74 
93 
4 
30 
13 
756 
660 
90 
5 
948 
4438 
91 
77 
976 
7 
6289 
134 
3749 
473 
6525 
2477 
28 
7065 
33 
9285 
5 
65 
23 
7 
2665 
1 
6 
8 
7 
65 
3195 
8724 
347 
804 
2 
135 
49 
4705 
8928 
986 
730 
7331 
5126 
71 
164 
56 
4 
141 
477 
13 
625 
9869 
9 
3 
4257 
735 
350 
46 
64 
129 
5723 
96 
578 
4 
819 
5 
776 
4127 
6426 
270 
8455 
94 
9 
76 
3707 
188 
82 
705 
96 
7 
893 
9 
8 
3 
6 
6055 
159 
1615 
37 
22 
1 
2503 
48 
18 
8 
1387 
155 
93 
7118 
65 
9685 
2664 
700 
8719 
1871 
4 
23 
79 
9565 
995 
3093 
11 
6 
15 
1 
1966 
8001 
474 
14 
18 
22 
5 
957 
1999 
4 
68 
1994 
84 
7 
7155 
1 
71 
8 
908 
41 
1693 
925 
9339 
339 
6 
215 
3 
1 
51 
72 
12 
659 
266 
385 
781 
97 
6741 
9 
92 
44 
5229 
2 
587 
543 
148 
730 
9 
9413 
6 
2 
9289 
29 
1 
6 
964 
66 
21 
4204 
6683 
416 
5 
5594 
7257 
569 
466 
339 
2346 
879 
2 
4349 
881 
3 
8 
6 
948 
8015 
7 
513 
12 
2592 
845 
55 
3 
3 
627 
68 
443 
76 
7106 
5 
4 
6 
623 
48 
28 
46 
3130 
902 
64 
866 
190 
9 
695 
1349 
87 
8226 
3109 
7248 
670 
4 
6662 
9 
801 
457 
780 
40 
923 
88 
36 
4891 
14 
579 
9 
48 
21 
2 
15 
7 
8 
392 
2 
462 
9483 
469 
6 
7 
363 
2346 
9157 
50 
91 
64 
9207 
9077 
63 
43 
467 
3657 
61 
387 
782 
3635 
2854 
31 
862 
406 
8684 
7314 
97 
3365 
71 
4619 
595 
3836 
4153 
869 
99 
8492 
586 
1005 
72 
27 
1 
2 
3743 
7 
754 
9 
587 
3323 
1216 
32 
498 
2 
22 
34 
454 
7 
5642 
45 
21 
47 
2 
37 
6309 
5614 
83 
2 
8698 
654 
1743 
8130 
1 
2704 
548 
1905 
19 
2987 
2 
413 
4667 
8 
3442 
12 
1747 
7889 
3692 
98 
4467 
589 
77 
63 
226 
477 
931 
2450 
6 
470 
862 
9082 
7 
4917 
8 
59 
7489 
2 
889 
7412 
756 
4916 
525 
418 
96 
8246 
1230 
6 
1 
7 
915 
84 
94 
6 
3 
27 
91 
266 
2 
1705 
9635 
7 
1 
274 
33 
34 
652 
1 
6913 
1521 
4073 
8 
61 
1 
6834 
981 
4 
7 
6343 
82 
4 
538 
363 
8457 
9 
20 
3886 
13 
9 
94 
2 
8 
671 
2431 
6034 
13 
52 
2354 
2 
2 
9417 
5870 
1815 
38 
9 
96 
9690 
828 
5708 
644 
46 
870 
74 
1 
4 
2523 
59 
108 
4 
206 
45 
8 
6224 
27 
449 
1 
17 
476 
1678 
615 
605 
5566 
3516 
181 
7 
64 
638 
4908 
3 
10 
86 
24 
5345 
925 
3 
55 
9 
8 
5 
857 
73 
6308 
4559 
3187 
217 
37 
80 
7 
170 
16 
22 
65 
672 
5161 
7 
97 
532 
6 
