290
579 
8913 
7 
974 
66 
4 
1 
60 
7331 
12 
8262 
68 
1 
65 
7 
2760 
704 
78 
7 
3 
8404 
622 
71 
6 
20 
3 
25 
6125 
1 
186 
252 
4 
6 
3 
542 
4762 
514 
82 
7460 
301 
7 
2 
3868 
2 
586 
195 
550 
45 
71 
733 
8180 
28 
902 
51 
515 
2309 
620 
6 
8868 
6349 
7567 
1 
768 
56 
6132 
5 
6619 
1 
8091 
49 
13 
40 
5460 
9 
998 
7028 
6943 
7 
493 
942 
3033 
95 
87 
37 
7 
512 
5060 
50 
112 
105 
99 
7 
3 
7 
2 
36 
37 
57 
36 
6193 
2111 
3002 
984 
8 
133 
2 
1 
7918 
2513 
2810 
2332 
9393 
2 
233 
73 
8 
7402 
23 
854 
766 
6974 
80 
8113 
8 
310 
6823 
36 
6 
41 
8200 
74 
171 
3440 
5 
166 
478 
648 
63 
90 
3 
14 
2 
7 
691 
36 
96 
3097 
4547 
745 
569 
1278 
382 
933 
42 
900 
18 
4 
76 
913 
7602 
294 
8385 
1 
454 
2047 
758 
606 
3 
160 
668 
325 
6512 
4 
412 
788 
2 
4 
583 
13 
4019 
2435 
6 
8381 
27 
6 
788 
569 
298 
714 
722 
79 
2179 
4056 
471 
7226 
5619 
2 
39 
6129 
663 
248 
72 
517 
47 
63 
770 
1 
55 
7 
4 
28 
998 
5099 
3026 
780 
8686 
469 
114 
66 
755 
115 
4 
118 
371 
5923 
3 
2 
2096 
2 
3 
946 
875 
7 
54 
41 
93 
5 
8 
38 
86 
657 
7 
9107 
341 
76 
917 
5211 
24 
93 
94 
1 
4983 
317 
6 
17 
12 
699 
44 
492 
3 
1281 
64 
6876 
154 
33 
5815 
1041 
45 
152 
29 
527 
9235 
8151 
244 
16 
2 
77 
108 
8 
79 
2729 
1090 
9 
7 
96 
875 
2 
928 
387 
1484 
