389
698 
9316 
1406 
4501 
5 
8798 
51 
54 
409 
7 
2 
30 
2626 
20 
528 
19 
49 
93 
541 
810 
868 
53 
78 
14 
7242 
77 
949 
327 
66 
92 
307 
693 
9529 
70 
221 
7 
852 
92 
39 
569 
841 
6 
98 
740 
5835 
8100 
329 
8897 
5 
4006 
14 
2330 
4 
3472 
97 
1696 
57 
701 
97 
6065 
44 
9 
9437 
271 
6 
8 
389 
36 
641 
44 
393 
7 
3 
1507 
7505 
29 
385 
1681 
26 
2896 
9352 
367 
8399 
2304 
11 
251 
54 
2 
8 
15 
602 
36 
582 
26 
68 
1485 
3694 
589 
5 
373 
65 
1 
1010 
6390 
1300 
68 
5559 
7 
811 
7 
1525 
8 
30 
92 
4 
2904 
309 
5013 
609 
375 
79 
845 
1030 
67 
1889 
5 
5930 
18 
51 
42 
1609 
830 
9 
8267 
6249 
5 
8585 
9279 
37 
3096 
346 
729 
4 
2 
532 
60 
337 
11 
2 
3 
484 
105 
523 
59 
9800 
78 
7 
88 
3233 
6435 
4 
846 
82 
48 
36 
238 
990 
365 
5 
899 
1050 
785 
6332 
897 
54 
523 
6437 
97 
229 
5026 
38 
25 
1026 
76 
6 
602 
552 
1 
281 
839 
7898 
78 
17 
820 
726 
1 
1005 
514 
930 
5 
9 
748 
5492 
2 
78 
2 
5182 
43 
60 
39 
2793 
9 
462 
3 
646 
3 
8 
5 
24 
472 
9 
4 
448 
6549 
3151 
321 
72 
92 
77 
52 
58 
9854 
36 
9 
5 
43 
336 
2 
447 
53 
95 
606 
87 
950 
1774 
4948 
9306 
513 
3 
1 
118 
692 
8 
7119 
28 
315 
7871 
779 
2903 
4 
53 
558 
56 
5039 
7 
3020 
3 
2 
45 
24 
9 
4 
11 
989 
20 
239 
1149 
517 
369 
75 
52 
75 
9630 
27 
389 
4117 
2 
8469 
46 
959 
19 
630 
8 
5 
809 
26 
8 
645 
182 
96 
363 
553 
261 
9 
7888 
6 
689 
96 
4 
5 
4 
7 
4 
204 
54 
153 
14 
7 
66 
3680 
65 
8 
7 
2692 
80 
539 
968 
286 
7 
4 
2 
792 
299 
106 
723 
7785 
4 
40 
660 
81 
240 
1137 
9 
8882 
2 
23 
6 
20 
725 
7 
1862 
56 
1575 
6 
3 
9114 
10 
8587 
115 
83 
6 
4693 
2237 
9 
6585 
38 
3 
78 
93 
459 
9025 
2607 
831 
1 
256 
83 
75 
8680 
25 
8 
8 
1003 
6484 
297 
5433 
28 
614 
38 
6835 
