472
48 
98 
89 
5027 
5 
8 
7 
1 
1 
8260 
6389 
9 
3203 
44 
904 
8569 
651 
22 
8562 
6492 
113 
27 
523 
8976 
1827 
4 
507 
6 
77 
5793 
7 
383 
2876 
4 
812 
543 
9391 
2831 
38 
976 
169 
2 
89 
529 
23 
601 
5795 
95 
382 
1742 
75 
7105 
5 
1 
6578 
385 
1 
777 
9138 
26 
9805 
5 
38 
221 
8458 
470 
245 
4037 
9186 
28 
6405 
1 
5768 
52 
8733 
482 
6 
5 
971 
360 
4 
5 
9 
972 
4687 
552 
99 
605 
3798 
8 
84 
7 
2795 
7232 
3912 
2 
82 
6409 
1 
133 
11 
750 
1 
2386 
2 
14 
4386 
2 
65 
5 
6 
20 
27 
2 
72 
660 
3 
2 
464 
733 
29 
9 
7 
68 
1 
2175 
3 
8478 
51 
5 
4 
7 
64 
812 
8966 
67 
7743 
8 
3687 
449 
5 
1 
11 
23 
5855 
459 
590 
943 
2 
6 
2897 
18 
546 
161 
9837 
14 
9 
581 
898 
12 
5 
4 
5 
5268 
3832 
802 
7459 
2457 
292 
2 
404 
7 
906 
3039 
3 
82 
1 
7011 
2355 
497 
2376 
79 
7922 
1 
347 
6113 
8 
8526 
560 
6979 
33 
9 
4 
2126 
586 
5889 
6 
790 
85 
9649 
5286 
324 
22 
357 
65 
75 
8 
107 
311 
8600 
2989 
207 
50 
86 
93 
7739 
3 
7 
75 
784 
525 
3 
3 
74 
91 
94 
420 
88 
6 
5 
9173 
35 
6 
31 
633 
2602 
66 
9202 
58 
1228 
252 
33 
907 
8 
2 
7181 
29 
1811 
86 
4 
1152 
9650 
1 
268 
772 
8 
6 
704 
7 
70 
11 
1400 
97 
78 
87 
45 
9 
15 
6573 
2 
672 
8843 
6 
18 
2687 
7 
690 
6 
9315 
3 
6711 
6 
1799 
45 
2495 
68 
8264 
5732 
706 
230 
7 
8859 
894 
77 
36 
2 
308 
7189 
4 
330 
9 
3 
6 
14 
406 
6470 
5 
9902 
566 
9421 
472 
4682 
4 
616 
21 
4 
9 
3699 
3 
26 
2417 
383 
985 
424 
9 
995 
1280 
7699 
4993 
92 
192 
6 
20 
3 
58 
8 
9177 
839 
433 
7915 
29 
4 
4 
766 
8442 
8 
86 
32 
785 
87 
7454 
638 
3069 
877 
86 
8 
8 
91 
17 
78 
4663 
4446 
5 
3179 
1 
4 
9035 
9968 
1745 
11 
424 
19 
20 
3 
8 
1 
3 
504 
7 
21 
6 
2 
687 
1274 
6 
7125 
81 
11 
5 
3495 
841 
285 
3 
908 
537 
9014 
212 
3 
6 
9029 
6 
1123 
3763 
39 
491 
6260 
27 
85 
3 
1253 
9220 
7 
7 
1890 
1100 
1654 
7738 
9 
1 
7814 
9 
6843 
58 
9169 
5155 
6 
544 
91 
2517 
4430 
2512 
69 
9 
460 
840 
175 
22 
7058 
6591 
279 
717 
974 
520 
7 
32 
8 
41 
73 
38 
2767 
14 
1551 
1 
8582 
3 
8 
953 
5 
76 
928 
23 
423 
139 
47 
2 
72 
5 
5 
764 
96 
2 
499 
