684
5 
6286 
4194 
45 
5330 
986 
8 
5 
4 
627 
92 
52 
2065 
7 
47 
798 
15 
13 
26 
9 
8778 
26 
3 
62 
1420 
6420 
5015 
5736 
60 
2 
21 
3 
581 
78 
7 
6358 
74 
9 
4039 
600 
6237 
626 
4 
8 
226 
4775 
5426 
5152 
4 
9 
245 
56 
2 
9801 
797 
4 
7554 
4433 
99 
8265 
5099 
2122 
615 
980 
8 
1307 
789 
859 
579 
23 
7 
12 
5 
32 
65 
3421 
381 
25 
97 
7846 
58 
474 
9601 
83 
947 
69 
891 
820 
6263 
839 
8 
276 
510 
105 
830 
441 
2869 
5039 
57 
16 
75 
74 
939 
680 
521 
2 
1279 
63 
178 
910 
919 
812 
3 
602 
149 
75 
996 
9 
3 
2 
43 
5 
7654 
276 
9 
292 
8 
6 
29 
6 
9966 
217 
285 
86 
4581 
89 
896 
622 
47 
9643 
606 
6 
7074 
5025 
1 
2 
91 
4 
28 
945 
7 
137 
2 
9 
4293 
33 
6 
750 
9 
763 
692 
2570 
862 
55 
977 
8221 
1 
9864 
4 
26 
6 
157 
93 
2 
903 
50 
9542 
268 
958 
8 
8 
851 
12 
6333 
3 
556 
1 
99 
439 
79 
8805 
37 
579 
19 
386 
213 
686 
2 
528 
56 
2202 
9043 
1922 
563 
629 
32 
3 
83 
30 
8709 
1757 
3975 
311 
69 
4 
5041 
1 
1593 
602 
7 
73 
80 
11 
14 
9 
409 
6 
45 
5691 
4 
2056 
1 
5544 
9 
640 
3 
914 
216 
120 
12 
2 
24 
20 
21 
34 
147 
798 
5840 
8610 
6526 
1765 
25 
2 
247 
777 
4 
26 
4188 
9 
6842 
102 
85 
911 
533 
246 
5377 
2 
3 
425 
14 
4877 
7043 
3108 
798 
18 
94 
240 
7 
4 
734 
4 
398 
5424 
7 
66 
7926 
8592 
5828 
44 
545 
8 
7750 
5896 
812 
7 
434 
8912 
2464 
594 
3 
72 
49 
620 
1298 
6482 
6404 
1 
7141 
8155 
70 
1 
975 
40 
895 
8 
8 
32 
7604 
8 
2790 
4407 
12 
6088 
86 
8564 
808 
45 
4 
5 
9178 
5411 
163 
2 
41 
8 
24 
8 
273 
6283 
28 
6 
441 
5415 
8267 
9 
4 
6410 
424 
7 
82 
531 
57 
3 
15 
330 
4750 
54 
51 
49 
29 
141 
94 
623 
51 
398 
5855 
9455 
6 
51 
9 
858 
164 
360 
62 
3130 
8955 
81 
4 
1 
458 
84 
6065 
53 
68 
168 
64 
2737 
5 
2789 
5 
91 
5 
4086 
4075 
9160 
6 
1695 
84 
18 
7 
836 
82 
754 
33 
3 
8435 
82 
691 
938 
4 
13 
983 
24 
187 
2587 
74 
3 
715 
333 
258 
3 
61 
1 
3219 
98 
231 
6 
2257 
9706 
935 
96 
853 
2 
832 
8501 
3 
9658 
3154 
619 
6600 
951 
59 
1522 
573 
72 
6 
90 
556 
23 
35 
20 
677 
227 
4 
1603 
1 
92 
2 
92 
217 
6 
15 
5 
28 
234 
6 
3 
1 
9 
4 
27 
89 
9094 
43 
3415 
4581 
9 
9191 
5 
5 
620 
316 
54 
9 
2 
9 
1768 
744 
19 
8 
24 
63 
8250 
79 
164 
2406 
2994 
49 
877 
38 
11 
7 
3420 
71 
60 
16 
5 
84 
1 
1324 
654 
4286 
5 
24 
3194 
1 
519 
79 
17 
5 
6 
2141 
5699 
33 
18 
552 
342 
254 
3924 
62 
69 
5 
7 
27 
8 
5 
53 
6288 
8 
4475 
318 
612 
7195 
37 
946 
68 
85 
1 
8173 
6 
3876 
1 
313 
7978 
496 
3 
4 
8 
255 
773 
3 
31 
65 
5173 
52 
80 
950 
79 
8 
7556 
8911 
2810 
6431 
41 
8281 
3878 
62 
8511 
9500 
16 
558 
31 
3881 
69 
523 
64 
9666 
17 
846 
3 
97 
922 
3 
124 
84 
1706 
35 
919 
35 
19 
236 
945 
57 
9 
91 
8338 
862 
1208 
68 
659 
9 
40 
110 
8521 
5 
31 
7 
4 
4342 
79 
1 
44 
9 
948 
818 
1 
2819 
9567 
932 
722 
196 
3 
25 
2 
21 
2974 
9650 
6 
86 
900 
24 
1230 
66 
1 
86 
29 
2803 
7 
287 
37 
755 
867 
116 
89 
301 
2 
147 
6 
1042 
12 
90 
937 
78 
8529 
631 
1524 
4 
621 
97 
8431 
7 
809 
135 
30 
8972 
338 
483 
7604 
41 
2 
1164 
17 
5 
4 
