125
3263 
1884 
947 
1236 
978 
7514 
100 
47 
609 
52 
8 
8194 
658 
8 
8882 
2123 
52 
15 
5248 
4528 
6 
988 
3754 
3 
166 
87 
252 
101 
99 
2935 
4 
20 
85 
1 
694 
39 
9834 
7973 
29 
9963 
222 
9 
9 
79 
6784 
8 
6 
3510 
8 
2783 
3387 
8865 
9394 
946 
8402 
31 
256 
32 
43 
2990 
8 
4447 
4 
4 
40 
5 
3 
3704 
811 
9813 
8 
9809 
205 
9295 
2 
1 
209 
22 
5 
956 
906 
9 
34 
1360 
52 
701 
9395 
2658 
9 
785 
26 
2 
463 
7 
73 
4 
3659 
96 
9 
2836 
104 
953 
3125 
6501 
671 
77 
6614 
578 
755 
629 
47 
479 
8 
6 
7815 
8829 
998 
4317 
3 
7 
1 
71 
7304 
865 
609 
