582
2 
7 
95 
4083 
4608 
114 
143 
4 
16 
77 
4945 
5 
367 
60 
18 
3208 
9945 
334 
68 
2 
34 
76 
3592 
8 
243 
212 
760 
10 
879 
6084 
4836 
4 
2828 
565 
6244 
52 
6 
31 
3335 
7968 
3497 
1179 
790 
25 
994 
6 
33 
397 
8 
848 
60 
9 
8027 
5028 
11 
581 
7887 
303 
36 
6902 
7073 
3897 
91 
32 
979 
999 
872 
251 
6 
77 
1544 
433 
642 
2 
51 
2 
5501 
9417 
1076 
920 
6573 
43 
8942 
8 
2085 
7338 
4 
72 
2513 
54 
931 
9 
9 
7100 
802 
10 
17 
28 
795 
347 
3546 
141 
4342 
98 
6916 
5085 
63 
219 
5 
858 
6894 
32 
90 
618 
1953 
4 
9 
6640 
869 
70 
8927 
2390 
503 
83 
9318 
393 
769 
33 
784 
8 
6969 
980 
1891 
449 
9892 
6 
5 
1 
4755 
4 
86 
695 
17 
5 
525 
754 
6565 
937 
38 
8240 
5 
33 
3 
222 
553 
3524 
3 
39 
5912 
567 
4529 
39 
689 
667 
35 
70 
6154 
2 
264 
3 
1 
5 
1 
7 
32 
3791 
59 
2 
6976 
92 
5 
184 
99 
224 
95 
83 
54 
6 
76 
48 
2370 
5 
3274 
642 
6201 
3906 
63 
1982 
8253 
9 
317 
605 
8 
450 
6 
59 
734 
5490 
7681 
2577 
257 
516 
7942 
7162 
1 
6962 
445 
2 
44 
61 
3 
50 
31 
9 
767 
16 
4 
137 
2055 
3599 
6 
6840 
7 
4519 
7732 
231 
8 
1 
1 
2 
3 
927 
4 
121 
117 
9018 
2626 
3 
312 
52 
8 
268 
212 
49 
81 
54 
45 
271 
8 
882 
46 
210 
52 
8669 
934 
6913 
13 
3 
729 
562 
93 
266 
60 
50 
3 
83 
83 
8 
215 
8850 
62 
788 
4 
471 
336 
25 
45 
6920 
410 
19 
4439 
8 
5586 
4626 
6086 
692 
815 
69 
9 
1676 
9155 
3695 
704 
24 
915 
3 
312 
66 
71 
2538 
69 
4 
1255 
7824 
449 
394 
61 
667 
6 
48 
89 
41 
55 
56 
257 
9 
69 
4243 
52 
4687 
3767 
286 
57 
2430 
3577 
24 
88 
8 
50 
4 
4 
62 
4249 
251 
30 
3 
1 
2902 
7916 
363 
9 
6 
208 
8 
412 
181 
60 
656 
169 
895 
1 
2525 
4 
4229 
945 
37 
99 
472 
3 
22 
1 
29 
1 
542 
565 
2 
7022 
60 
6261 
8 
8 
53 
59 
73 
6056 
509 
7962 
48 
1232 
7722 
845 
669 
237 
140 
7 
128 
20 
193 
3 
8 
9 
699 
904 
2 
60 
2 
3 
6 
55 
4 
622 
41 
518 
6 
1 
7 
39 
794 
2905 
7625 
2 
89 
622 
6 
550 
4307 
207 
8643 
621 
2 
13 
37 
6 
2426 
689 
5 
65 
8294 
4 
666 
927 
9 
987 
820 
53 
1 
998 
540 
98 
7 
54 
42 
1209 
875 
5 
6 
8 
161 
851 
85 
8470 
203 
7 
613 
5 
977 
7804 
7913 
6 
3779 
9 
2 
6581 
6579 
45 
53 
816 
1324 
7 
58 
93 
5 
29 
2 
8471 
84 
3100 
1579 
36 
7312 
4 
9 
77 
6954 
30 
54 
12 
73 
68 
9817 
2814 
14 
50 
7633 
2 
1219 
726 
5135 
64 
4 
34 
886 
86 
3466 
1850 
746 
495 
9537 
9987 
23 
66 
2022 
2 
5020 
224 
191 
4 
71 
664 
7 
4705 
8727 
5922 
80 
7 
43 
1 
1463 
6544 
3 
857 
351 
5258 
7 
2 
321 
408 
1918 
4796 
9131 
4 
8 
2100 
9 
2678 
56 
7 
86 
988 
20 
4651 
5122 
592 
211 
8 
3 
8 
25 
93 
1 
1 
463 
94 
86 
150 
5989 
1 
26 
38 
33 
905 
1 
