529
6157 
636 
432 
5668 
994 
78 
923 
69 
8 
5 
267 
8 
2 
41 
5222 
7804 
2262 
3 
1 
34 
3 
7022 
6 
42 
9454 
2009 
352 
408 
976 
4453 
2 
7273 
5 
3247 
4785 
3 
324 
9290 
6503 
766 
4204 
5 
770 
1 
9 
56 
4 
584 
535 
443 
3 
6995 
1305 
5 
3755 
1856 
1323 
73 
672 
8404 
9777 
36 
90 
31 
49 
43 
82 
91 
5506 
398 
5731 
796 
9518 
4 
337 
4490 
7 
3 
33 
7274 
17 
165 
3 
6 
65 
52 
176 
7 
555 
7750 
5 
8 
6 
4 
18 
156 
370 
2409 
45 
8 
7 
942 
519 
41 
774 
6 
96 
102 
4 
14 
122 
1 
76 
32 
3 
85 
34 
5 
35 
6647 
63 
22 
723 
4 
6573 
68 
47 
3101 
14 
75 
6014 
4480 
1 
9 
3781 
6726 
6632 
96 
215 
3 
3241 
3350 
944 
8807 
6 
515 
4 
98 
6 
6315 
3 
581 
9137 
7 
4 
75 
7 
1 
51 
2699 
6826 
286 
38 
5090 
950 
26 
11 
55 
1053 
2 
10 
5162 
3 
474 
635 
4666 
83 
3414 
80 
696 
258 
15 
95 
5926 
4696 
6 
405 
44 
1 
487 
79 
581 
5878 
6 
4 
640 
2 
3491 
751 
995 
30 
27 
6 
22 
38 
7 
6099 
471 
6 
621 
100 
3864 
9 
5403 
267 
61 
7974 
97 
26 
9529 
6 
56 
4056 
310 
6043 
491 
808 
740 
753 
58 
52 
5 
162 
288 
10 
8 
9184 
2 
33 
58 
212 
5 
8 
80 
1 
234 
5 
5 
16 
940 
85 
6670 
46 
6 
814 
3 
802 
281 
7220 
89 
28 
4 
11 
302 
42 
374 
212 
6 
766 
81 
1 
1 
62 
8149 
8 
73 
1240 
7999 
136 
8 
8250 
54 
8168 
219 
607 
38 
829 
6668 
6185 
197 
738 
1113 
5992 
2542 
21 
901 
1425 
7602 
24 
9608 
7644 
343 
7 
3 
4423 
811 
866 
5 
4 
55 
4804 
40 
393 
72 
5272 
636 
7340 
1698 
42 
421 
7989 
7790 
3584 
7 
67 
6313 
75 
9 
51 
19 
8 
89 
4569 
3 
727 
4 
593 
4922 
8360 
40 
11 
736 
945 
3 
53 
333 
27 
762 
739 
195 
5551 
2365 
903 
880 
45 
9194 
6594 
31 
42 
888 
6 
110 
81 
671 
640 
85 
7 
96 
804 
833 
6312 
3 
1 
8 
22 
35 
797 
14 
41 
14 
9579 
265 
5679 
2398 
1701 
6064 
6 
1349 
48 
5125 
364 
1313 
93 
7 
3 
8 
7 
5488 
85 
2523 
944 
411 
9 
8 
5 
30 
6909 
80 
8 
66 
37 
6450 
6596 
606 
8431 
6009 
4574 
6 
1682 
5 
5730 
33 
8502 
8 
330 
569 
7015 
9755 
4225 
83 
6127 
9820 
7 
991 
15 
7 
25 
975 
217 
9076 
3065 
2 
3678 
832 
9937 
17 
976 
4 
3117 
8 
5150 
79 
3 
6801 
24 
79 
84 
2 
328 
147 
14 
8291 
9 
55 
7 
296 
6228 
57 
2574 
574 
9 
18 
21 
754 
179 
12 
832 
1937 
9 
3 
5 
3509 
93 
8246 
8 
6 
458 
6943 
6635 
290 
3 
6 
431 
143 
956 
19 
40 
5 
312 
4111 
690 
3851 
31 
44 
1430 
199 
465 
3053 
56 
24 
642 
6326 
8819 
1 
19 
40 
57 
9 
88 
78 
55 
31 
4 
2496 
9692 
879 
5045 
12 
1 
