1000
8 
1 
5652 
57 
6 
9 
4254 
95 
7838 
1 
182 
6222 
2 
7 
355 
7711 
967 
71 
181 
9968 
8513 
59 
85 
14 
309 
788 
8 
572 
100 
898 
922 
8 
992 
169 
8209 
63 
6 
3 
4847 
1 
131 
4872 
2 
7870 
83 
2602 
19 
54 
44 
67 
875 
34 
8978 
2 
178 
7 
3596 
85 
1 
944 
7 
64 
356 
8 
99 
2 
8668 
91 
8 
982 
16 
1 
541 
70 
5732 
1 
155 
50 
34 
80 
61 
3974 
5099 
549 
17 
886 
6973 
990 
558 
3 
6 
296 
1 
6 
51 
192 
370 
9 
8515 
3 
93 
31 
8573 
6 
67 
9487 
891 
5 
929 
83 
206 
8119 
803 
15 
1 
87 
5902 
884 
1 
9 
2 
492 
4561 
96 
971 
96 
8 
53 
4344 
4 
86 
19 
499 
243 
397 
5 
8600 
51 
212 
934 
92 
2490 
898 
4 
1 
822 
7 
44 
831 
67 
998 
37 
9 
66 
387 
39 
2 
2299 
2 
60 
7188 
892 
387 
6339 
6 
64 
17 
2568 
267 
5 
6 
249 
333 
6 
9528 
551 
48 
294 
426 
81 
197 
80 
7 
2 
5524 
711 
5678 
60 
6816 
9503 
525 
204 
663 
41 
16 
122 
5 
75 
9 
6 
75 
8818 
42 
188 
632 
199 
567 
2 
327 
445 
8 
1 
3 
7205 
10 
70 
73 
10 
5503 
7482 
6 
680 
8902 
7044 
8 
545 
6142 
912 
6585 
5 
3454 
51 
78 
3368 
403 
3 
439 
997 
7220 
7 
931 
4 
164 
1383 
68 
42 
7 
4 
6 
7905 
3573 
8973 
12 
3962 
7 
81 
99 
7514 
6098 
5419 
6 
9082 
9 
91 
2458 
60 
9 
6 
9 
18 
5 
49 
41 
4 
4 
3 
88 
68 
14 
54 
3225 
932 
335 
4084 
1 
14 
8685 
1 
601 
9666 
3933 
9930 
900 
14 
87 
76 
802 
6 
12 
737 
742 
9 
322 
867 
7 
86 
833 
872 
987 
748 
100 
1929 
9 
14 
222 
77 
76 
278 
4 
5463 
11 
3 
947 
6 
399 
291 
90 
7 
970 
9 
981 
658 
797 
3 
75 
83 
5111 
5 
4477 
82 
7160 
14 
785 
27 
63 
4 
3568 
5400 
6127 
429 
316 
9 
785 
27 
2913 
334 
75 
3 
6122 
8834 
11 
3610 
840 
8 
22 
2069 
954 
5 
45 
5 
13 
8 
98 
2 
730 
22 
510 
4836 
6619 
41 
8052 
386 
303 
43 
7 
654 
5 
2119 
8 
2171 
2 
4 
8 
37 
89 
7824 
132 
15 
438 
542 
3 
2 
5 
519 
4075 
45 
9797 
8514 
15 
414 
3 
1 
9519 
460 
725 
110 
318 
7 
5 
9535 
48 
4 
4 
95 
735 
6200 
1531 
31 
7747 
74 
5 
76 
7260 
718 
4 
63 
3260 
6534 
9 
60 
603 
5 
9 
89 
1941 
6 
8 
5777 
435 
5 
9857 
98 
678 
86 
672 
9 
583 
6252 
83 
7796 
74 
8 
8864 
24 
60 
946 
6925 
4787 
37 
825 
8009 
48 
1 
10 
96 
8628 
25 
8293 
9 
4504 
8416 
3623 
178 
87 
6 
3144 
9442 
7178 
591 
9959 
55 
70 
9 
1 
613 
1613 
18 
133 
407 
6 
6 
32 
48 
27 
8 
10 
6737 
3 
8 
757 
59 
343 
3 
3 
8 
5 
3284 
27 
92 
1 
2 
59 
110 
918 
12 
9722 
1 
875 
8359 
84 
5 
47 
5 
2 
82 
439 
173 
50 
48 
8 
69 
8 
43 
440 
92 
6989 
21 
5 
8056 
9257 
52 
25 
82 
411 
8430 
6331 
87 
718 
1 
3965 
14 
63 
233 
7 
797 
8 
259 
6088 
8441 
508 
836 
703 
7528 
5 
9469 
7 
5 
91 
281 
3005 
2920 
2885 
966 
32 
7 
7 
242 
9745 
667 
6444 
692 
97 
381 
2 
589 
63 
8 
812 
6908 
6367 
88 
588 
901 
759 
86 
6 
3 
8 
8 
404 
848 
57 
11 
95 
9262 
11 
9571 
205 
71 
9 
97 
313 
89 
52 
521 
3 
574 
989 
4138 
3 
9272 
7797 
415 
897 
191 
3381 
59 
5158 
7946 
909 
4 
6 
634 
3 
96 
1 
5 
3 
178 
22 
46 
4 
760 
597 
5634 
92 
2 
7302 
127 
15 
1 
59 
421 
8 
14 
427 
1331 
434 
8279 
7368 
800 
48 
874 
762 
5603 
69 
4123 
308 
55 
4 
6048 
36 
9642 
4 
908 
690 
6 
90 
2613 
9 
6965 
83 
8 
8429 
6 
8 
378 
3 
5110 
6069 
7 
669 
4 
58 
25 
3920 
6469 
2674 
8349 
40 
5 
2557 
3608 
8253 
36 
66 
9 
99 
24 
5982 
54 
53 
392 
7816 
5421 
3 
85 
64 
48 
3305 
5 
2372 
91 
6 
477 
30 
34 
50 
7 
1 
89 
8 
7634 
7883 
9570 
4 
1 
3096 
7708 
7590 
2 
964 
223 
38 
543 
4 
669 
837 
2 
5464 
49 
2 
8987 
127 
47 
9746 
93 
2 
1 
90 
923 
5274 
8 
77 
889 
2122 
621 
6 
6031 
75 
32 
30 
71 
7290 
7 
4 
9298 
733 
2939 
62 
808 
85 
39 
2 
1728 
310 
58 
2194 
6 
1 
14 
516 
608 
8842 
4356 
481 
1077 
91 
5307 
3631 
2 
13 
39 
1585 
8827 
66 
936 
787 
78 
3614 
5685 
9879 
96 
39 
53 
307 
3 
6092 
251 
38 
3 
400 
996 
6 
44 
7 
73 
616 
4 
111 
1769 
7 
54 
3 
76 
16 
714 
8227 
6 
9 
7 
2 
708 
86 
103 
4484 
141 
829 
1762 
22 
5838 
726 
71 
9288 
8379 
6936 
7 
5352 
498 
5 
1033 
34 
4 
1027 
465 
791 
5 
520 
3 
3711 
263 
7 
81 
1751 
527 
919 
2 
3905 
1233 
3456 
60 
524 
1 
849 
898 
3 
11 
390 
6 
8 
2 
522 
81 
8 
59 
40 
808 
1792 
9 
807 
4489 
68 
67 
4 
385 
13 
5 
52 
2 
930 
5800 
16 
603 
6 
40 
8485 
523 
48 
903 
163 
1 
911 
1 
9 
343 
9 
969 
6 
648 
992 
8244 
115 
99 
6140 
675 
9 
4901 
8629 
7 
24 
34 
9352 
4 
6186 
2 
74 
873 
273 
66 
4 
19 
20 
6 
3 
76 
158 
5 
40 
7529 
85 
87 
6840 
43 
352 
9144 
4 
9 
481 
60 
16 
718 
50 
97 
4 
6 
33 
93 
75 
6 
5978 
964 
497 
656 
54 
9 
26 
354 
6 
3162 
5 
