525
57 
534 
3015 
2856 
8709 
8 
502 
357 
5070 
68 
9 
7 
70 
35 
39 
6 
350 
33 
473 
58 
696 
11 
9 
70 
6 
3008 
690 
5323 
42 
5 
438 
14 
17 
4471 
61 
119 
24 
9998 
693 
88 
283 
6308 
4985 
4018 
7 
72 
291 
2 
9727 
738 
3526 
4790 
6351 
3257 
3 
7 
7 
74 
4 
89 
841 
9 
78 
81 
678 
85 
404 
75 
24 
298 
2 
295 
9299 
362 
9 
456 
74 
608 
7 
4610 
59 
95 
9 
854 
6959 
76 
262 
35 
1925 
2 
5 
96 
9990 
336 
3 
955 
4641 
91 
1566 
4695 
829 
9802 
65 
6 
43 
3536 
679 
328 
81 
77 
9 
8 
7 
2025 
8 
367 
1398 
9 
688 
9 
3489 
8555 
911 
1 
6138 
534 
35 
1 
33 
1605 
2 
33 
6 
509 
5008 
63 
4 
37 
14 
55 
2 
98 
8 
83 
1 
1 
7 
91 
951 
217 
92 
28 
22 
4 
66 
1 
14 
4399 
663 
67 
97 
8 
98 
6477 
306 
9944 
9922 
7931 
9 
91 
183 
889 
942 
650 
94 
415 
253 
23 
716 
901 
5608 
4880 
781 
9647 
22 
2 
4 
4 
24 
465 
7092 
3 
2008 
3830 
3 
2837 
8674 
534 
7 
3 
53 
1430 
632 
376 
8 
500 
7983 
1 
532 
6 
18 
5620 
51 
6 
4 
98 
8 
642 
8 
496 
324 
132 
5 
46 
180 
761 
164 
6924 
7 
718 
9348 
156 
168 
970 
74 
8 
271 
7 
2 
15 
41 
230 
8142 
38 
229 
43 
8 
63 
65 
7591 
6674 
2289 
90 
528 
6334 
929 
99 
7 
7 
10 
8 
969 
8575 
14 
7161 
3 
7457 
2470 
6 
9 
737 
5 
23 
8 
9355 
6 
5813 
5774 
115 
6229 
7398 
774 
54 
592 
3 
1 
27 
456 
2231 
5 
22 
309 
3 
8 
351 
4356 
7364 
2 
6643 
87 
8 
3948 
5 
9 
879 
99 
25 
6973 
21 
7 
375 
8138 
7895 
48 
10 
576 
2 
93 
246 
4 
243 
2 
10 
7496 
5178 
2 
82 
76 
7925 
7719 
4729 
2316 
751 
66 
1 
242 
17 
3065 
85 
5607 
653 
254 
636 
481 
191 
7207 
76 
6 
8 
82 
4405 
645 
31 
5216 
3556 
2245 
676 
6 
7 
2155 
2845 
4 
401 
6793 
2 
9 
95 
256 
4 
59 
6 
3411 
8 
1359 
3626 
3 
8 
8473 
987 
327 
8973 
557 
7 
6 
122 
598 
8 
783 
7095 
5 
9512 
58 
2 
6 
7111 
75 
6 
687 
3807 
832 
7 
8 
8 
661 
806 
9 
77 
4 
249 
9046 
2 
858 
96 
516 
2042 
8 
2284 
8 
1 
1545 
8835 
618 
1056 
475 
1 
57 
6494 
9235 
5217 
78 
6591 
5 
2 
4 
5061 
6457 
19 
6 
5 
4879 
9313 
868 
603 
65 
1664 
4666 
57 
2 
4 
5 
4 
1 
87 
7032 
9 
92 
8409 
97 
567 
7 
3 
3667 
21 
9616 
589 
8 
3 
92 
8 
9 
4 
3162 
917 
285 
47 
4 
175 
9404 
6 
11 
150 
5 
32 
9 
98 
4 
7149 
1 
13 
9500 
891 
6 
445 
28 
7565 
94 
70 
7511 
62 
1170 
2 
43 
97 
3878 
8399 
8 
3976 
9286 
81 
583 
5 
23 
661 
6 
7 
557 
1 
11 
6 
2 
9131 
8 
882 
3 
287 
