332
880 
321 
8 
6789 
911 
61 
97 
2 
254 
33 
373 
7 
49 
9 
675 
3 
35 
9 
5 
17 
5987 
2772 
74 
9 
26 
6 
1 
53 
610 
85 
4823 
2 
69 
39 
4 
6355 
73 
9 
1962 
14 
9061 
7 
363 
6857 
7 
3 
47 
4 
2 
196 
116 
725 
623 
6519 
4563 
33 
436 
2875 
1664 
66 
540 
81 
587 
2 
59 
7798 
8423 
2 
78 
460 
4 
84 
60 
283 
3 
80 
7 
96 
2250 
8 
5714 
1 
1 
429 
96 
1 
5143 
9674 
1924 
74 
5 
288 
2011 
43 
33 
7421 
141 
3 
656 
154 
71 
5 
274 
222 
7 
6 
8931 
6411 
947 
2 
8720 
9 
7438 
1 
112 
246 
5 
990 
7 
7019 
905 
7280 
3 
377 
5 
7584 
9 
8371 
55 
34 
43 
129 
45 
9329 
6 
105 
8291 
89 
1695 
547 
8 
33 
83 
35 
3 
160 
58 
200 
2 
8135 
40 
6015 
8 
1 
26 
9 
7358 
5 
3 
93 
715 
6 
9 
5129 
1217 
5132 
41 
672 
6 
129 
9 
3450 
5 
29 
33 
319 
854 
4186 
3627 
9947 
61 
1327 
82 
136 
4309 
723 
4294 
5958 
992 
38 
39 
7 
7729 
180 
7 
718 
2 
91 
2454 
925 
45 
3279 
2274 
2 
28 
8550 
44 
8 
834 
30 
9 
108 
81 
38 
28 
8 
8 
3 
67 
907 
6784 
77 
74 
331 
2 
3 
86 
3 
9399 
2 
4 
11 
745 
5 
6355 
8 
2 
7305 
205 
27 
960 
353 
94 
6075 
5290 
933 
920 
4 
318 
263 
43 
6 
17 
3 
241 
8 
1347 
6 
900 
4 
92 
9244 
6281 
874 
4642 
9174 
209 
1 
7858 
39 
5996 
5083 
4556 
4708 
80 
347 
2 
19 
8019 
4130 
187 
4975 
5381 
54 
57 
782 
4031 
968 
290 
7 
6960 
721 
5 
6595 
271 
2922 
745 
7 
8913 
8102 
155 
118 
9 
3853 
796 
6 
8 
557 
2 
275 
75 
6 
46 
234 
7613 
698 
30 
508 
4 
1464 
10 
328 
2 
78 
9 
419 
1 
985 
257 
2429 
6614 
5 
