357
9 
3 
3 
9345 
6 
78 
6775 
806 
26 
807 
27 
87 
8 
10 
7 
85 
2 
8 
8755 
84 
1 
7916 
460 
50 
534 
1 
8 
705 
8799 
6 
9427 
3337 
90 
3362 
166 
44 
5 
7667 
35 
91 
635 
536 
668 
1 
9022 
3411 
12 
728 
7 
2152 
319 
617 
68 
6 
581 
5149 
56 
9407 
769 
59 
5502 
1 
7 
71 
503 
8085 
80 
6 
328 
44 
71 
207 
7541 
4 
970 
6 
5 
54 
4 
1522 
4371 
102 
865 
71 
8828 
72 
349 
4025 
76 
3 
1 
77 
49 
8660 
581 
62 
53 
7 
24 
99 
8641 
74 
1 
3276 
23 
280 
648 
2 
60 
6 
41 
6 
617 
83 
6078 
6662 
6144 
99 
922 
967 
460 
7945 
2401 
9 
16 
9 
725 
4 
826 
80 
405 
3 
67 
4 
368 
954 
962 
4 
6 
3776 
662 
6 
193 
32 
801 
272 
9 
52 
282 
61 
6 
452 
7 
1891 
14 
397 
38 
77 
376 
628 
8196 
70 
87 
452 
8532 
1 
662 
6 
71 
7515 
770 
33 
2 
956 
1717 
5805 
3 
18 
56 
5 
193 
7532 
8 
347 
6144 
23 
410 
99 
891 
4 
36 
2 
8012 
7 
35 
1709 
54 
2 
8411 
841 
48 
7 
37 
4200 
1743 
14 
94 
7848 
20 
7 
6064 
8 
51 
5134 
3060 
466 
93 
8724 
8 
271 
79 
51 
6160 
1 
3217 
2 
751 
8484 
31 
1014 
577 
1564 
643 
71 
865 
59 
414 
7210 
4 
19 
9 
9 
9408 
7 
144 
5022 
8127 
961 
40 
295 
13 
8 
6 
2 
9 
227 
9992 
6237 
766 
3 
26 
8169 
76 
635 
81 
1 
49 
1 
1336 
3 
9 
6 
5 
479 
5569 
62 
8 
44 
2 
327 
4563 
256 
9371 
4 
3542 
1 
80 
5376 
83 
210 
4 
3785 
100 
66 
9 
8 
44 
3 
72 
4822 
998 
116 
76 
3912 
1 
6 
21 
769 
327 
830 
6767 
313 
87 
1001 
75 
474 
459 
3208 
6818 
887 
1 
600 
6 
2250 
6153 
8892 
9610 
1086 
38 
110 
598 
1104 
2621 
4153 
600 
73 
74 
362 
5 
5 
34 
66 
7878 
8 
5 
36 
7818 
1 
760 
1 
8 
51 
9 
4 
587 
428 
57 
