932
622 
4 
495 
8219 
8432 
8 
48 
44 
53 
35 
4711 
8174 
6 
97 
43 
658 
8 
8655 
33 
779 
1282 
219 
2 
5147 
3669 
298 
658 
2866 
917 
5033 
355 
2409 
418 
2 
48 
2491 
20 
1764 
1 
700 
297 
3050 
906 
400 
4 
507 
3 
18 
4 
45 
4 
936 
786 
6677 
189 
7363 
3 
4252 
50 
938 
275 
65 
964 
944 
2094 
9349 
619 
83 
2 
49 
4299 
7 
7489 
6 
5698 
4 
756 
6 
97 
232 
7847 
253 
8219 
733 
373 
60 
7 
7616 
78 
6 
8 
776 
8855 
6 
4603 
881 
6094 
1574 
902 
458 
64 
7496 
72 
6879 
935 
803 
80 
5 
586 
89 
1818 
7 
1074 
5 
2665 
548 
74 
860 
94 
969 
186 
82 
95 
4401 
106 
2263 
1073 
69 
392 
3155 
9 
515 
537 
42 
71 
1147 
3415 
494 
3414 
611 
8095 
2 
1 
254 
7 
398 
2310 
330 
259 
8 
4551 
457 
172 
407 
9 
59 
82 
6 
212 
5 
5262 
164 
42 
740 
948 
71 
8 
5639 
6 
69 
7 
180 
2 
757 
25 
66 
421 
786 
6 
1 
36 
4 
87 
9 
37 
28 
10 
27 
691 
42 
65 
116 
437 
862 
16 
9910 
2434 
42 
55 
88 
4745 
4068 
49 
599 
232 
44 
596 
1 
78 
1 
7444 
64 
14 
8 
545 
190 
6 
2555 
4 
6 
7 
825 
666 
32 
5620 
719 
34 
870 
699 
89 
30 
427 
23 
407 
344 
921 
6134 
6 
73 
18 
74 
4 
1 
4166 
884 
47 
3 
60 
43 
7 
6226 
71 
36 
6 
7734 
94 
134 
96 
3813 
61 
250 
76 
264 
8 
7063 
7472 
3 
868 
9 
363 
3 
4931 
1 
2 
90 
439 
3848 
7 
772 
515 
628 
39 
43 
9365 
24 
7 
3387 
5 
73 
5 
7453 
40 
96 
39 
3 
355 
25 
5947 
6 
51 
2 
266 
1 
730 
4 
525 
62 
515 
5 
46 
19 
44 
695 
79 
5434 
791 
91 
9326 
2700 
2 
38 
7 
3443 
282 
1316 
21 
29 
814 
292 
6170 
7566 
345 
90 
396 
5 
8 
59 
3389 
252 
9 
200 
3060 
9 
8656 
576 
1910 
321 
79 
860 
464 
6948 
969 
39 
877 
6777 
4649 
35 
6594 
7 
22 
830 
9219 
2 
235 
9192 
5 
912 
93 
6 
8354 
3120 
7629 
26 
1628 
706 
188 
2198 
9 
8 
77 
5082 
5 
1773 
7 
71 
13 
46 
8 
203 
265 
5004 
30 
8 
5 
987 
8819 
79 
5516 
2 
31 
3768 
65 
74 
2746 
1499 
875 
63 
1 
61 
61 
9682 
33 
676 
124 
16 
3 
162 
93 
62 
964 
6 
8875 
7819 
204 
6 
7 
2006 
421 
8838 
3517 
46 
43 
5610 
1635 
496 
65 
38 
8848 
2872 
2 
17 
3147 
112 
6036 
9 
2568 
6824 
771 
6 
98 
4 
7 
5310 
473 
5 
760 
40 
25 
8087 
7560 
41 
4219 
224 
8 
9 
2802 
9783 
775 
38 
9 
737 
9 
2 
9904 
9 
82 
6854 
1 
1747 
46 
19 
1014 
5 
99 
14 
7388 
3 
116 
5756 
791 
259 
30 
3064 
2534 
1543 
924 
7 
1847 
992 
92 
6926 
66 
460 
59 
34 
2 
1767 
958 
701 
353 
8999 
49 
1025 
5 
1 
4078 
6 
2454 
9825 
2589 
272 
9 
950 
2965 
8 
9 
87 
10 
9 
3 
7 
8574 
5 
9511 
69 
508 
4302 
99 
10 
461 
6 
98 
810 
68 
676 
477 
99 
8880 
559 
9 
7 
7 
2 
514 
445 
1 
7710 
4446 
9016 
84 
9 
8 
42 
4761 
44 
365 
2 
41 
93 
31 
9 
6 
1 
7 
6 
1957 
3 
2504 
625 
604 
1907 
1 
1317 
6526 
7 
90 
82 
1 
462 
30 
1 
39 
5995 
205 
212 
7 
1 
6 
4557 
8926 
65 
6 
2 
137 
64 
16 
2 
616 
2 
63 
6879 
30 
519 
3 
69 
27 
4224 
513 
6 
1664 
661 
60 
7186 
904 
30 
969 
6493 
99 
791 
1 
8605 
8 
545 
3465 
9 
4 
35 
1 
8 
83 
9 
9747 
26 
2 
7 
2324 
8 
10 
85 
6929 
21 
9 
95 
49 
9 
51 
553 
118 
900 
81 
58 
321 
7748 
8422 
99 
3590 
9192 
8228 
5 
8 
6030 
4431 
7157 
6335 
1 
5 
271 
430 
773 
99 
885 
64 
28 
9 
60 
8487 
4 
103 
7873 
3415 
8107 
36 
780 
8968 
547 
1 
883 
2612 
30 
290 
1090 
1944 
84 
854 
85 
2 
507 
3 
9939 
765 
3 
459 
97 
5951 
4 
2369 
7286 
55 
8 
1 
8 
3195 
8 
6978 
7 
5547 
9 
5398 
7 
29 
3 
1671 
9 
5 
5 
51 
5289 
7 
51 
33 
58 
1 
66 
8687 
967 
6725 
47 
3767 
51 
968 
6881 
88 
7399 
86 
6456 
54 
7099 
63 
1 
818 
9717 
6 
365 
82 
77 
5 
1215 
176 
513 
13 
47 
30 
79 
3 
391 
499 
4 
14 
95 
651 
4133 
2 
413 
9500 
7 
16 
998 
52 
3634 
1231 
8599 
6 
6288 
2 
4890 
8088 
788 
8 
9810 
5 
5867 
6 
228 
8 
4402 
4 
203 
675 
7850 
471 
8208 
698 
69 
2 
480 
87 
1505 
127 
5906 
55 
4 
326 
194 
829 
1 
57 
6 
194 
42 
1434 
86 
8 
2492 
4428 
30 
55 
78 
8 
298 
6 
69 
6328 
7836 
38 
489 
2 
477 
9 
5045 
53 
58 
6 
22 
744 
8 
3 
15 
57 
2 
5 
9707 
4 
2 
9750 
47 
766 
806 
30 
7 
93 
4985 
9 
2 
522 
8832 
321 
36 
1508 
25 
7 
5 
967 
885 
33 
5 
2463 
6399 
225 
646 
4 
8 
7469 
537 
788 
314 
63 
62 
2867 
708 
1 
9 
589 
8267 
8805 
3 
69 
369 
97 
466 
105 
671 
1056 
53 
9 
8438 
8655 
1273 
1 
58 
88 
6 
5 
6455 
4729 
7480 
8057 
69 
4226 
8 
41 
99 
9 
