650
15 
305 
351 
6748 
7 
3308 
359 
7 
6 
2 
6478 
2 
3 
8 
3 
10 
37 
827 
81 
3464 
3796 
4 
9640 
885 
20 
1838 
2 
657 
80 
6 
9045 
2 
45 
7997 
9 
725 
3 
8951 
9412 
312 
5 
8 
6 
554 
1 
4150 
28 
50 
9652 
8549 
43 
62 
63 
7 
5 
91 
3 
81 
48 
998 
6 
9790 
9 
1 
2018 
1871 
71 
9265 
3 
1034 
1887 
5006 
661 
6 
263 
9084 
427 
3666 
7987 
237 
5 
5843 
622 
1374 
658 
749 
5513 
1625 
2 
9209 
97 
12 
280 
1 
84 
143 
6 
840 
331 
5975 
27 
976 
8 
582 
3710 
4 
998 
587 
6634 
4 
69 
1406 
66 
179 
6553 
2 
335 
569 
64 
6672 
98 
97 
6 
1092 
5936 
3316 
35 
845 
482 
258 
384 
33 
737 
14 
96 
5006 
42 
392 
805 
6570 
6334 
4033 
807 
74 
95 
362 
5150 
36 
9 
68 
1406 
8267 
7 
156 
1992 
7 
657 
605 
30 
301 
862 
3 
2640 
23 
9 
7 
164 
25 
9909 
857 
8 
4 
475 
6969 
9 
55 
5 
2539 
5 
4474 
5338 
6 
2871 
22 
723 
4 
375 
73 
3 
5 
8 
6 
3460 
47 
563 
321 
9351 
6249 
98 
64 
4 
449 
771 
3112 
5 
22 
5 
924 
2082 
120 
122 
7 
3684 
2446 
3 
9683 
6433 
71 
20 
96 
391 
9988 
60 
48 
8534 
94 
1098 
3 
3925 
188 
84 
1286 
559 
5066 
93 
2527 
480 
4370 
5015 
1813 
645 
26 
29 
541 
23 
90 
7 
931 
6 
2 
7567 
45 
6 
550 
7 
81 
254 
8 
5563 
5 
2 
7084 
3949 
2 
84 
86 
7 
38 
7 
2 
24 
35 
6 
5 
8527 
321 
1774 
2 
4 
9 
8 
6 
5829 
896 
43 
36 
26 
937 
35 
915 
19 
303 
1 
99 
4529 
7070 
95 
253 
123 
515 
3 
418 
728 
3 
31 
6 
5204 
48 
4 
217 
7 
1 
8905 
9 
4 
461 
959 
9872 
1510 
9726 
879 
3 
93 
9490 
4641 
1 
2729 
64 
19 
88 
75 
98 
450 
486 
2900 
72 
62 
94 
2180 
6431 
861 
1 
417 
5 
37 
59 
408 
4446 
9 
64 
1 
641 
66 
1924 
41 
7986 
7 
55 
773 
81 
3105 
4 
5033 
6693 
4886 
759 
7261 
9466 
2 
65 
55 
2 
9001 
354 
6 
2 
32 
927 
2591 
72 
909 
2449 
797 
2294 
1 
1 
3992 
9692 
732 
701 
588 
8 
9 
838 
816 
8 
946 
845 
4 
207 
712 
38 
3597 
50 
4 
9768 
34 
5 
6 
814 
748 
855 
58 
658 
65 
580 
6063 
2498 
39 
817 
9 
72 
401 
9681 
144 
2379 
8 
2296 
50 
6951 
14 
857 
586 
944 
28 
7339 
96 
375 
887 
6002 
3422 
2 
6 
2385 
26 
47 
83 
754 
25 
2039 
3 
684 
4349 
41 
3 
1086 
89 
7 
46 
9544 
8 
58 
9 
5034 
25 
7 
39 
4858 
7131 
11 
6197 
28 
9539 
315 
28 
232 
425 
2429 
9 
763 
1 
2715 
9233 
6133 
735 
163 
44 
32 
1413 
6407 
4590 
8 
96 
207 
637 
996 
433 
2 
1130 
2795 
735 
22 
2924 
7828 
3 
66 
59 
9921 
587 
39 
9 
894 
432 
9891 
6881 
80 
64 
7950 
7839 
9077 
2 
225 
75 
408 
17 
10 
70 
2788 
5 
47 
6 
23 
41 
6 
4 
4785 
8373 
92 
576 
166 
2347 
4 
8473 
13 
8 
372 
2 
2045 
222 
11 
4 
305 
966 
3858 
27 
9369 
8 
7 
650 
138 
9 
38 
578 
2665 
8 
1 
8122 
39 
82 
5 
7993 
9 
882 
55 
648 
90 
150 
87 
3681 
1 
430 
73 
509 
40 
189 
2376 
24 
746 
64 
480 
883 
20 
7211 
71 
72 
1 
8 
3395 
26 
17 
8 
549 
6116 
74 
800 
300 
2 
193 
791 
194 
63 
9215 
384 
752 
1 
12 
6833 
9 
5405 
1066 
55 
4 
8975 
901 
353 
1 
80 
477 
5476 
4 
793 
2362 
1 
5063 
4 
849 
17 
951 
25 
1843 
9 
2141 
15 
57 
8 
1108 
880 
790 
8 
490 
