392
3400 
277 
19 
91 
3 
853 
76 
3 
34 
52 
7 
3 
369 
1 
12 
660 
184 
37 
7935 
886 
34 
49 
766 
96 
4151 
373 
221 
51 
202 
3 
492 
8624 
537 
143 
5 
8778 
60 
38 
1173 
2077 
2 
342 
7349 
2293 
332 
5 
3803 
8210 
15 
491 
354 
5 
210 
94 
7824 
80 
2251 
222 
9 
2555 
9 
67 
5 
990 
2 
32 
7 
1509 
2371 
7249 
81 
151 
2143 
9288 
81 
5 
13 
3 
735 
510 
29 
9 
925 
688 
272 
4 
90 
90 
36 
4 
487 
5859 
817 
3 
5 
2551 
907 
4951 
451 
34 
5 
812 
71 
605 
7053 
3 
2 
6 
4563 
4 
96 
810 
85 
40 
41 
28 
147 
2352 
296 
2 
8659 
4669 
1303 
9768 
68 
61 
477 
3 
72 
5 
2 
292 
874 
423 
9438 
35 
2 
6 
2272 
8521 
83 
60 
688 
2886 
958 
891 
4636 
8 
3 
37 
5 
78 
2 
3638 
23 
5 
533 
1228 
13 
3490 
3 
989 
3 
93 
8807 
5566 
7 
240 
4 
636 
1 
96 
154 
9820 
16 
22 
6913 
5 
6 
3 
61 
8505 
761 
6 
97 
1 
4454 
25 
2941 
80 
679 
71 
95 
7967 
4955 
382 
6232 
986 
32 
14 
1575 
9 
5 
3295 
84 
204 
2 
1 
3 
358 
8677 
1 
18 
184 
5 
2 
9222 
577 
75 
9 
5 
9 
3980 
5709 
6466 
89 
636 
44 
9 
7 
74 
483 
5 
889 
971 
8 
808 
9750 
8 
13 
830 
2688 
202 
3122 
652 
43 
120 
7725 
8486 
8762 
8 
189 
14 
265 
43 
24 
29 
20 
7931 
9978 
10 
98 
3475 
6 
961 
473 
58 
8 
85 
637 
5 
6372 
213 
699 
4014 
44 
7 
73 
76 
2423 
419 
6923 
1 
130 
61 
8369 
82 
4 
8 
13 
65 
8684 
6 
948 
5043 
1449 
9366 
832 
521 
889 
5 
56 
19 
94 
2465 
685 
388 
7533 
4 
59 
5456 
239 
3791 
206 
1804 
5738 
61 
8 
748 
1 
34 
80 
5004 
461 
6796 
129 
8 
1039 
730 
73 
5 
19 
7 
4477 
4 
98 
841 
576 
4 
937 
72 
570 
1685 
2023 
856 
52 
6 
5 
854 
319 
410 
5170 
462 
387 
383 
9705 
719 
636 
611 
6 
6452 
85 
438 
7160 
485 
4378 
2057 
1 
496 
2 
6 
327 
90 
2042 
84 
7417 
18 
476 
21 
1182 
307 
50 
94 
706 
6 
22 
4731 
964 
5951 
95 
5005 
384 
