292
9 
4 
746 
4174 
2 
15 
80 
802 
698 
977 
2 
1 
9007 
2 
36 
3624 
35 
7 
913 
74 
599 
16 
386 
7680 
75 
1 
4 
7622 
6 
3835 
7018 
48 
1310 
4 
5528 
15 
39 
64 
8 
7 
93 
4968 
505 
6 
20 
2064 
87 
2 
337 
2518 
91 
651 
46 
186 
93 
96 
8137 
479 
298 
1786 
15 
21 
884 
629 
422 
383 
7 
65 
599 
6771 
1530 
109 
5136 
5 
4 
20 
2786 
440 
2346 
1043 
9 
3655 
15 
154 
24 
3 
30 
61 
93 
674 
2 
4 
123 
25 
304 
532 
8396 
600 
9 
885 
852 
2923 
44 
1012 
8 
2 
5 
71 
240 
5964 
70 
83 
467 
4 
516 
4906 
9 
8759 
220 
64 
46 
92 
6 
54 
478 
7181 
1044 
716 
333 
14 
5 
74 
986 
377 
733 
31 
2 
16 
41 
2 
77 
7807 
8 
7 
7 
95 
59 
5 
3964 
950 
24 
43 
64 
3 
595 
7 
1 
5 
69 
199 
857 
7729 
672 
3 
36 
1 
27 
29 
14 
8 
6 
8 
12 
46 
33 
2889 
3 
7 
4161 
8 
4909 
262 
4417 
26 
43 
15 
936 
981 
31 
2 
196 
58 
669 
7 
2694 
64 
8903 
15 
2032 
6174 
85 
88 
962 
19 
9640 
696 
6407 
9202 
1 
790 
3662 
7069 
7492 
4341 
4898 
40 
19 
5 
8 
8 
81 
60 
86 
7 
1092 
31 
94 
9850 
377 
807 
89 
68 
26 
9 
3238 
515 
62 
6 
3 
192 
87 
793 
2 
2427 
35 
5 
3 
354 
6 
7 
21 
76 
6 
2419 
4 
38 
6075 
1962 
56 
23 
401 
79 
9 
239 
702 
6 
5686 
16 
2618 
5 
85 
158 
722 
19 
2 
2 
531 
65 
3 
9550 
5509 
63 
6 
415 
363 
70 
7 
3258 
5 
43 
8 
76 
