411
735 
172 
87 
8680 
2421 
7354 
6 
6 
238 
6595 
26 
37 
7674 
3 
93 
936 
9 
2 
4 
474 
91 
4 
244 
832 
72 
8918 
643 
5847 
59 
531 
7632 
7845 
39 
2602 
163 
826 
499 
89 
917 
368 
3255 
1 
7 
9 
555 
8624 
994 
6967 
3 
4358 
9183 
982 
619 
11 
4575 
2 
624 
55 
1548 
755 
5 
209 
474 
6785 
4893 
32 
3 
96 
5 
61 
2 
776 
935 
970 
4 
30 
91 
1716 
6640 
536 
39 
9 
3 
7 
715 
1105 
198 
1518 
52 
91 
119 
3 
9 
4 
8 
91 
9930 
9 
4112 
8491 
2 
4 
331 
46 
5 
702 
917 
3 
5 
1940 
7537 
996 
92 
9994 
7 
8823 
6258 
629 
3 
2362 
7432 
140 
223 
8461 
4868 
6001 
6695 
48 
162 
3618 
29 
9 
69 
152 
7056 
87 
932 
428 
7 
5067 
2 
7087 
12 
6022 
1647 
8 
22 
1 
1738 
327 
54 
571 
8390 
80 
353 
8929 
3 
8 
63 
4 
8383 
1111 
3 
6720 
2 
8 
805 
7896 
875 
678 
8683 
1 
6 
7 
90 
6300 
7441 
787 
2980 
4980 
48 
710 
4270 
7 
51 
7452 
9 
3671 
3600 
2984 
579 
267 
56 
446 
4 
1571 
122 
271 
29 
113 
4 
67 
5 
68 
962 
9 
740 
706 
5 
54 
2286 
323 
717 
17 
51 
928 
52 
1 
681 
13 
4 
25 
95 
652 
59 
1817 
47 
5 
50 
754 
73 
30 
5 
69 
9 
4664 
3 
395 
7 
6185 
1 
6784 
5037 
1205 
6493 
96 
71 
99 
3207 
28 
6614 
28 
516 
396 
1 
312 
402 
7 
1939 
18 
170 
157 
6 
743 
968 
4 
8563 
2952 
32 
78 
71 
95 
4275 
3241 
5 
6 
96 
343 
32 
6178 
85 
2149 
9064 
52 
72 
969 
488 
8392 
4376 
273 
394 
2381 
871 
75 
187 
28 
62 
117 
4765 
406 
649 
349 
2 
87 
8 
4 
176 
3987 
6 
3016 
579 
1 
72 
761 
8 
80 
77 
6 
3677 
4 
642 
9451 
9288 
43 
71 
2492 
513 
935 
7371 
4 
9603 
8041 
7 
1660 
2496 
7 
523 
4751 
76 
9775 
7650 
48 
960 
31 
3 
15 
2843 
8319 
3502 
8779 
1556 
30 
8 
8278 
3 
3554 
881 
329 
52 
31 
4241 
706 
12 
970 
15 
88 
8510 
986 
379 
8 
2455 
8 
29 
17 
96 
301 
3 
8 
993 
26 
294 
754 
3 
462 
347 
2 
24 
57 
2335 
98 
511 
977 
7434 
8059 
93 
80 
415 
9 
632 
673 
5944 
631 
97 
50 
8 
56 
2206 
4131 
4 
7 
4 
