577
8197 
235 
480 
9075 
18 
4 
8 
2656 
3379 
33 
5320 
5 
6 
790 
6 
6791 
7962 
23 
8 
9 
8201 
996 
90 
34 
141 
6 
14 
8336 
13 
74 
7268 
87 
22 
87 
2571 
65 
5 
496 
3675 
6 
8468 
4314 
4 
2 
89 
9568 
8 
9744 
9460 
6786 
1570 
7175 
29 
409 
6 
8195 
5 
6 
1245 
90 
756 
669 
9 
2 
122 
3 
458 
6 
492 
84 
643 
86 
838 
6 
5104 
126 
9 
12 
4635 
225 
952 
6977 
456 
456 
1 
12 
90 
538 
11 
250 
7235 
430 
5 
2 
72 
834 
74 
54 
7 
299 
2613 
74 
3339 
3728 
4471 
8 
4 
68 
93 
9 
8874 
7643 
34 
6 
298 
82 
2849 
562 
71 
385 
8 
4 
5195 
18 
8 
4923 
2 
4 
3 
56 
1 
9989 
71 
1 
54 
678 
4281 
3 
7549 
34 
9004 
739 
907 
2 
1 
5972 
600 
3723 
582 
46 
949 
76 
705 
9708 
3020 
8348 
882 
665 
771 
6093 
47 
47 
81 
5 
4 
514 
6926 
25 
2890 
2 
91 
1468 
88 
904 
3 
940 
990 
6 
240 
441 
27 
783 
3 
5610 
3036 
954 
90 
3207 
1 
656 
524 
13 
6 
114 
78 
9897 
7 
9 
3038 
172 
38 
389 
3 
461 
30 
56 
6502 
7222 
678 
5 
2424 
823 
61 
4 
933 
23 
1 
5 
462 
56 
1177 
2993 
2 
1874 
1553 
4458 
53 
193 
117 
3 
78 
401 
4863 
9 
75 
689 
3917 
5342 
2068 
49 
68 
9 
3345 
8 
88 
8 
9 
97 
15 
6 
3 
979 
219 
60 
8475 
7 
723 
256 
6 
3 
3 
7 
3874 
9350 
4 
1 
57 
3032 
934 
26 
1516 
40 
4732 
5030 
496 
3 
53 
39 
360 
18 
76 
446 
45 
8904 
8 
7 
464 
49 
832 
81 
7 
36 
3 
4228 
9 
3 
942 
2683 
4209 
9 
712 
8 
121 
2 
9 
399 
899 
8 
571 
7571 
5969 
8703 
2 
8285 
476 
441 
1 
5362 
8 
4706 
58 
65 
525 
22 
992 
3 
841 
429 
4 
1 
558 
8690 
477 
144 
5719 
956 
5 
4958 
65 
14 
42 
16 
68 
8 
69 
4 
5 
3627 
5 
21 
965 
427 
20 
40 
6 
569 
318 
9 
5 
5 
3 
3 
5924 
303 
5 
9 
165 
475 
5 
732 
1328 
8 
1 
52 
6124 
2928 
2531 
2 
687 
84 
94 
7 
480 
679 
4 
5 
2947 
188 
6798 
1 
12 
8 
147 
8355 
751 
2234 
4839 
78 
2544 
57 
7047 
454 
5 
3 
788 
549 
9244 
8352 
6 
8355 
4570 
59 
2 
482 
166 
8 
1 
982 
3517 
648 
551 
55 
1827 
96 
6 
10 
1632 
3900 
617 
96 
2057 
974 
149 
4 
4 
6621 
2322 
99 
4 
44 
6 
64 
92 
912 
55 
8700 
8523 
4 
11 
497 
704 
3 
7120 
498 
3031 
36 
5 
686 
4 
24 
8 
76 
8167 
61 
834 
95 
59 
98 
9 
38 
118 
38 
2098 
6 
7497 
28 
408 
9 
361 
6 
204 
1 
9 
7 
81 
6096 
35 
75 
322 
8 
7063 
551 
5 
47 
7420 
9183 
42 
5 
4199 
2 
567 
6762 
7191 
16 
2442 
19 
4674 
2 
64 
3 
183 
76 
7573 
10 
7729 
5346 
9468 
106 
4456 
143 
42 
5 
25 
30 
397 
10 
334 
68 
343 
5602 
74 
167 
7 
3 
58 
60 
3172 
9 
348 
49 
5 
72 
4 
188 
234 
9069 
69 
1 
2 
98 
98 
50 
3971 
8 
52 
1 
175 
3041 
19 
49 
4 
1359 
18 
57 
4 
9 
321 
904 
393 
5154 
14 
5 
2735 
94 
72 
3 
6661 
