989
34 
5562 
9696 
4 
69 
9 
533 
354 
78 
7 
79 
93 
1 
1755 
211 
600 
1136 
9986 
2271 
6 
8939 
9 
16 
9669 
59 
670 
9019 
143 
69 
7279 
9402 
967 
5090 
866 
9 
7110 
5635 
8 
258 
97 
926 
7710 
562 
177 
254 
832 
2709 
748 
89 
488 
108 
4306 
8902 
965 
392 
829 
1 
607 
3459 
34 
40 
4285 
6470 
41 
257 
10 
4 
99 
46 
3925 
6 
9 
7 
99 
6 
848 
182 
8403 
9 
1569 
809 
1 
9 
3416 
8 
49 
1 
134 
3 
4928 
896 
8101 
26 
5663 
236 
2221 
83 
56 
4 
7 
41 
2151 
17 
8000 
770 
641 
7025 
3 
479 
29 
775 
663 
1308 
10 
98 
8435 
23 
1 
1 
9 
7 
9929 
418 
5202 
2935 
29 
2 
3748 
7368 
1432 
268 
162 
432 
3 
4358 
818 
370 
88 
202 
3 
3940 
372 
5572 
54 
9350 
3 
4840 
3 
376 
49 
79 
7 
1793 
89 
177 
36 
304 
222 
48 
8 
1 
199 
80 
5938 
357 
846 
88 
6 
89 
93 
939 
3 
5031 
689 
34 
31 
50 
3479 
675 
86 
833 
489 
719 
7222 
7376 
7658 
87 
6 
9 
3185 
658 
95 
849 
2295 
3 
3 
95 
1 
60 
1 
84 
7182 
9 
4 
3871 
15 
8 
2988 
7 
697 
396 
5676 
6799 
17 
75 
9650 
4590 
5 
537 
1354 
61 
633 
35 
26 
1 
2 
1519 
9089 
897 
4123 
2 
335 
7 
372 
6 
84 
2 
9658 
18 
3 
8584 
3226 
1201 
3262 
2 
47 
906 
1812 
8 
75 
241 
661 
162 
3 
4838 
30 
9384 
389 
61 
138 
315 
5 
2 
3922 
1 
4097 
2182 
5 
186 
8249 
40 
67 
175 
8381 
71 
946 
2916 
6180 
3764 
8445 
9995 
595 
83 
5186 
31 
8425 
54 
9300 
620 
6291 
2031 
61 
72 
74 
967 
4 
8 
443 
162 
350 
3947 
3 
9656 
3 
132 
76 
4 
802 
728 
2 
1 
8 
48 
6 
6 
14 
5530 
1089 
25 
568 
5801 
28 
2008 
1847 
4841 
611 
5 
4 
92 
1322 
1 
768 
9556 
299 
3 
9107 
6 
286 
68 
429 
7 
32 
3934 
6 
6 
517 
2 
763 
8549 
4 
7 
278 
4686 
62 
3 
1525 
96 
33 
6 
3627 
204 
5155 
34 
460 
669 
7 
867 
3 
354 
1 
77 
6 
263 
44 
3094 
3410 
64 
500 
67 
130 
831 
7454 
7 
50 
8749 
5884 
3471 
920 
73 
6 
7187 
5517 
5741 
4526 
8 
64 
8 
8 
7562 
8 
26 
6888 
7 
8 
6 
27 
487 
743 
2 
87 
7909 
1223 
58 
3826 
58 
6753 
17 
5 
6936 
4 
9 
5 
85 
281 
1146 
14 
545 
23 
24 
1 
15 
5 
4079 
40 
192 
8 
9 
245 
6 
3298 
75 
133 
7 
519 
679 
94 
820 
4 
5919 
549 
4 
4 
74 
78 
1 
8 
1441 
55 
5 
2031 
6 
72 
489 
327 
81 
162 
422 
14 
9 
22 
65 
38 
5208 
2 
2 
39 
551 
965 
41 
52 
2493 
6448 
5113 
120 
31 
5 
2859 
32 
29 
123 
9127 
15 
4417 
84 
9078 
531 
563 
953 
63 
28 
5540 
2528 
9926 
6852 
1607 
853 
15 
24 
8536 
971 
8 
4 
6657 
6760 
80 
99 
49 
99 
4 
267 
8389 
896 
4736 
2 
6 
94 
626 
8616 
482 
2 
297 
2 
84 
5 
751 
7 
2 
196 
90 
4130 
365 
356 
360 
85 
2 
4 
586 
6000 
417 
7 
2695 
6204 
904 
64 
73 
899 
562 
8569 
4 
82 
47 
574 
1 
5376 
297 
47 
9265 
6019 
216 
1020 
59 
8 
852 
4471 
9 
77 
897 
24 
64 
959 
576 
5321 
7170 
7886 
4 
246 
191 
1140 
72 
6187 
20 
1727 
275 
1533 
6 
729 
3 
9981 
4548 
741 
19 
9 
84 
139 
186 
716 
2 
65 
5160 
17 
1364 
231 
865 
9056 
44 
5963 
4 
10 
53 
438 
888 
1 
6375 
52 
3887 
398 
4 
7009 
4856 
5347 
53 
5 
351 
190 
3123 
25 
4553 
811 
42 
489 
2 
6 
9 
3391 
701 
3055 
11 
111 
28 
896 
690 
966 
950 
76 
86 
3297 
7388 
1 
2 
362 
3382 
5765 
4 
34 
70 
6503 
22 
12 
6066 
534 
1470 
1493 
2 
2171 
1 
79 
469 
604 
731 
7620 
696 
4866 
5 
8531 
6 
2185 
5058 
52 
3700 
3757 
288 
15 
8280 
855 
86 
8359 
7 
722 
481 
925 
7060 
635 
554 
2 
415 
488 
225 
910 
5589 
4 
39 
7685 
882 
6 
3 
6647 
42 
954 
47 
6833 
430 
9277 
259 
29 
39 
173 
9718 
46 
2 
703 
9776 
49 
264 
650 
3 
4 
6453 
73 
8937 
7 
2 
65 
4 
3 
7866 
6296 
5095 
97 
376 
435 
67 
5 
4 
19 
1 
9 
636 
7 
49 
893 
18 
6880 
289 
57 
2268 
76 
24 
2684 
473 
161 
2 
5 
202 
272 
6911 
2 
7 
85 
2 
1 
33 
89 
675 
24 
1516 
6500 
225 
228 
9 
8048 
423 
8 
2786 
6 
342 
5 
4 
53 
21 
3 
99 
115 
1 
5 
5 
890 
61 
19 
375 
2 
6007 
137 
319 
136 
417 
991 
18 
331 
7 
29 
2 
1599 
1345 
784 
8090 
77 
759 
4392 
370 
72 
7859 
6 
3864 
9446 
90 
6631 
565 
536 
21 
6214 
6 
45 
235 
68 
17 
730 
1491 
43 
9 
55 
5510 
3 
58 
773 
587 
10 
360 
28 
759 
538 
4744 
9556 
340 
8723 
7433 
164 
8039 
9 
32 
8 
94 
54 
6 
457 
3 
180 
41 
76 
88 
48 
8 
2 
53 
4535 
9 
802 
541 
63 
3510 
973 
3849 
91 
5397 
3960 
84 
8216 
6915 
1429 
13 
1772 
3 
7 
73 
1662 
2012 
2 
254 
537 
4403 
4 
7718 
9423 
6 
758 
4977 
4444 
8 
382 
7810 
7 
9 
98 
4 
893 
12 
8 
3911 
39 
9306 
1927 
7527 
5 
8 
743 
604 
8 
4402 
746 
376 
17 
806 
486 
186 
3 
915 
2235 
34 
83 
39 
1056 
70 
9 
2281 
1 
94 
9531 
3143 
299 
498 
1 
3614 
917 
2903 
2618 
4 
918 
4962 
824 
1761 
2532 
45 
2832 
18 
9291 
1 
5957 
240 
568 
7 
43 
79 
30 
90 
8 
8982 
8254 
5 
18 
8 
