11 10 9 8 7 6 5 4 3 2 3 4 5 4 3 2 1 0 1 2 3 4 5 6 5 4 3 2 1 2 
10 9 8 7 6 5 4 3 2 1 2 3 4 5 4 3 2 1 2 3 4 5 6 5 4 3 2 1 0 1 
9 8 7 6 5 4 3 2 1 0 1 2 3 4 5 4 3 2 3 4 5 6 7 6 5 4 3 2 1 2 
10 9 8 7 6 5 4 3 2 1 2 3 4 5 6 5 4 3 4 5 6 7 6 5 6 5 4 3 2 3 
11 10 9 8 7 6 5 4 3 2 3 4 5 6 7 6 5 4 5 6 7 6 5 4 5 6 5 4 3 4 
12 11 10 9 8 7 6 5 4 3 4 5 6 7 8 7 6 5 6 7 6 5 4 3 4 5 6 5 4 5 
13 12 11 10 9 8 7 6 5 4 5 6 7 8 9 8 7 6 7 6 5 4 3 2 3 4 5 6 5 6 
14 13 12 11 10 9 8 7 6 5 6 7 8 9 10 9 8 7 6 5 4 3 2 1 2 3 4 5 6 7 
15 14 13 12 11 10 9 8 7 6 7 8 9 10 9 8 7 6 5 4 3 2 1 0 1 2 3 4 5 6 
16 15 14 13 12 11 10 9 8 7 8 9 10 11 10 9 8 7 6 5 4 3 2 1 2 3 4 5 6 7 
