11 10 11 10 9 8 7 6 7 8 9 10 9 10 11 12 13 14 15 16 16 15 14 13 12 11 10 9 8 7 8 9 10 11 12 11 10 9 8 7 8 9 10 11 12 13 14 15 16 17 18 19 
10 9 10 9 8 7 6 5 6 7 8 9 8 9 10 11 12 13 14 15 15 14 13 12 11 10 9 8 7 6 7 8 9 10 11 10 9 8 7 6 7 8 9 10 11 12 13 14 15 16 17 18 
9 8 9 8 7 6 5 4 5 6 7 8 7 8 9 10 11 12 13 14 14 13 12 11 10 9 8 7 6 5 6 7 8 9 10 9 8 7 6 5 6 7 8 9 10 11 12 13 14 15 16 17 
8 7 8 7 6 5 4 3 4 5 6 7 6 7 8 9 10 11 12 13 13 12 11 10 9 8 7 6 5 4 5 6 7 8 9 8 7 6 5 4 5 6 7 8 9 10 11 12 13 14 15 16 
7 6 7 6 5 4 3 2 3 4 5 6 5 6 7 8 9 10 11 12 12 11 10 9 8 7 6 5 4 3 4 5 6 7 8 7 6 5 4 3 4 5 6 7 8 9 10 11 12 13 14 15 
6 5 6 5 4 3 2 1 2 3 4 5 4 5 6 7 8 9 10 11 11 10 9 8 7 6 5 4 3 2 3 4 5 6 7 6 5 4 3 2 3 4 5 6 7 8 9 10 11 12 13 14 
5 4 5 4 3 2 1 0 1 2 3 4 3 4 5 6 7 8 9 10 10 9 8 7 6 5 4 3 2 1 2 3 4 5 6 5 4 3 2 1 2 3 4 5 6 7 8 9 10 11 12 13 
4 3 4 5 4 3 2 1 2 1 2 3 2 3 4 5 6 7 8 9 9 8 7 6 5 4 3 2 1 0 1 2 3 4 5 4 3 2 1 0 1 2 3 4 5 6 7 8 9 10 11 12 
3 2 3 4 3 2 1 2 1 0 1 2 1 2 3 4 5 6 7 8 9 9 8 7 6 5 4 3 2 1 2 3 4 5 5 4 4 3 2 1 2 3 4 5 6 7 8 9 10 11 12 13 
2 1 2 3 2 1 0 1 2 1 2 1 0 1 2 3 4 5 6 7 8 9 9 8 7 6 5 4 3 2 3 2 3 4 4 3 4 4 3 2 3 4 5 6 7 8 9 10 11 12 13 14 
1 0 1 2 3 2 1 2 3 2 3 2 1 2 3 4 5 6 7 8 9 10 10 9 8 7 6 5 4 3 2 1 2 3 3 2 3 4 4 3 4 5 6 7 8 9 10 11 12 13 14 15 
2 1 2 3 4 3 2 3 4 3 4 3 2 3 4 5 6 7 8 9 10 10 9 8 7 6 5 4 3 2 1 0 1 2 2 1 2 3 4 4 5 6 7 8 9 10 11 12 13 14 15 16 
3 2 3 4 5 4 3 4 5 4 5 4 3 4 5 6 7 8 9 10 11 11 10 9 8 7 6 5 4 3 2 1 2 2 1 0 1 2 3 4 5 6 7 8 9 10 11 12 13 14 15 16 
4 3 4 5 6 5 4 5 6 5 6 5 4 5 6 7 8 9 10 11 12 12 11 10 9 8 7 6 5 4 3 2 2 1 0 1 2 3 4 5 6 7 8 9 10 11 12 13 14 15 16 17 
5 4 5 6 7 6 5 6 7 6 7 6 5 6 7 8 9 10 11 12 13 12 11 10 9 8 7 6 5 4 3 2 1 0 1 2 3 4 5 6 7 8 9 10 11 12 13 14 15 16 17 18 
