0 21 4
0 41 52
0 49 37
1 29 8
2 0 52
2 2 23
2 7 29
2 56 7
2 56 56
3 3 42
3 14 26
3 24 3
4 0 46
4 16 53
4 18 31
4 23 44
5 25 54
5 41 42
6 19 27
6 20 14
6 20 39
6 31 42
6 39 26
7 6 32
7 8 41
7 22 22
8 1 13
8 2 23
8 38 17
8 47 53
8 53 57
9 28 4
9 28 51
9 33 56
9 53 52
10 51 1
11 2 8
11 8 54
11 22 7
11 23 26
11 25 10
11 40 0
12 8 15
12 25 13
12 42 15
12 42 34
12 43 6
13 7 33
13 17 14
13 19 1
13 50 11
13 57 45
14 40 49
14 41 1
14 50 10
14 56 57
15 30 3
15 36 44
15 41 38
16 15 38
16 37 34
16 44 53
16 45 35
16 55 58
16 59 50
17 6 32
17 16 28
17 22 36
17 51 5
18 2 30
18 34 42
18 36 22
18 45 25
19 34 9
19 37 6
19 55 59
19 56 28
20 7 50
20 16 50
20 18 6
20 59 42
21 6 46
21 9 23
21 10 36
21 13 54
21 23 34
21 25 49
21 26 17
21 35 13
21 56 40
22 28 38
22 37 28
22 45 20
23 6 1
23 20 25
23 43 21
23 44 23
23 55 49
