0 0 13
0 13 21
0 32 6
1 8 40
1 28 39
1 34 5
2 9 9
2 16 51
2 21 53
2 35 32
2 36 35
3 8 57
3 47 1
4 2 5
4 6 1
4 10 5
4 38 35
5 9 52
5 21 3
5 23 14
5 26 10
6 31 34
7 3 13
7 24 57
7 28 38
8 12 53
8 20 52
8 46 17
8 47 50
9 9 58
9 22 17
9 25 59
9 31 19
9 45 42
9 45 44
9 46 59
10 20 37
10 30 41
11 9 22
11 25 17
11 27 44
11 46 49
12 7 58
12 11 13
12 25 56
12 48 40
13 6 54
13 6 56
13 25 0
13 33 48
13 42 29
13 53 0
13 57 33
14 1 5
14 15 49
14 25 31
15 3 31
15 3 55
15 4 32
15 32 9
15 37 13
16 33 46
16 39 0
17 0 9
17 27 32
18 7 46
18 41 8
18 52 42
18 56 27
19 41 0
19 44 24
20 1 4
20 12 30
20 30 59
20 31 53
20 37 23
20 47 42
20 51 42
20 59 48
21 32 8
21 34 11
21 53 16
22 2 45
22 38 11
23 7 30
23 32 0
23 51 53
