0 11 31
0 51 50
1 22 0
1 52 22
2 0 16
2 15 53
2 37 18
2 40 2
3 15 28
3 53 53
4 43 14
5 29 39
5 33 9
5 57 23
6 11 59
6 24 40
6 34 43
6 37 32
6 47 32
7 23 5
7 35 32
7 53 10
8 17 55
9 7 5
9 13 14
9 34 51
10 25 47
11 3 4
12 17 36
12 18 17
12 18 19
13 0 52
13 1 40
13 13 31
13 23 55
13 27 47
14 38 57
15 58 43
16 7 25
16 33 20
16 33 22
17 14 24
18 5 41
18 8 52
18 19 37
18 41 9
19 5 40
20 10 44
20 16 7
20 16 15
20 46 56
21 2 23
21 24 53
21 25 9
21 25 38
21 28 24
21 34 38
21 48 5
23 15 0
23 30 57
23 48 8
