0 1 34
0 2 47
0 8 20
0 27 33
0 31 26
1 4 4
1 7 44
1 8 16
1 35 50
2 29 0
3 14 33
3 27 44
3 42 3
3 42 24
3 48 34
3 59 39
4 11 19
4 45 18
4 56 51
5 0 40
5 1 1
5 31 19
5 49 50
7 19 45
7 31 39
8 1 15
8 10 10
8 40 50
9 34 3
9 48 0
9 49 25
10 6 9
10 10 11
10 19 28
10 22 51
10 23 57
10 40 25
10 44 6
10 53 0
12 13 14
12 53 45
12 55 59
13 10 29
13 23 12
13 24 41
13 40 40
13 49 24
13 57 28
14 12 48
15 10 28
16 14 4
17 24 16
18 12 9
18 42 6
19 22 46
19 27 17
19 54 21
20 2 3
20 31 46
20 32 7
20 48 45
21 0 32
21 7 3
21 16 25
21 36 47
21 41 2
22 28 56
22 40 59
22 45 13
22 45 41
23 53 58
