0 0 4
0 32 36
0 43 23
0 44 37
1 1 39
1 2 5
1 23 5
1 23 25
1 36 26
1 39 21
1 55 5
2 31 19
2 32 49
3 4 7
3 5 20
3 19 51
3 21 53
4 13 55
4 33 25
4 44 10
4 44 13
4 59 13
5 30 20
5 31 17
6 13 55
6 22 29
6 30 22
6 45 1
6 55 23
7 8 28
7 17 43
7 25 18
7 31 11
7 33 49
7 39 56
7 48 46
8 4 2
8 13 10
8 29 13
9 13 58
9 23 27
9 24 31
9 29 15
9 39 37
10 17 39
11 9 25
11 16 40
11 48 53
12 22 32
13 3 26
13 10 8
13 36 53
13 56 22
14 3 41
14 6 55
14 8 34
14 9 55
14 10 6
14 22 45
14 23 10
15 39 43
15 48 5
15 52 36
16 44 55
17 7 55
17 48 41
18 22 37
18 37 36
19 7 30
19 9 25
19 37 36
19 49 43
20 37 5
20 41 14
20 48 8
20 54 35
20 58 43
21 7 8
21 36 37
21 43 45
22 2 31
22 4 51
22 10 43
22 16 36
22 28 5
22 33 8
22 34 19
22 55 37
23 10 19
23 14 19
23 22 54
23 24 40
23 25 15
23 41 43
23 44 56
23 45 49
23 49 50
