0 26 0
0 28 26
0 39 41
1 21 43
2 6 41
2 18 58
3 16 2
3 33 51
3 38 53
4 8 34
4 12 18
4 21 10
4 33 4
5 30 45
5 32 40
5 47 57
5 55 36
6 17 57
6 36 28
6 44 22
7 15 7
7 28 58
7 47 8
8 32 49
8 36 11
8 43 58
8 50 4
9 3 47
9 5 36
10 0 58
10 19 25
10 37 1
10 51 13
10 54 33
11 27 24
12 11 50
12 14 47
12 33 48
12 48 34
12 52 17
12 59 35
13 10 12
13 32 6
13 41 41
13 43 48
13 57 35
13 59 50
14 18 21
15 5 2
16 48 29
17 14 36
17 16 43
17 32 29
18 11 43
18 18 28
18 26 20
18 27 23
18 34 16
18 48 44
19 21 52
19 24 23
19 52 46
20 30 30
20 34 4
20 41 17
21 13 42
21 30 50
21 40 46
21 47 34
21 57 34
22 22 21
23 46 19
