0 49 20
1 14 34
1 47 33
1 50 28
2 1 3
2 14 12
2 14 19
2 18 0
2 22 53
2 23 35
3 1 19
3 19 28
3 20 39
3 22 26
3 35 6
3 36 50
3 40 27
3 48 8
3 52 32
4 13 57
4 23 17
4 45 40
5 19 29
5 39 26
6 20 45
7 10 39
8 9 46
8 11 1
8 23 51
9 13 48
9 40 27
10 3 45
10 28 52
10 48 25
11 6 19
11 6 22
11 32 58
12 0 16
12 2 52
12 8 21
12 11 3
12 19 41
12 37 9
12 55 44
13 43 26
13 49 12
14 21 2
14 23 32
14 47 13
15 49 45
16 6 40
16 7 12
16 16 24
16 16 42
16 20 13
16 23 45
17 8 19
17 8 36
17 20 18
17 30 8
17 37 28
17 38 5
17 44 43
17 51 41
18 18 54
18 32 59
18 43 17
18 52 13
18 56 58
19 1 17
19 3 40
19 32 26
19 41 27
20 9 5
20 42 4
21 14 17
21 25 32
21 53 55
21 58 7
22 27 13
22 29 39
22 32 42
22 37 48
22 48 54
23 18 47
23 36 36
23 55 43
