0 2 38
0 10 7
0 42 53
1 13 58
1 23 18
1 44 30
2 22 16
3 16 28
4 1 19
4 6 33
4 16 15
4 33 40
5 11 41
5 17 56
7 2 11
7 19 40
7 27 12
8 54 53
9 1 20
9 42 39
9 47 49
10 17 2
10 18 29
10 25 13
10 33 14
10 37 31
11 12 58
11 19 23
11 23 44
11 34 43
12 11 2
12 38 28
12 44 59
13 34 56
13 49 53
13 56 28
14 32 40
14 37 22
14 37 36
15 0 38
15 26 0
15 52 34
15 53 24
16 30 2
16 31 49
16 44 28
16 49 6
17 23 44
17 40 4
18 2 38
18 32 54
18 52 15
18 57 16
20 2 48
20 3 57
20 27 43
20 36 13
22 11 4
22 29 29
22 56 0
23 10 3
