0 0 52
0 6 45
0 29 16
0 35 21
0 41 25
1 2 17
1 8 19
2 20 41
2 27 7
2 41 3
2 42 9
2 47 14
3 20 28
3 26 12
3 59 33
4 9 24
4 29 26
4 45 10
4 57 23
5 9 33
5 44 34
5 53 33
5 56 26
6 8 53
6 10 4
6 19 24
6 28 26
6 54 4
6 55 46
7 8 18
7 28 57
7 54 41
8 11 28
8 24 19
8 39 54
8 50 55
8 53 10
9 24 5
9 43 1
10 8 34
10 8 54
10 10 27
10 22 47
10 29 35
10 41 5
10 51 24
11 28 49
11 50 22
11 53 14
11 58 30
12 34 48
12 37 41
12 38 50
13 38 29
13 53 3
14 48 13
14 57 27
16 3 35
16 35 7
16 37 32
17 22 12
18 0 30
18 0 37
18 2 39
18 9 48
18 27 24
18 28 17
20 18 46
20 19 21
20 28 14
20 34 59
20 39 57
21 5 55
21 16 7
21 27 23
21 44 37
21 51 18
22 55 59
23 1 9
23 1 22
23 3 56
23 5 23
23 9 3
23 35 46
23 43 30
23 47 54
23 51 30
