0 4 6
1 2 4
1 25 30
1 40 56
2 14 39
2 20 14
2 24 3
2 30 49
2 33 24
2 48 5
3 9 40
3 12 13
3 20 53
3 42 53
3 48 35
4 47 7
4 57 57
5 59 22
6 19 40
6 28 36
6 52 26
6 58 45
8 13 8
8 22 55
8 35 16
8 39 25
9 41 4
10 4 42
10 25 37
10 26 45
10 27 31
10 32 12
10 37 3
11 15 17
11 37 31
11 50 9
11 55 11
11 56 36
12 2 23
12 16 40
12 49 21
12 53 46
13 3 19
13 40 38
15 31 4
15 48 27
17 20 34
17 42 26
18 0 6
18 23 51
18 59 3
19 52 11
20 5 53
20 9 41
20 23 0
20 35 34
20 50 6
21 45 54
22 4 38
22 18 37
22 19 58
22 53 24
22 57 41
23 4 34
23 18 33
