0 33 54
0 48 7
1 4 59
1 19 20
1 25 41
1 52 27
2 31 12
3 13 32
3 19 47
4 1 28
4 8 32
4 23 56
4 42 34
4 55 47
5 8 5
5 16 49
5 17 43
5 26 48
6 52 22
7 7 6
7 29 51
8 29 49
8 33 38
8 40 55
8 44 57
9 6 8
9 34 50
9 44 30
10 1 27
10 8 16
10 17 45
10 37 33
10 58 30
11 48 25
12 16 38
12 55 58
12 56 59
12 59 56
13 4 55
13 14 24
13 41 57
13 54 56
14 16 42
15 20 58
15 21 25
15 24 57
15 35 0
15 51 30
16 8 21
16 59 15
18 16 14
18 57 28
18 58 50
19 4 26
19 18 43
19 36 4
20 21 40
20 29 16
21 49 17
22 24 7
22 41 8
22 52 12
23 2 37
23 39 1
