0 31 32
0 34 44
0 55 48
1 22 24
1 26 16
1 27 49
1 30 32
2 2 36
2 43 36
3 28 47
3 30 8
3 32 39
3 33 14
4 13 16
4 33 56
4 34 58
4 39 42
5 24 33
5 32 7
6 10 48
6 18 6
6 39 26
7 6 22
7 42 33
8 2 9
8 29 33
8 46 55
8 57 12
8 59 19
9 5 22
9 8 12
9 22 1
9 24 10
9 59 53
10 16 9
10 22 33
10 23 20
10 32 54
10 35 22
10 51 59
11 12 23
11 35 0
11 39 49
11 55 35
12 9 4
12 15 5
12 33 24
12 41 2
12 48 54
12 59 30
13 1 6
13 41 23
13 54 17
14 14 2
14 26 23
14 29 30
14 55 3
15 27 16
15 29 33
15 44 26
16 3 50
16 7 42
16 24 55
16 26 54
16 39 2
17 6 7
17 36 55
17 41 29
17 42 33
18 26 18
18 42 30
18 58 3
19 51 54
20 34 52
20 42 0
21 5 4
21 22 21
21 42 35
21 53 8
22 3 25
22 6 36
22 9 24
22 31 17
23 42 27
23 47 48
