0 9 42
0 13 53
0 18 54
0 35 48
0 36 21
1 3 6
1 3 11
1 6 48
1 30 25
1 32 40
1 42 19
1 53 55
1 55 50
2 52 33
3 9 24
4 0 22
4 9 16
4 26 41
4 34 29
5 51 3
6 9 17
6 9 36
6 17 42
6 21 50
6 22 34
6 51 55
7 4 47
7 18 39
7 23 32
7 51 45
8 21 37
8 37 30
9 12 48
9 21 4
9 32 35
10 8 0
10 13 11
10 30 27
10 44 41
10 57 11
11 4 22
11 4 51
11 7 53
11 17 46
11 20 49
11 24 6
11 41 22
11 59 14
12 19 26
12 25 2
12 38 48
12 45 34
14 6 37
14 26 44
15 9 13
15 12 48
15 57 29
16 6 40
16 13 34
16 32 5
16 33 52
16 44 29
16 49 34
16 50 45
16 54 19
16 55 16
16 59 37
17 8 13
17 33 43
17 44 4
18 1 21
18 1 36
18 10 55
18 27 12
18 39 33
18 58 29
19 8 5
19 48 22
20 1 14
20 36 15
21 1 15
21 11 46
21 20 21
21 40 6
21 41 1
21 42 26
21 59 43
22 6 12
22 21 7
22 30 39
22 32 19
23 6 59
23 9 2
23 9 2
23 16 23
23 18 3
23 46 42
