0 5 26
0 18 55
0 22 28
0 41 43
0 56 24
1 2 49
1 14 46
1 27 3
1 31 28
1 39 22
2 24 4
2 38 1
2 39 22
2 58 26
3 28 33
3 29 35
4 2 54
4 11 43
4 46 29
5 8 4
5 50 12
6 59 25
7 4 14
7 25 24
7 43 18
7 56 3
8 43 2
9 0 40
9 10 55
10 6 15
10 57 10
11 21 46
11 32 11
11 37 47
11 41 10
12 50 23
12 51 17
13 5 57
13 42 20
14 7 55
14 17 10
14 29 23
14 32 37
15 19 14
17 14 4
17 31 20
17 57 22
18 5 56
18 9 34
18 14 58
18 15 5
18 21 57
18 25 59
18 33 57
18 46 42
18 51 53
19 3 48
19 9 9
19 41 28
19 46 51
19 57 2
21 52 46
22 8 1
22 34 20
22 50 49
23 32 50
23 34 26
23 40 41
23 55 48
23 55 57
