0 20 47
0 24 30
1 0 25
1 17 31
1 21 50
1 36 58
1 47 35
2 2 52
2 3 59
2 40 2
2 40 20
3 2 3
3 4 39
3 16 40
3 30 18
4 11 23
4 24 37
5 11 0
5 16 28
5 56 21
6 20 37
6 37 43
7 36 51
8 3 53
8 22 20
8 42 25
9 1 16
9 49 36
9 55 53
10 1 40
10 20 43
10 56 26
10 57 6
11 1 22
11 47 59
13 2 58
13 21 13
13 41 15
13 46 19
14 25 39
15 11 53
15 43 25
15 44 46
16 18 38
16 53 34
17 40 33
17 42 6
17 56 1
18 18 2
18 44 47
18 48 15
18 50 29
19 3 5
19 6 39
19 30 30
19 34 51
19 51 39
19 52 42
20 30 40
21 19 45
21 31 27
21 47 21
22 1 34
22 4 1
23 23 21
