0 11 6
0 20 53
0 36 17
0 48 33
1 27 13
1 28 55
1 31 30
1 38 16
1 57 47
1 59 23
2 24 16
2 39 51
2 48 15
2 56 19
3 19 39
4 22 54
4 44 16
4 57 2
5 1 58
5 34 52
6 43 20
7 35 6
7 36 48
7 53 28
8 14 2
8 18 28
8 21 25
8 35 42
9 4 58
9 29 31
9 34 8
9 39 16
9 43 39
9 58 30
10 17 50
10 22 39
10 25 58
10 28 21
10 38 45
11 3 10
11 8 27
11 10 19
11 10 38
11 24 30
11 26 8
11 46 44
11 58 12
12 13 11
12 52 40
12 52 43
13 22 22
13 31 55
13 46 11
13 54 40
14 18 14
14 47 13
15 0 37
15 49 11
16 46 18
16 51 49
17 59 21
18 54 40
19 5 25
19 7 41
19 27 32
19 51 9
19 52 5
20 10 21
20 25 0
20 25 30
20 26 15
20 51 43
21 41 4
21 43 24
21 48 38
21 49 35
22 14 23
22 16 47
23 12 9
23 28 9
23 33 27
