0 26 12
0 44 0
1 2 29
1 10 48
2 32 35
3 19 30
3 54 36
4 13 9
4 46 56
4 55 34
5 53 46
6 55 52
7 26 35
7 32 19
8 22 33
8 40 55
8 59 54
9 10 26
9 13 18
9 23 3
10 18 32
10 43 23
11 6 15
11 39 56
12 0 3
12 22 37
12 24 42
12 39 47
12 56 4
12 57 57
12 58 49
13 6 34
13 9 50
13 16 35
13 26 3
13 39 6
13 45 12
13 46 48
14 14 21
14 49 35
14 57 26
15 10 45
15 15 54
15 44 52
15 56 41
16 10 25
16 54 48
17 25 55
17 43 42
17 57 19
18 54 49
19 4 15
19 29 39
19 33 20
20 7 58
21 4 2
21 19 32
21 23 37
22 4 2
22 4 5
23 3 17
23 8 4
