20
8500
16170
46102
54434
55450
18616
57682
39431
47765
6011
64524
61878
50577
64993
34276
20988
43621
26364
333
44435
62478
27836
44018
21418
4825
44965
57697
55434
5248
54886
6885
32002
24775
43705
60641
22811
47578
59656
40793
14036
18485
10385
61792
62807
36254
23968
24247
52056
33752
64524
61427
50236
12483
44537
24293
23640
30127
2231
6839
5309
1015
58631
29799
20759
35706
15142
7018
62020
47095
28784
30029
27703
31725
48416
47636
18103
46212
1578
48546
25557
19975
7798
51355
26541
16672
40483
2421
3252
13029
35742
23439
23645
34977
32764
36749
5170
12272
11595
22682
38689
29016
20443
34489
20311
38757
30845
22650
20116
14078
15333
56608
38030
21865
43433
53232
23298
56661
13127
22540
10330
780
16125
37504
44864
31111
11555
60957
45719
53774
33946
38913
23587
14059
32596
35853
54630
20309
15684
8758
7838
16682
18762
2944
16405
55949
18443
9000
34596
29768
58439
36370
22838
5084
26270
374
45028
56599
30288
10723
33282
61467
2842
40817
31623
3643
31718
53378
56322
51561
13208
49211
26900
14058
31407
42141
43005
5709
24607
44430
63664
9016
45901
33206
11633
2099
36338
14712
41837
61828
60265
59425
14127
63557
18692
2330
21846
44891
17801
13900
8939
42147
50957
13589
34574
44442
8826
8869
30540
11577
8471
14122
57871
48128
8514
39922
5463
62433
33751
9512
29635
10385
8802
60521
59909
20207
36677
16214
27447
35631
24354
11831
18922
61152
43737
52799
29774
29275
37594
2872
47113
15942
31343
21503
38730
51534
12794
55972
25963
26150
23199
97
44406
9061
44230
2544
7678
18528
61738
34061
25757
49392
53400
49164
55604
12115
53622
14077
53052
33200
10300
63974
56217
23143
9301
28827
36890
34364
28771
53387
22664
22765
26636
23115
33773
47851
10897
9107
44870
12589
18584
61290
3247
10406
10477
35468
16209
23030
29949
25986
56604
4062
15550
42077
46736
34474
38186
52179
27144
57453
59993
41773
2984
16248
18284
6546
52000
64953
14167
13901
59316
18408
11691
27148
20529
18611
29640
47891
50851
56343
4320
43420
34264
32910
12965
52161
32945
48181
3606
31469
58424
32339
13521
3320
32231
20
54628
29694
64993
11768
30417
20695
29234
48959
298
44711
17357
24644
18459
6159
42535
38951
25606
42597
21508
28998
28181
19283
54507
59464
35933
25437
58804
46261
24934
22791
38607
61958
14420
63194
15297
47898
37043
38335
23235
49168
58411
20883
7623
24847
48021
62575
62157
57207
29941
21067
30451
44780
22851
3579
46479
60476
55305
16652
30496
37164
3326
27530
8201
59390
53679
34008
17100
21152
12454
15748
5321
25915
49801
46395
14362
61268
27926
17023
43501
31916
35725
62704
49851
15914
24642
5265
34306
40322
31628
41508
49857
53695
21305
47458
49996
9097
20686
20427
31227
52540
1077
36936
29881
48031
18005
5808
4749
26652
31292
31963
43245
43336
13624
12715
45104
21264
62237
29632
3827
50061
49571
60230
7379
60203
54997
20075
5863
22314
40991
57069
60147
16274
48352
60981
46699
51302
56326
32509
20098
54453
34751
47432
45957
6178
16569
62631
23248
22893
35337
22051
31267
7705
48569
21870
62700
1741
49041
50457
35564
44729
62407
4881
17967
59771
5736
52042
30947
33467
47832
53715
45866
63824
48451
41048
29093
59608
49758
35314
32964
61069
39655
62970
23245
23220
17823
59309
59595
64066
46595
21261
31754
51483
50016
6137
55438
18651
50702
44357
48189
54218
55358
50469
11649
19625
51057
28005
28003
47241
5653
34951
34568
59264
41922
42916
41769
8524
61300
34254
45982
23638
59330
47721
9975
47170
51161
29441
39947
1736
36738
12241
59377
40200
61501
57645
51184
62414
54748
61076
5925
37150
53984
57061
30022
19152
9884
52494
44240
2489
7733
57242
13917
27618
2432
22647
43662
838
456
64723
10527
1051
13348
90
50859
45009
33629
33943
47350
53457
40220
35612
48990
61857
56743
53487
62925
20610
42303
57387
13447
40938
60619
32638
29599
8872
19607
6431
4141
40986
44776
58244
47846
21827
31051
57374
34367
54199
53870
56892
22164
29721
21683
14542
41218
53341
23191
62404
23520
26718
43955
28356
22569
26650
18221
48635
38366
10969
28071
32041
15627
568
23264
42589
14217
17495
11382
43644
47028
50273
59122
62848
6786
8876
46863
33373
54519
38030
44852
13313
38687
13760
50634
6241
40180
54356
53570
52253
59699
58181
43559
40022
226
1991
52328
6674
8592
19690
6892
18528
21360
12688
36047
41996
41515
54295
2003
35191
23696
6808
35518
52042
16948
36223
34148
36958
60240
20739
64459
44341
57216
25483
50321
8499
2935
2115
5641
25744
41563
8249
6147
46733
45268
47854
21072
38350
45792
15055
1860
660
6440
45012
56245
20751
38468
31796
32322
41503
37102
14437
63450
14577
3679
28552
1123
18175
61642
52252
34144
1369
35363
41216
63730
3043
37050
64137
35391
19751
13197
45936
64708
13019
53335
7430
55356
42923
30049
16373
18994
10950
15508
56039
47868
6465
10989
33771
12245
57330
12124
38168
46041
51449
18867
59834
40237
27321
5395
31852
19962
7867
11453
22420
47335
63090
12855
38305
63438
3374
25136
19050
34020
6450
593
33090
64804
52340
5187
53223
38485
21822
8052
5083
31802
55212
62589
18550
57282
4508
49382
48268
30510
13197
52421
60693
35046
49271
51362
51334
63344
3246
33813
17125
53272
29234
22881
25085
16117
43363
51457
14696
3154
40090
984
27669
64164
43215
18684
15016
42493
19622
33481
12611
42525
35065
27104
62645
16662
37536
3112
54664
55193
35007
42806
1101
53636
20609
8286
43474
48429
54522
29121
21681
58081
18148
370
15051
38129
2342
40948
30085
54516
32761
42551
16054
16262
61627
30646
40867
14518
1440
20251
20898
56371
47458
15481
39684
13013
56961
38115
31661
33129
19637
21643
28371
63610
29589
8552
35807
60963
5804
64817
57815
23009
9099
56843
16728
26744
4862
37331
53655
19466
17116
52814
17091
36527
10723
21845
19782
40323
24756
24063
60000
21370
56352
56627
34663
43600
55584
20759
57969
62201
18142
2369
40465
8649
48891
17000
34715
3756
25582
30582
10007
55872
3274
43728
9751
47578
46257
43545
36507
50497
10534
33217
800
49073
11143
40819
21157
55425
49882
25115
14023
53641
25224
2321
63499
8127
62467
19053
22051
56853
13425
2967
59625
51619
46202
58810
59839
28704
36844
38870
3173
24487
40916
28055
48325
6924
44310
20104
14156
59975
3812
2632
60905
64347
34248
60031
30584
19150
30237
54424
57724
20351
41856
21190
7913
33107
9767
26769
62770
1353
16593
7746
41299
9255
17602
61445
3788
30372
44985
49508
20666
51659
11279
57213
60007
10649
8739
17498
53588
40440
2689
9928
22676
38335
43170
31098
30979
60247
55413
64202
8410
4238
40943
56745
25606
52783
42368
16645
55358
44635
21125
63198
28397
58396
8766
25652
32174
21143
63548
18362
62584
6736
35388
57767
54802
44654
3489
52678
25635
31471
57163
20599
46082
28337
56663
9075
39017
9066
27068
62304
63158
24695
34517
4482
5762
11624
35336
62633
27701
46689
9857
52903
848
48791
58979
5538
28950
22924
27765
50059
64393
8724
56619
63339
29559
16895
31845
54588
47660
58117
18636
2463
14261
60301
5777
20807
31875
6297
37629
55732
61340
55416
5175
23041
19860
38375
9183
11224
11920
6524
14775
61508
5472
22465
2958
27694
37067
60420
20915
34774
30866
55962
4083
56552
22694
30965
39345
8763
36556
40882
64862
15414
47293
32715
33340
2338
24300
43273
21801
63203
2469
13603
47126
4435
12792
6672
12940
1823
46287
6688
34622
27765
46168
54644
40497
14393
4440
60966
33494
4079
60326
17365
8831
10035
59219
46244
34517
40997
62054
2285
42711
45239
61301
47070
1254
389
35975
58837
45898
1779
64352
45740
40048
23333
34303
42221
60047
16196
2431
64351
5323
51625
59411
1245
58913
35843
5226
50927
35199
35859
64211
50228
22869
61491
51080
29605
2421
50060
5349
49967
33747
36504
62848
59882
25598
52891
14211
7768
64978
32565
56556
4928
25757
10412
35738
26537
52058
16974
17877
18953
18208
55408
40062
62933
48310
46507
26417
63650
34718
33280
26944
14586
10977
42831
42814
13688
1010
59493
18034
6375
62614
59492
8653
26274
24554
8590
36939
30774
57797
458
64188
4778
52694
14768
12100
47249
15146
25223
38879
41414
6066
34021
57491
20732
49659
15483
34744
18993
62346
27833
26119
29147
356
53362
22517
61731
50296
53451
26348
50000
53240
26213
10629
15121
34134
704
16025
11038
19569
47970
6988
34872
8211
15393
34427
39961
64440
7074
33582
9902
1999
49247
32015
3204
25683
60948
63894
29406
10394
31429
13002
23780
53073
62048
13121
8970
9336
11620
35736
28179
32848
60468
41214
35763
56729
14651
5891
12342
7547
63109
63729
2785
23688
61708
42474
51684
31155
24415
30484
27172
61089
33096
51643
55190
44561
3664
62041
27575
46432
22562
3338
43567
31328
33825
53986
20594
26024
13187
725
41461
63783
26984
49034
31274
27463
44834
12451
38738
44407
41319
11939
7667
22447
28166
47713
20825
52547
64650
47215
64455
39886
50217
59137
3111
61436
29544
19682
15636
39326
1535
28475
4420
531
59985
7805
16271
64699
19881
40106
24535
33153
39607
29864
38296
28366
60493
17360
25793
9453
61490
17927
392
35487
22912
31644
48737
44675
4515
39634
31926
13698
44371
14388
6835
12751
56287
52798
25942
13101
49747
41800
5258
35187
37614
37820
41228
6568
53073
22434
13720
15277
63554
52911
58436
35354
40615
22572
63387
37627
6022
17127
266
50025
20510
59417
57840
7981
32959
1225
15718
31702
43969
12097
43105
28377
14069
51318
53400
3607
3040
40487
26746
12598
3105
354
23900
62934
49933
16837
61017
36949
41735
47402
31225
43026
12907
50215
5083
61338
64959
24751
23296
40861
18727
23766
6293
60673
38088
17823
31511
54861
46672
29777
10527
46571
296
62898
24364
33002
39115
12559
56601
44382
14720
27649
25137
6243
48659
49142
54727
25517
25134
64493
38640
47269
31838
32778
24050
55102
9182
11754
47029
54540
4385
59262
9236
4930
38171
17637
9675
11660
38052
21060
1125
1739
48429
47013
62100
7049
34003
34257
56452
50790
39224
26022
3976
13941
52764
8307
31623
4768
47249
39482
26186
15681
30736
48605
35558
7987
27665
61118
11943
21339
53273
1867
41594
50916
31708
61592
11981
36646
14317
29325
23454
9
30859
39361
8801
55224
27604
62730
30275
37855
37580
39332
9979
5147
29424
28171
5698
18632
2602
29341
15544
40800
2949
57708
1028
13884
8791
24438
54409
10061
44120
38813
2443
33603
46559
3988
29872
46790
9100
61627
22281
27623
20854
11581
24173
13631
43288
9029
64374
37332
54699
47760
22123
5128
41892
44514
28461
42693
49305
15554
28782
26151
57070
47891
8646
24578
60735
43832
61215
15641
26634
13783
10934
47412
63143
18461
14297
20655
59306
47951
64820
37135
8561
11282
50585
739
41553
26422
13943
34472
53266
46899
19261
42602
60968
22432
25804
13520
40689
52277
49122
10105
21227
6184
544
45638
60908
54154
40644
59567
8599
52413
23787
28664
6686
39266
7107
5378
45025
15770
43543
21427
11081
62382
29774
5926
7753
39014
6176
13593
11613
17159
22149
34842
40543
9019
61434
40799
1003
44799
18277
22545
26428
40591
56539
60122
54461
20525
10125
18115
7041
38098
9340
40843
3547
2868
49014
46465
53506
24916
535
10538
56590
20768
26117
50835
43885
5683
4944
56467
25670
43485
42020
50593
62193
11368
51857
22289
20165
3325
347
59350
53976
2151
64433
5082
6854
1172
50440
23388
38450
18120
28169
27674
56593
44846
59115
40400
32197
57770
33430
56294
42543
35257
61466
13546
9436
9327
62039
38526
24965
385
741
40811
28844
24878
37935
26585
22580
57065
57277
44692
6946
37313
11883
60901
15487
35588
6497
7178
48065
45080
25262
9009
49646
2109
10972
30064
30841
59757
42897
9767
52922
53878
51545
25555
11300
41428
19974
27871
12695
37271
12514
12203
12496
16883
37998
13692
60026
33644
30880
41140
45714
55615
54826
18421
5394
52993
4661
12637
38230
38647
48759
4529
15986
40428
15260
32965
57639
156
36696
1538
29559
464
38907
11574
52745
1923
31349
22104
49856
44115
52150
58583
21010
60581
2526
63417
23593
33810
11420
57584
17567
62691
37469
63905
13997
61115
31654
38754
5799
57619
50260
10259
20923
2275
48978
52288
4477
18228
15288
64767
32513
36557
7457
62134
11459
44387
9779
62959
48438
47416
49906
55049
28956
34287
385
6565
9687
51470
62760
39962
60356
58576
23841
56789
24928
30285
5014
2654
13616
7296
46682
27893
48423
9977
46217
10747
31209
4643
24018
6091
49517
63621
58536
14007
11642
31535
27383
13759
23678
41478
22876
54957
12528
55992
51632
18959
40106
4031
49067
44811
40227
21329
20913
30269
903
57837
10112
14705
6048
17165
58693
16932
21807
49186
25497
62260
44011
48236
46853
44315
4482
25576
38567
58437
20172
51031
33838
39679
25381
35001
47955
24724
53517
28232
61879
33263
46163
43052
18087
10619
33405
40971
63268
29683
50676
32827
53740
56438
18589
58899
20701
29639
23502
27655
58662
46426
22789
58065
1683
6935
30065
36636
48263
37188
31831
41612
1996
35818
8299
52989
11358
21428
57348
48282
53224
48618
51882
40212
35981
37000
32043
18731
9349
3713
15032
36061
49258
36277
1518
39665
52405
8795
63862
49333
16339
35825
27658
55781
32191
9458
29301
9468
13401
26397
63588
24522
45056
18094
31576
28962
44703
33232
60181
58646
41735
38100
36257
3589
58715
1671
44138
36608
24257
8401
31868
45437
33300
28087
37625
45752
51911
28284
49049
58764
64961
26124
14475
33318
56276
17543
21296
18653
7154
63248
22950
30258
50311
46941
7252
42490
22661
2616
20070
37871
16509
38977
59567
59252
35025
10251
2500
32242
59117
8975
313
51603
29047
42530
44000
21501
40412
1476
12974
25811
30347
3992
44440
25888
1046
46952
35983
34468
23988
55452
35377
45638
64446
8821
37835
57030
7161
32424
2193
16673
20284
35787
3755
63166
45934
53867
2794
14104
17006
59483
23930
63918
11061
46235
62879
53556
23424
27431
28305
20680
32853
2842
42759
10293
9368
26313
12939
1980
50121
3541
60752
46166
405
35557
42926
3085
13165
59715
43131
49364
6617
26231
31877
13407
25841
44575
25638
36988
20446
15252
12966
6734
36681
33781
36560
25425
18592
9909
56535
49262
54081
16366
16370
18549
32987
37698
29267
5447
40544
15981
33923
48722
30819
1465
39916
11667
5998
37439
19227
10611
58626
9867
11603
27695
40161
33589
52763
2825
450
13143
5672
25990
23985
22490
41375
7352
55054
44201
62113
38791
60145
29900
15724
11819
47201
25008
11542
63035
62607
52083
9298
54557
42996
48306
38745
18077
248
38917
38991
62487
59289
29628
47788
16230
14541
27331
57241
1807
37145
29636
38687
36111
21304
35038
5728
16502
14369
11764
637
38808
31511
39590
35643
34661
42102
10180
36810
6851
21163
42743
49510
12609
40473
58056
5712
36002
225
25138
59578
36850
48314
6151
44102
24850
20626
51285
62769
23820
21944
11711
21475
2229
58316
4871
17193
57459
28008
7674
6108
52438
29391
59373
50224
64593
50379
37193
52663
33279
5276
63986
53141
63120
61131
23472
26364
61910
41980
54862
27324
8025
30563
14908
48723
13500
13396
6667
12022
15193
6290
60554
4838
47714
33684
59441
48680
53040
1404
40889
62252
17988
38701
50778
51822
11959
16683
38902
56367
38640
21499
43317
41508
21573
1877
16490
17435
64773
11889
27545
22344
40806
16043
31162
19093
45007
60061
34909
29063
20760
1956
18067
63479
62008
29269
11247
13655
55413
19571
47325
2899
5847
42585
35527
29078
123
28554
16672
18057
15154
23699
38901
59514
52944
64876
14421
27852
61098
21803
64067
17200
23761
31461
52732
45737
39171
20520
24952
35815
21230
12911
16200
52635
43788
10902
6695
20431
22536
9279
20746
36426
45702
3496
958
14025
15959
63913
12828
2988
12223
44460
51535
15560
1258
5361
38965
23806
15262
40754
30281
29618
42862
38337
15566
60143
2175
44384
18355
22606
50877
38750
39083
18770
9428
20716
57770
45515
4903
22796
1463
39263
39070
10847
53258
3250
35666
35113
5925
37860
53021
38041
19451
45519
39463
40997
23040
2880
20173
18226
23367
19280
60413
17681
22131
1706
16299
64559
17215
62758
10531
49679
57980
29331
51779
16042
16512
1020
27605
38188
52849
23463
17139
10213
38505
13115
40891
64554
53816
46196
6398
19893
60919
35774
39617
42804
55418
47244
43231
43993
1003
48672
4305
26236
37614
53735
54944
42392
39899
6259
20898
63076
24055
6567
29261
4872
57318
1143
57707
56188
30666
23329
28922
24111
61530
9046
55162
16864
34547
47783
64098
47748
54671
60315
3385
62654
28176
55911
17614
24508
48351
57997
7570
29279
28935
38519
12985
54381
34587
22481
16174
61596
43943
20409
55268
22875
42044
47699
56925
38622
55202
51112
49723
19325
17582
33884
5638
42635
25056
37182
3287
44267
53126
41905
57851
52318
51961
1052
18862
45871
47844
34148
18261
29986
26575
51456
17413
25444
40634
41971
7987
12857
23144
412
32884
16985
42929
44718
54633
13397
61222
56765
39918
5810
21812
15294
60172
53728
17685
61293
29396
46240
33444
2301
16637
9086
14068
58382
6788
58345
51802
53746
14631
40360
44212
59255
43312
18758
12734
47298
44640
55677
12221
36765
54913
25547
8325
12116
46168
21058
50734
21759
24045
42148
46572
32242
9676
15138
14510
40988
14275
35368
26376
56546
1345
27941
34324
26601
42691
52440
57845
5241
45636
23722
51177
22181
5132
42151
22907
42965
60678
7876
20814
35356
44220
5024
1242
43410
41455
32900
8562
56967
60210
17569
1516
532
35818
13423
44475
51804
54658
590
37940
21310
43298
299
63792
50899
6888
11561
32131
30072
31743
3763
62710
20382
63283
21061
60294
29387
6752
15644
14467
26901
64384
18270
35705
7511
3942
35646
739
49607
34804
55534
61523
12406
4008
36689
38348
23698
10947
36982
23896
2313
30607
64317
56285
50525
51552
31217
50398
57893
41052
15160
23044
59263
41039
3060
13759
45924
64815
4465
29267
25143
670
4364
30928
34570
4850
22689
702
29247
62528
43885
7431
30202
11719
51151
16480
29865
41297
26217
47051
10791
539
51753
62692
60418
33870
19791
36819
60858
735
25752
1289
8936
31755
8938
32317
22984
38611
11610
14293
19104
41302
40006
13290
30893
7729
21894
28313
17872
61740
46551
49579
39084
47102
49241
4385
59621
51026
3583
32356
39037
62204
11393
53114
56901
9508
20878
10679
51973
13782
25282
50134
2720
51397
50346
28359
28183
64490
35190
51882
34404
9059
52475
46136
42916
63335
29963
16679
14018
110
36821
14166
8828
57928
4290
1127
55345
7330
41573
29832
9999
14556
54047
51819
47436
31389
52174
60850
22508
46061
20699
52361
59714
36381
54010
13703
61569
42532
49768
45705
3643
13176
24154
17378
40237
4816
48361
56792
45963
30579
57176
12422
54668
40831
56765
520
18483
14312
40023
10303
55945
24700
39097
5
34442
33790
45944
48090
13470
23692
3024
10173
36423
56732
17498
33445
49913
62979
58540
46653
30841
16563
38609
64923
27723
8207
25811
44985
33984
62648
25690
57586
17212
20871
22075
144
54621
18321
7828
38936
21183
26515
12613
61373
48177
61739
21036
10150
61142
15732
15775
62329
37458
29545
6556
22636
40052
7986
52075
46542
9949
8337
38241
14896
31666
3242
32340
33188
46674
3963
33982
59706
21415
51408
39934
63170
32612
53613
56213
46604
8853
49593
32032
5519
53681
738
31468
34693
16679
47175
64963
34097
50284
37769
59005
40759
6308
18680
3615
19624
27414
1656
8488
42695
25011
14477
14901
47010
41326
22221
31744
3245
64616
39283
25291
42999
27769
53312
38563
44051
21772
48483
27397
9133
56781
41788
21578
55026
19776
62259
637
15019
39044
19298
60197
39026
51959
7534
30944
16915
53808
51883
3606
21840
51640
2727
44547
21626
63372
47389
2821
47498
63639
45323
815
10713
54125
5692
6821
63880
62350
12255
24161
15016
19160
61734
42724
23648
1387
38092
20007
14486
42439
61373
45043
5485
29776
36051
9812
53331
29528
35042
13992
30647
29726
51810
15170
50476
59891
9231
47861
29828
35952
20146
10956
20338
60746
768
54449
25341
41563
29369
12551
53902
37488
63918
51565
8603
35515
53585
37114
60125
15670
300
16589
32941
11625
62764
3929
47641
19545
31609
90
1709
14143
55614
28807
36784
22179
30151
48518
61711
24897
15285
7553
56921
62117
37198
948
41944
16989
47865
48495
34099
6617
54143
4890
17652
45062
53705
64078
24004
1443
16481
61167
49688
47124
36545
16515
10233
47225
15594
27844
9194
7937
10463
37505
47878
2378
53346
18231
7590
28970
24626
32014
37419
12582
44506
22941
1878
44909
45858
1116
38939
1832
1959
56015
5258
31739
24027
43895
21642
45041
14754
45104
58051
56375
10231
38414
23685
62211
18950
50722
23946
37871
2808
41745
7331
4167
11274
34553
56547
177
41153
44059
59399
9850
55604
21824
46241
36470
27351
51780
27044
15175
17247
7742
62376
50041
55617
44805
18836
48452
47
62993
35749
51745
14553
2778
16158
42366
56290
53301
46413
39015
22220
438
24914
7525
14433
13048
46787
41442
4012
47018
52553
47565
9640
2966
60086
7907
38354
59715
40399
20822
27131
36882
9063
55287
40209
36218
11302
18561
18345
12526
20060
38718
17393
36299
42593
34775
4914
36408
32373
3419
54707
37471
64359
62540
40451
37751
12930
23084
25879
54699
3023
31936
30147
36492
61280
9831
8325
4185
10244
44527
58187
25337
14900
15715
35711
26206
62124
59411
52971
50890
49806
50806
33337
32018
33731
5821
25154
38837
1482
2827
1330
34828
53933
62299
33494
13191
6120
48354
55652
29817
35540
62430
8514
59606
57172
60582
1912
8235
5770
42132
18978
32747
37220
28650
2006
40554
2017
43516
6175
47730
30147
58528
58550
38688
52933
20306
26024
615
3630
20471
7146
42266
49827
39824
23980
2971
31944
13032
16443
53981
28376
1528
52764
40495
19077
18635
36020
8989
15641
42126
22894
25701
27156
50721
12083
8379
27405
2244
26042
49664
40188
12439
25965
36700
20820
34656
61191
52838
8112
46918
30448
8553
62362
14082
8610
19918
41168
14091
28891
14249
61107
23545
46643
48786
39570
44081
47179
49519
42311
32288
16307
33504
58497
22154
28472
9301
51310
262
8705
1375
43400
20236
40778
10576
12728
19165
30252
64064
40611
49983
17332
4274
64996
35052
45707
47790
38276
47423
4789
41241
5188
62507
9029
37566
22591
24157
9231
22270
54169
45371
12035
15518
54359
60122
24987
37190
17051
14040
30877
23248
40852
7921
51258
58021
23967
19322
50325
3279
47990
13703
31567
26193
56153
37857
45873
34548
47830
34623
41011
8821
12344
44099
18646
51968
11371
42852
6330
34051
55488
53859
18125
25049
21667
6153
63789
60464
4759
9418
22689
10588
17257
35018
59871
15538
47900
26188
2957
14412
10903
46374
14781
33184
43863
25956
37955
52192
3643
48843
53767
45332
15771
56668
29093
19314
49159
9569
1248
27590
14188
63792
51943
19816
13450
17605
2762
53957
703
23239
45850
49386
4827
28869
29717
30605
11831
45841
11336
7422
44213
37652
21960
18719
18213
63400
325
38153
15758
24698
18161
41403
64146
6291
29187
30829
27768
6842
14005
24644
37413
17639
44578
33965
13947
58208
3195
2346
44429
54044
7111
23656
4944
42977
6275
416
25703
42880
27824
943
30223
34713
22257
54922
41606
11150
37470
28256
40241
57247
33066
39311
58458
55909
28617
9909
43936
57132
60797
15684
14920
26246
25559
61657
6529
42658
17780
5141
38710
21823
42041
39327
27642
64424
64466
22183
33619
17993
26797
46496
19726
37479
45115
48184
1845
47460
56897
36242
56796
55023
16305
8912
61643
28517
63911
1956
28490
23673
48248
16128
30281
19838
2885
42213
29431
50282
13926
28237
2312
56838
9126
39708
53906
20338
16027
35004
38161
24593
22800
59255
35855
57904
21706
51338
3015
22319
51350
34846
39175
47142
5154
50127
11039
49419
29714
45774
13332
35382
12973
29148
44893
53092
58366
11822
24296
22764
22377
17031
50568
12501
44165
42505
50773
48437
47191
18287
52531
59505
44015
10388
60761
53327
36675
27405
29187
50955
11342
38450
43418
39456
22150
47000
3645
22553
50383
16530
61237
5838
56445
45036
24808
29267
8279
31815
62533
50926
11152
46098
38766
22318
29994
23407
39254
56627
11693
31741
40505
22725
61035
25946
10088
58878
15200
39890
50931
6408
52992
27291
23897
4782
26215
8309
49201
20863
26886
25271
53451
1316
40185
12126
55370
13392
59331
23497
39487
15586
39791
50433
38353
20896
61511
31232
20071
1662
44072
31931
39192
6237
963
2329
20274
63958
15371
24654
54644
56155
46181
38227
27168
7190
14090
54743
6074
30750
49023
10014
50122
27886
16259
39293
53667
29529
54943
29545
6421
12464
43916
48252
20947
49010
21020
14636
17195
41869
23303
50392
9614
1897
41812
38303
8654
22775
20868
53336
59686
32808
43020
32080
48648
5350
12085
52649
24963
25572
47956
13386
53524
17579
28087
49997
53794
57086
41838
56966
35312
1157
30104
10358
50164
42734
18883
10383
44208
43936
31726
18305
92
3372
17223
58585
1382
63941
13965
48345
58332
43868
11629
57523
7091
49945
23140
64327
5406
43217
54047
41840
19107
13608
61568
57905
24928
31203
11948
21617
6455
43181
31071
26070
6255
16636
9490
43183
58472
3764
54294
17740
37448
47148
11494
58989
59164
54137
3836
54416
8538
45544
45229
61547
31890
30146
59194
54898
15114
7730
20014
26421
49351
34656
16516
24063
2219
42190
54628
54293
33890
24064
16173
50708
13559
56032
12534
62083
33110
16374
23139
49457
6021
62599
64920
63138
60800
10836
10183
26721
9512
5632
6544
61476
23178
9150
63874
25734
47105
10008
54400
15100
55439
8227
23405
10641
10492
19035
9189
63369
33626
29513
17215
14655
10764
53305
29609
43432
16803
54884
12440
32271
34488
51117
29452
50731
59546
64091
2166
45547
10109
5461
37521
28557
44750
43778
50496
54445
24653
7559
25348
11676
56737
33054
433
46235
40755
1974
47736
49012
59692
10637
14573
33964
23988
33284
46106
397
51395
13549
63610
33983
25510
9305
29660
52380
42280
32385
52655
47540
25027
20897
49357
3101
54796
8137
366
46433
54060
48313
29698
46228
13090
60581
10893
27728
14532
29121
43325
63952
42991
38233
38632
7538
37662
27692
53438
29050
12315
14855
30795
18865
18174
51235
34012
21005
1484
42541
57790
48504
13824
32414
12841
51196
14449
6345
41413
43009
15224
43510
37384
22142
34929
35493
55859
48724
60998
27160
63429
15816
37972
41137
31531
30873
48236
18648
26563
1014
21811
5687
31683
21717
18266
14762
31468
64795
60045
48698
61852
12767
7741
9219
9010
62975
49134
9321
62120
46067
50029
64640
11161
54691
61192
40318
17183
49532
1929
31100
38715
26021
2112
3636
54228
1357
40689
16235
51832
7673
4987
7547
8629
33479
11341
46910
33383
1727
63855
5349
17451
19110
29345
27453
40115
42455
12746
15629
60772
9326
63551
59449
46624
1185
45054
54091
10810
23725
59471
18098
37141
45240
18210
36943
58867
40137
17859
10135
20136
60939
13673
45849
25087
53412
28612
23312
30726
55652
7234
44440
21023
8256
64975
2442
55899
43928
14631
21395
60017
61136
58067
27009
12556
2676
62476
40077
45394
1249
56709
5336
38356
25417
49495
64733
6469
40548
17577
55318
55379
25594
18082
18260
62364
47837
5655
11715
36604
28940
56163
6530
48640
21924
25012
10015
190
14923
24376
59278
41738
48837
64882
1846
56581
22234
18556
37556
26238
3106
36062
21964
53416
63354
7545
32742
4926
33099
52621
36798
53254
43177
11302
22120
31674
10435
18920
24554
19109
6689
39330
16019
37133
23442
16949
26887
7804
726
49422
46511
32242
29692
63970
42135
26129
4777
56708
62676
39544
32591
20481
20109
4818
60858
3023
57431
12316
2033
38480
23456
20334
17451
36585
35912
1515
59117
55056
35576
49471
57499
31983
20434
50530
14927
21281
104
36766
60468
40481
26997
12756
18373
21422
26957
14719
8470
45635
13366
6968
38096
22462
49940
16838
6446
64217
58710
15522
63432
33929
40915
43482
46419
7460
59800
55353
49448
28052
536
15525
35801
17604
48776
11801
61025
10211
50543
40833
24764
44770
27472
45233
31019
44712
42616
18547
47682
29130
33305
10497
42475
40874
48801
11187
33623
38400
46724
34168
29907
14420
43488
19559
45914
35646
227
39623
4639
44189
11957
5487
5759
57392
18936
39919
24211
54157
30486
32340
4930
22055
47733
28485
35845
5772
58020
3391
37511
13681
34965
52633
48971
45598
24404
37975
60711
1001
22706
14870
51825
23277
20180
55463
59737
31790
13584
47034
62099
4798
2940
62049
51726
57552
4167
27235
51660
26083
60247
35354
28748
38507
54918
59609
5324
61880
59123
56831
34863
3893
6706
31891
48708
14976
47085
41996
52247
2583
13884
5793
60124
50719
39761
43461
21373
9010
8923
10197
1552
41846
40052
21786
60266
44410
48623
17161
58666
8635
28871
59139
37805
58376
46864
35740
4929
59363
57435
40774
61103
25717
63944
63612
64743
26077
51121
39313
56940
63644
47458
26527
25671
30677
39890
36851
7261
49252
64757
30558
44711
31312
35266
24865
58737
37329
51956
17172
28643
39094
8881
26938
51385
48469
54513
56111
58428
30112
37584
44298
26260
7499
49367
41083
37679
7771
30112
54168
22198
27220
63640
23270
60189
20439
10317
60926
6626
62460
4898
12648
1522
4402
46968
5082
5439
39439
47981
27111
24667
37138
25105
50060
41934
5447
18388
64425
49757
25901
38955
11807
14804
38832
47231
61972
7847
1619
41424
11195
35205
49306
27748
39328
33754
43098
50132
9253
52877
53560
18377
33640
12965
26549
26
45198
6325
16189
32398
22817
42600
45419
22550
7292
42073
35933
59132
31541
51445
5536
46375
41496
22972
32232
56705
30080
9042
20574
19695
37951
15574
37091
46374
15925
8840
47818
39084
15262
1564
52253
48417
18227
30418
64252
59918
37599
48265
56696
54583
25057
30762
2951
33353
54606
28190
34431
37106
28472
39603
34798
14875
54131
57673
22618
59281
57399
63827
25495
49405
7757
29549
49997
32602
3325
60939
52908
27968
64159
59905
30623
30466
18804
46590
34704
35928
15257
28888
2922
53432
58775
11174
26315
22778
50198
35583
64058
26051
59697
35478
19208
28505
2141
11941
64605
25254
41484
20403
19473
56504
12854
55784
38542
25303
2268
5737
16710
48061
15132
52862
3556
4302
60965
38002
38249
23400
48013
17977
41653
22277
2657
42359
28664
64291
39823
50167
10090
10814
46781
23569
9609
8216
34022
31959
52613
54257
43140
11027
64967
24105
12868
47671
26009
57477
20720
7855
21304
54630
33887
25794
51976
35192
9320
9051
58647
10061
29167
35422
49294
47861
43995
23710
41560
63688
47452
1751
1319
44132
27312
36301
40547
8804
29056
10641
48787
64858
34421
37013
28761
17245
23589
32239
17926
28670
20932
56152
54019
4503
5491
38663
8885
9118
38609
7614
41143
6394
2386
60749
29476
28373
48881
56414
4603
7290
16239
53865
39223
17487
49152
15272
21477
64914
62335
27784
13731
8225
56939
45275
29722
16696
1064
50615
29362
36446
16810
60588
36757
2698
7519
61805
43225
17063
20145
47236
23364
50089
53914
14200
18478
45547
57701
60946
62890
19196
29799
20164
4948
21012
19992
34049
5774
41110
45109
46769
45050
20849
10486
41450
29379
16853
6002
5040
35036
61928
61608
50654
38138
63114
23529
38268
61543
28360
33558
861
59015
19543
30107
34380
43459
25828
20946
16118
7273
32605
33802
52379
44102
57470
32229
37536
57561
6007
35435
37837
18707
61335
46973
44571
60311
62673
63488
62458
37234
49391
60917
20363
18444
3294
1835
47702
7478
23109
53857
51143
64393
36432
55272
12468
3500
55593
10335
39699
2437
50194
32873
64847
29366
20290
58151
7904
41348
25460
49147
7924
63198
6244
9676
13309
52350
30680
43017
54660
56546
54931
60985
4799
17388
58232
64603
51823
19055
63643
48802
7304
42717
27342
29826
7985
58465
50440
60252
50586
2791
18563
47815
40586
50909
663
55433
37076
49481
24824
21136
2055
46529
10013
62794
3777
36590
64038
13829
19996
45404
9185
37332
63236
4688
3267
22253
1434
53789
45074
31592
23568
36260
4458
58753
51130
30669
13535
29492
52553
1166
31739
28132
48951
49626
13712
27951
45784
37408
45272
46939
11304
26013
23925
41329
38891
12218
36678
35570
1640
49447
4120
28688
38813
43455
36015
13177
45006
21608
34886
3860
54146
1309
25327
55394
46677
29361
38028
3323
64543
5329
18747
44875
39833
23178
53709
41900
59184
31751
49172
59644
47316
35878
34147
56262
14302
61150
61491
34255
12432
31685
63882
31245
4778
51395
37382
58766
58829
35587
31600
48985
59792
60919
26668
15532
39432
23019
53525
858
22545
2311
20240
48796
64441
24850
23365
2237
64031
1203
54537
47108
58389
57685
43831
15060
30885
60485
27589
23547
36268
9485
49708
43212
32285
4823
6629
28757
58715
488
52500
55716
55918
30498
52261
51800
61258
49457
31625
27742
43011
40545
14191
38812
12625
20224
57181
34421
32421
40219
13523
29486
12122
43563
59274
7483
48791
32762
51616
21353
1064
49364
23904
64691
59765
490
45505
16882
63277
34123
30417
47105
2270
36188
29885
58394
14654
23744
521
19147
7855
39816
5649
55788
36782
56660
3857
41479
47095
20537
20003
57073
14625
57253
15144
61704
33062
29047
23134
51722
48274
54598
32874
52862
58851
45220
21439
21835
58756
31517
39580
9759
54170
16071
7324
46107
47907
53941
63661
63087
30998
44026
55559
1624
37310
30590
17771
61377
8302
10502
1199
33455
11289
12964
28767
50749
5811
64810
64066
37068
58974
60641
24229
27481
41866
28360
14795
38555
420
61899
5529
3394
5316
54184
2439
42667
56795
29639
32475
59038
51490
6769
53641
63665
29629
27626
49510
59705
27226
32202
63367
13981
44119
52043
8477
9244
4959
43635
17199
35694
61511
63356
27942
1691
40881
7048
55191
39816
45526
38490
4087
30716
2152
52340
52295
13393
2866
43321
38157
46874
48184
19721
15337
54414
27769
479
55476
2677
10981
1426
61564
4540
25635
62462
46026
15474
14541
58729
43755
44638
25710
30063
16578
63143
58326
24284
56884
43131
42837
26113
44400
57601
59792
39768
6358
62161
8263
19532
42519
36114
30977
8842
57811
6563
29511
19694
16545
15439
64158
45418
18458
40652
4323
31105
33061
28757
61567
32250
55021
17824
18647
28394
29576
20436
54170
44823
18205
2967
33709
16614
51037
53595
4510
15570
38746
2684
32128
46859
2903
50488
3612
3384
55021
8332
38103
57192
25788
40695
16944
28462
27212
26873
11664
58883
61660
7130
24454
57444
58042
34533
6981
17963
41603
44858
34659
8875
30072
48278
9735
17091
45147
52724
37796
38975
59554
55103
38557
47727
41154
62801
28044
2727
11851
59127
55523
17629
55268
37641
29798
40267
28426
51510
10717
38649
48932
45348
63017
13600
50379
33175
20852
19851
29964
32454
47622
3615
28557
25345
31957
60943
4691
39618
36967
47424
40226
2893
6124
21008
31656
15125
368
26006
52303
10506
47320
17566
51878
6211
64692
27166
46147
6656
11260
35932
15679
13190
45014
13808
48922
20390
29338
13899
46075
26396
19332
32516
6512
35929
61633
11725
53722
50946
62349
52454
18008
60079
38962
12438
38435
54298
48311
19573
21749
47456
9008
2450
37262
31642
42914
61134
37931
8525
26505
7483
44121
59087
49271
60539
57777
40446
47481
18813
31004
9666
17939
32481
34270
20740
22577
4819
5740
37162
56013
63399
39447
3762
59412
7853
41319
7729
55279
12255
3257
19986
4024
1412
16784
24344
39431
11612
8979
58108
1366
27631
44680
29056
60353
14035
40207
34956
19866
30088
25068
43059
33454
8799
24396
13216
30050
31915
16100
4570
32081
63906
42963
16967
57231
9229
56162
49526
978
63428
57966
30033
43251
44869
22570
85
58821
50144
328
47145
37296
47453
46836
10947
24807
3506
24637
47911
769
10740
56495
33487
54308
27905
20504
23612
6224
33308
3492
47693
43590
41261
5477
56792
50363
33544
64134
21928
13590
3913
34531
63677
1099
4952
30603
55491
42759
37833
16107
44396
3680
31758
39034
54006
8965
46145
19723
61019
45868
64848
34151
42611
50463
2961
35142
8408
47197
43002
50471
11961
55921
3523
28106
22878
17274
34448
10066
12055
3512
9669
32629
33669
23158
8729
11887
38856
44071
5598
19856
17240
30795
18879
7658
38745
3308
43957
63482
44359
10512
13914
34324
30767
58091
52237
21735
55025
46583
61634
28063
21708
51786
49483
35920
11186
60848
6739
64866
38969
48660
58314
25529
37278
60400
59257
52672
21266
47351
37257
64907
28574
64335
38283
45073
22127
23393
28394
16488
27349
34556
1031
6574
11221
40814
322
45587
1852
5657
47205
4422
53480
42784
36422
1759
3090
23846
13667
46993
21047
36333
23446
6720
49437
24954
34437
23742
8030
21136
10411
38827
64035
41488
15989
6720
18071
52347
2808
9125
60027
23758
42869
3650
29728
47508
37128
3952
53589
55061
23623
7560
49666
52514
15687
44112
29783
50928
7036
17992
23664
56644
16783
10605
26218
47439
63684
33761
60435
6650
40146
61922
9523
38592
57804
17280
58253
19915
32716
47906
64636
12736
24465
25455
34401
16666
64723
166
51903
58079
47063
52128
52422
6255
6084
9064
31990
17236
25122
37097
7193
52504
3115
7258
28608
55862
47409
41689
47800
48102
549
44810
39050
332
5363
5900
13235
13077
63871
15856
32539
44493
6834
62094
25902
7327
6966
6838
1394
30469
30136
40272
32932
47206
15075
31299
0
33540
53412
49890
50317
26182
53069
61242
41599
41073
9314
58256
4855
29554
9032
30046
47887
25525
19990
25475
18901
3229
53159
1952
46426
21496
2387
10966
32937
11568
41961
53107
30872
11861
8869
56538
955
44284
47793
59172
4007
12949
3144
41026
8650
22415
63680
39490
8594
33793
46500
26496
54422
3349
53470
17820
16035
39441
49365
56005
13200
64918
22290
49631
62848
48329
63165
52930
43068
63552
42319
25961
49950
38716
7506
16855
4711
46496
38869
33835
49765
54182
2665
61023
38671
18088
51786
38248
16126
53191
7388
31350
25414
35100
62155
55712
2007
22709
62011
7001
8212
46148
34322
39359
40058
30894
31883
57525
18834
60150
43233
60616
10952
23843
21109
36563
21056
58864
32071
7433
19552
16401
26602
62108
36976
43474
45226
34081
43881
27035
2448
58328
1147
20245
26556
7508
26911
16772
9584
48962
57517
55243
27980
30259
21165
27191
60787
32264
64189
8111
48368
24960
61124
62490
50980
22521
60987
49913
22753
5359
23454
40607
32844
63130
9837
15035
26852
58939
60048
8401
57747
16230
42962
57158
46900
41083
43865
35908
36982
38913
48885
9278
29796
20807
42602
49645
13326
55978
26249
47809
18563
48061
165
59987
62897
49264
35449
60726
48119
22576
55954
2600
22338
58537
8074
59792
61359
54294
6966
38940
16305
23938
64161
11830
40555
15343
57704
15816
30268
55002
37268
64067
29063
38588
62905
34006
23631
21230
27351
58540
43345
12732
58074
45953
63153
24227
31459
25561
5301
23992
62836
42502
21694
61410
17239
31247
19921
54326
2096
48719
12266
51262
49254
29110
23236
41235
5017
58761
62398
25166
13117
40715
35596
39111
41801
39809
3812
30790
42430
15394
45251
27165
3295
5070
32416
7038
23543
19025
42249
13906
28401
25838
53606
20565
63120
36875
7643
48186
39298
52611
22880
18854
33522
40505
53015
6807
44483
283
46767
9851
16000
58735
60308
3693
39618
32390
49067
18172
16700
57675
56972
55621
26193
4419
42403
12859
60480
19814
26426
44516
18000
16184
30087
1713
12545
27179
63826
41306
35422
58256
58297
32181
37887
23546
32151
16348
22531
52470
28570
33803
8541
35725
18601
41404
11999
26477
50599
22232
3654
8897
31301
8190
17826
32372
35354
14806
17369
36022
41327
33483
45872
4375
23508
47687
44510
6303
45039
55788
27214
10587
14175
34564
24099
37718
16725
53574
64301
53791
8965
51915
30664
3608
11566
40066
14931
6333
11349
10834
63377
38335
28898
29606
39041
4052
46335
15420
17994
6998
25805
40568
28301
64280
5463
42726
36611
19211
16013
4844
63532
32906
32100
49276
234
36946
59094
38891
14927
55491
17063
49140
49159
6434
9994
36330
40088
12463
24542
33569
51164
59139
3865
12127
29878
63357
23341
57203
32516
1780
51208
28317
17080
25131
28432
35828
11793
45427
43338
26300
52875
54536
2820
35707
16505
43652
38151
20705
6128
34552
39719
14466
22550
34749
46208
4800
483
4889
45044
53547
11459
8014
32135
22484
59285
11543
25215
42220
15471
64082
1329
16824
63293
25422
5268
48159
20411
59335
41980
40168
21227
60029
32285
9583
51385
34368
62406
45811
3111
33215
4138
48955
51284
61518
3696
41230
61439
22984
38533
43245
7103
31458
7676
17880
10148
7369
17385
10761
64074
28846
20174
47547
36405
63367
61489
14531
42606
62049
64605
25272
206
49937
50512
37259
48041
56914
15870
33830
21790
10061
8298
22836
28228
49617
44565
29779
16864
56865
53479
19418
33895
58566
41499
21064
64635
3807
45406
34063
11850
25362
37532
21189
48667
38926
30389
53936
40983
19837
58716
39948
538
38147
58249
39065
36084
59138
1762
45720
41315
52661
19182
16675
24477
60887
49805
29328
50844
20355
20939
17074
20460
60395
3490
39457
39846
1314
6315
46101
17564
41940
62369
59639
54834
27380
40953
29146
33616
34114
1609
51793
5830
20773
36457
51719
13628
14221
59016
36339
1910
41781
13820
51595
45482
11747
22363
13863
24549
20504
62168
2512
43443
20891
27044
53350
43784
12665
57807
4433
4471
47154
9029
26981
57191
4487
53594
20377
57358
27992
23134
31490
51666
46623
38610
39804
44664
17537
61610
1083
18033
2159
43151
18566
2483
50374
23033
6918
18449
13671
4035
50423
42999
9383
26519
8156
46632
64349
40213
55117
29879
17642
31242
29563
5898
63184
33695
23014
21458
54396
61269
50683
9
64213
10798
36300
51747
30087
60706
61569
26839
34834
23689
1749
29253
60441
29158
25079
49841
18175
52259
5047
13609
29628
47500
5730
57344
39531
56294
51682
25017
2474
63958
10123
44643
16863
47968
39394
36504
55745
25513
58923
48920
356
54649
27189
18989
48485
29602
35403
41960
26045
37007
20916
39167
46422
41144
25554
5696
38499
22449
55404
20201
35434
19871
44750
60552
12570
63852
53166
10224
29079
2980
60988
61610
14201
23624
44659
48666
50187
13084
54674
27582
5303
28061
35112
20376
51513
51490
49990
37598
42687
32033
37918
17569
35455
46781
52804
50806
26063
53965
14576
39583
47834
18711
25162
38781
35104
41149
46217
5447
45733
2416
26325
40755
20562
15352
21668
14260
29404
57933
381
11650
19460
43747
12100
8386
48234
40039
55415
47929
49337
35153
32226
9457
15773
38390
64236
16257
6561
11590
33060
17198
48827
57988
16681
14979
23697
10137
61253
26050
30615
44945
18465
43401
50949
5119
64971
29619
22980
62573
1602
48898
26651
45590
61355
12927
32671
32778
56391
26816
51837
23139
15529
62487
41688
17768
19959
43207
48852
45006
16178
9177
41681
2075
11365
50357
9050
47507
32688
33938
7420
19892
28277
15143
49531
14776
33846
26277
4323
42714
35198
35189
18960
22817
13101
35586
40050
17303
23263
52846
17435
43872
50396
60277
50152
53953
41599
11975
10425
31094
20552
19717
17796
50080
5242
2548
31766
23540
53220
38992
32537
49116
59618
3060
725
11474
54397
6470
28162
34716
6592
756
63119
16981
44500
29187
44595
5284
2074
34664
26502
64895
13002
31032
38866
3801
55188
31448
34415
44042
4642
53763
25136
37978
19003
19066
9693
43786
47178
25818
23790
20711
7833
3250
11843
60903
50722
38948
14592
55853
6088
26790
13474
51751
3621
27663
23904
29297
33699
21633
5798
4765
9914
21483
20961
376
23098
38797
43191
33258
38345
60010
13215
28568
57764
11094
31813
33538
32936
30807
15740
20522
62328
23668
42300
13330
60128
15093
24697
52386
49248
52346
41504
50525
37481
36248
59866
62459
12035
14796
18308
12225
18940
56130
16234
19146
50053
4506
48500
9114
61658
24209
39652
44233
9875
57569
38705
25130
64387
44507
61552
36468
8199
37282
59386
22462
32428
10357
52724
30458
16339
26560
31903
1847
54145
6967
21160
55882
1261
58160
4638
18187
54042
51806
13957
17004
38196
27715
43178
21477
37400
17795
58287
47517
4808
49590
59563
43048
46479
64312
41419
40682
26925
20539
35599
12114
23283
16010
49820
44790
50838
16179
55231
47641
33884
29452
62300
28933
37154
25283
15975
55525
9310
12549
37239
59089
61219
61873
59419
61080
43002
6819
3856
39516
60098
5135
30784
41844
9818
37455
27557
59464
6123
12144
47545
40689
1620
16204
49341
45194
51998
8402
32118
39255
19403
22064
54259
17314
62468
11184
28606
46685
27002
49786
48950
43424
27555
50704
3613
13682
41355
6196
43233
16075
57349
14086
41114
26871
64327
19321
35754
36041
23370
62154
21393
3477
51101
20338
3714
35905
16482
59033
19038
56317
45128
28326
26637
8949
61382
29554
55005
34103
24638
32835
24220
63373
62638
19488
47737
57055
45724
59268
18233
41806
47302
8576
28354
32829
31972
27074
8487
6148
54079
6380
34898
37759
55666
50753
47865
27712
59056
5949
10645
3409
5554
13674
61410
62684
3001
55290
31477
8438
6168
39710
59482
42897
50217
56654
17318
5778
28720
42675
29976
51911
38966
8640
32633
25121
58547
43584
29598
1410
8446
41103
5985
5730
39127
20721
19208
42916
47342
47882
38665
39546
47658
7517
28226
24803
48929
22332
2370
49617
52192
48250
63096
9638
22742
55681
50954
8843
30338
11541
19818
31821
52811
63185
31242
49025
59526
41683
55537
5550
32456
18108
2897
5230
53835
22762
54201
43089
20640
43504
47358
20469
57376
5609
6275
13352
49895
36823
15842
691
54250
37549
2519
30800
35799
62316
61397
79
10058
44973
36834
54650
48025
16265
5032
41672
14977
28720
8163
28400
32946
60019
5898
23286
8399
52266
51459
39654
27806
840
539
33760
60133
22734
27714
45279
21451
25571
56199
39508
38170
44708
58052
6856
46627
57105
13199
46380
28005
46871
21880
46456
48833
8677
41371
21844
8529
46439
34109
37723
51745
25959
30555
32474
19479
11426
16430
62269
34197
1976
25161
11755
40452
35706
52659
41385
38725
54830
12790
3194
36482
46895
33137
38059
56675
18232
41923
33752
40176
22048
18201
59317
14873
24860
18666
7584
10419
61161
20710
8861
58859
37514
27562
10089
52633
58488
52640
50033
27677
18096
6463
47276
25609
11680
45735
14087
5240
19392
10466
444
29890
58717
36227
63770
63242
4676
24913
56170
22725
47673
28612
12220
40647
45119
42448
51611
54583
4280
58495
27176
9730
50015
14141
10122
22229
2311
64491
55496
63684
4818
64678
47184
43360
21771
24195
47997
10794
1994
61602
36638
22810
54903
29211
9594
15165
64676
33627
12247
35312
5010
39239
4765
39020
23148
8015
4553
29824
28082
30236
53321
36555
29124
47001
28061
25417
17240
16629
46488
54361
17852
28304
23725
18728
49994
12595
8304
43406
3027
14678
16752
57973
43309
62403
52332
32577
34511
42538
34719
28520
46487
14817
33674
13792
13875
44646
45997
60034
1858
16566
1313
58668
17744
36859
48495
60174
13293
34871
20754
16752
23965
48941
48711
64855
17511
34034
16984
30318
15574
59431
61097
40080
28222
26099
27747
45724
7592
64585
62738
45323
43061
60563
22121
11328
61615
21369
33339
43481
3347
23159
64422
46980
28236
54523
15534
7393
1655
23694
43410
55
57260
17681
494
62910
22190
7959
6807
13069
55748
33560
28859
18535
58986
23688
61137
22847
43865
63204
51978
36626
26910
35595
31868
11252
43539
64298
8461
41160
50479
4462
53873
32486
19942
23540
51043
7055
25493
35292
12203
16939
5769
58076
13765
26065
13477
9528
43165
1619
18344
997
4460
19225
38937
1334
15726
7126
29529
30904
42560
5868
4429
47931
8218
16202
53450
5524
42207
19202
48439
54008
25358
53834
27034
34404
10687
58446
46078
25184
60587
43931
3358
15650
7161
12533
7586
45541
48712
27547
7810
21745
56726
10373
9650
64210
33865
27684
12066
39418
19777
27678
49538
11033
32778
15646
25876
38581
1685
50354
17039
46274
48365
43959
46665
45328
2785
14449
44220
34400
38617
25852
61941
23991
43684
42669
62994
61924
35813
6305
39523
23269
50871
2450
504
49308
26043
14657
35581
1411
22647
10604
27310
16929
44035
18770
30476
45462
20366
64511
13402
30111
28312
45768
12434
9577
49986
34892
12013
18214
21641
14328
49011
2393
28935
20127
16252
52790
1812
58539
21386
33461
33290
22151
28547
44799
57716
43323
61457
53751
45264
48897
52902
30889
746
26413
1755
206
46012
58318
9963
8736
36504
41904
48170
39368
63745
3958
29902
36452
26823
50356
10484
35065
47157
47092
18107
11047
7100
55465
15723
60156
19168
25426
53689
35963
8945
62297
39322
2342
55970
63365
60804
12661
33135
7079
9094
19041
26403
48832
52777
16281
42893
48562
27019
21323
1622
56664
39050
25353
42463
50937
58847
6906
35094
28559
49939
45579
46014
13318
1507
7218
27898
9589
19198
42677
1847
15787
63330
38523
4340
31280
44402
9282
61914
7002
27090
57099
17885
31246
50142
35911
26653
18368
60852
48495
12388
4395
24029
61000
45137
24766
21633
55833
28659
60689
45510
14987
35530
36852
46879
17190
41316
64471
42507
33473
35859
34910
28748
62025
10973
25355
55849
24434
55101
4277
51215
31682
21724
5676
36538
19502
9574
7322
34980
43950
48946
64503
20811
9310
4651
31990
20194
21686
7418
43218
33023
42891
51779
6913
46996
5497
14745
37651
41342
6146
813
48077
23865
15494
25102
61783
31251
54379
12665
27057
38776
47098
3280
8011
1870
8880
12257
20808
8182
5917
54061
33972
15086
57585
6801
18027
28794
36676
51886
10933
37493
29791
34376
52069
2187
11220
5851
48739
30154
39938
2826
45433
27208
60572
55011
17333
26164
30446
3973
15803
202
6059
28988
14827
1033
33621
63132
58659
48050
29491
3907
27141
55880
47626
38951
41445
39015
47418
33631
14207
3437
46504
63554
49302
56411
64433
31314
32730
46870
59274
28000
22362
15068
10549
61272
5515
16407
58083
63057
14607
45628
37635
1151
47357
23782
45424
282
34288
21641
39909
4425
47490
64494
15417
23422
50907
49475
23506
8197
3602
62870
49146
40120
38763
36045
25094
41312
2411
34951
24067
48937
57059
24346
34566
32786
41802
44182
42475
6687
41571
61806
51781
30549
19533
14919
19031
41082
22882
56445
17382
50491
18492
53748
52357
33691
56176
10853
7664
10836
43528
43613
20686
3215
57594
48973
43509
11811
54839
5766
26582
54064
2159
40706
33388
50643
37920
59513
719
20263
28251
59317
45421
16859
45082
44791
24721
39650
58659
46663
63494
32900
13523
42545
8069
43408
43182
51233
7454
35050
9969
37922
19066
45890
42806
63990
17349
24679
56877
26277
34866
64774
25430
37039
26743
14789
60195
41990
20566
61513
23163
20102
55087
61888
33690
45099
12362
32114
1184
24801
49157
58158
34837
55744
9763
53219
23158
6759
53548
63954
7270
16417
1874
23500
63223
30516
60238
10601
49795
32039
62734
10372
49528
32248
57211
8512
6967
12834
60722
32008
9349
25306
16139
25616
6227
20026
22024
54682
55751
33570
14135
41094
56606
14342
43162
10407
20826
12602
34561
24439
8986
47335
12586
29898
35486
18631
31898
64814
7929
50509
51327
45844
40819
40332
688
734
5062
2266
47717
1490
51011
13429
48527
45055
24031
17663
41164
14536
62828
18107
18130
278
7014
35977
24996
41341
1659
9238
23447
54161
22796
16086
13368
16452
29127
54413
14855
35650
56410
54667
47224
12432
42256
39798
63405
56119
30335
37196
9327
30007
54204
13793
64131
920
57264
56769
28355
3529
26559
63505
28422
16250
14425
40734
42051
21743
63195
49039
55459
41331
64474
15133
14442
48874
55694
40593
47717
10896
42945
31957
27117
56020
15324
28375
15516
12994
52261
19217
49569
42867
51590
10324
60653
12106
52315
8821
38600
14704
62337
2650
39085
47570
7603
27271
41787
44760
45422
38179
7674
62325
5931
39169
45014
31851
56945
22521
25000
11960
23674
8530
19059
63339
11045
33040
21237
59082
52606
12920
35251
18400
36256
20642
62081
7991
3283
20394
60188
36614
23431
19379
31755
59674
35003
44255
14515
31855
55217
18853
35067
27104
12310
25621
30763
6506
27109
19448
23533
858
38077
28806
260
60976
20048
10364
10562
60043
48142
34513
34090
33536
59600
465
30704
3537
27510
45842
18130
5465
41681
36945
37964
11541
3116
52105
17134
46510
19856
16800
3169
27445
8150
45459
32895
45654
9197
6115
15409
5006
17949
25348
26454
17206
21699
27165
62532
45837
52445
55762
9387
37192
8265
28326
10705
37212
55181
50301
9141
5067
32253
36799
43038
25178
3886
60
38441
10734
24579
39151
62269
22986
57612
59318
3756
6881
30389
44659
7513
34827
25439
34047
7829
21626
37293
6475
45069
34890
41735
28232
6268
1475
35156
55602
48297
31725
42986
37995
53199
64594
47461
7679
56554
22918
61181
53546
30988
59396
4222
27579
23188
35085
33764
18935
34014
53433
41474
46827
22600
54173
40148
39621
41514
62607
57312
13818
6371
41077
54795
57852
49486
60691
19499
1858
18441
32565
61847
35859
11659
9165
49641
45013
24363
2519
11333
61865
44517
37359
23913
26769
4610
3489
6931
53897
51395
57916
55358
11511
51947
3558
10294
36422
633
52559
37743
43804
17873
3518
36940
14787
12791
53179
5978
499
8111
44364
63699
32480
61927
13228
13102
15642
37173
40092
37734
21191
5943
24433
43823
48195
11983
20816
52108
28700
10988
33811
29629
22583
44560
6198
37932
44563
4922
36007
30456
22031
53770
29185
13058
8626
44849
25942
62924
14737
21133
50065
42349
2338
