500
400
25758
29248
61470
56138
26991
3659
19471
4384
46977
40139
8471
56588
40101
41617
51857
62187
44760
44914
61733
25376
9111
60452
57110
54533
5366
34648
20610
64146
51610
59946
18271
12285
11379
63629
53325
42936
57473
42854
51053
48718
57760
44578
63085
5796
26929
15282
15741
44041
34451
51690
33277
11711
55207
39880
43162
231
5547
26481
51709
60842
28733
16853
24713
26180
5026
56452
13920
41081
7892
37774
16455
18152
64047
56564
45560
19915
61359
12216
62263
10557
14804
23521
18818
36603
6986
62198
21046
27034
45948
17875
47924
44669
34251
59438
48028
16846
59570
3934
13708
4701
63274
60423
40082
6592
39743
2489
2225
62467
50390
14289
60146
12224
2633
36350
32438
32347
5294
43513
50679
36387
48168
63697
47968
6067
44735
62423
6195
21061
58267
29241
42904
6755
27785
33512
19858
15521
16640
33196
61675
53308
7662
16572
9129
39607
40142
33072
7987
50065
5118
10635
30488
32314
56695
53270
42820
21802
13395
43731
13212
15680
39767
57495
11491
44031
39734
55453
17218
19001
19423
3983
44772
63617
53453
27343
39964
23351
64925
18534
59080
64708
35586
36080
22419
56414
43909
35366
40725
59969
81
34490
54090
47635
3111
10772
9216
37142
51569
10362
62117
28672
667
59601
49642
55905
24687
3079
24422
29176
39969
59539
24098
40054
4966
43063
56933
57868
40081
23212
2190
44992
41283
14030
49856
38937
37729
3099
45594
25531
24878
23056
23022
28753
35839
49252
61678
14007
59923
43463
30288
62884
18647
24839
51187
58710
25667
506
3007
23431
3372
59489
34993
52622
20135
39885
52553
46676
63442
15456
49904
37469
60390
4059
61918
41040
63293
46594
18538
8090
14364
1380
61362
5353
14728
40143
13259
62112
24239
53032
23132
42440
14833
21329
4173
49938
56407
52792
50239
3020
25461
25778
1190
25056
7977
39595
49305
59906
14278
24736
5146
64648
44852
2917
57460
2538
2368
33111
27992
45521
1373
966
53316
46809
18407
10320
52037
25348
51514
6690
31989
40213
24390
8951
58262
59217
51647
1593
19198
52306
7930
51241
58692
36501
24871
57368
24415
10476
46115
58356
2830
58030
31899
15340
63082
6028
15926
27499
13158
53588
13508
63722
52892
35579
56221
1817
39698
4710
59553
2682
39129
22768
26278
28124
38629
57799
64545
57225
34074
55277
40907
37446
24980
7558
4789
52886
55470
57167
2114
38361
64373
35721
57084
9235
39054
1520
12338
38167
8837
40116
38986
6199
15144
13402
44241
16856
16679
24022
55638
38187
29300
38134
