100 3000
73 85
32 1 310
12 71 849
32 35 775
67 61 927
29 30 985
31 50 599
48 13 123
60 9 801
46 8 985
47 35 147
81 43 35
2 4 162
6 26 955
82 81 981
53 80 869
84 43 800
5 69 870
84 81 176
40 15 901
32 19 692
34 80 570
76 3 652
82 58 748
49 27 231
26 47 498
20 66 625
10 18 395
32 7 254
51 84 196
39 97 536
70 80 171
94 3 834
12 67 750
32 60 235
73 42 566
7 15 683
55 9 30
61 59 954
34 96 337
79 75 812
6 70 777
89 73 814
81 65 606
41 7 334
80 33 885
93 78 898
54 47 906
100 56 556
31 90 449
2 18 375
61 81 749
41 26 409
62 7 598
63 81 554
67 66 229
72 95 864
45 65 721
88 94 489
75 85 651
19 13 386
19 87 895
31 91 93
67 25 654
32 25 920
11 9 252
35 78 970
100 49 238
18 22 82
12 37 436
61 89 152
99 61 526
25 2 950
56 23 32
61 10 459
72 10 797
65 15 664
97 88 672
89 15 423
100 18 923
40 25 420
89 14 94
27 55 623
74 92 681
74 86 672
92 66 465
48 71 140
57 43 688
18 84 172
3 63 341
77 65 264
65 88 600
61 37 753
4 72 74
46 54 827
13 14 827
67 83 491
97 61 903
54 67 60
38 42 412
94 21 918
29 86 217
85 84 452
37 42 508
15 22 364
15 8 176
45 88 12
2 48 301
61 55 107
73 21 521
98 100 61
26 96 948
71 39 595
88 83 779
4 20 952
64 95 365
64 16 262
77 8 335
81 99 360
90 8 923
76 26 702
32 62 40
46 93 29
71 79 415
16 15 206
48 85 347
8 94 113
49 58 834
44 10 950
69 3 144
21 44 511
10 1 823
70 37 327
12 29 764
17 57 837
79 36 848
26 86 200
50 58 852
73 8 894
63 44 442
72 23 89
62 2 61
87 86 829
31 81 91
11 15 561
82 21 770
73 97 324
20 36 582
54 23 335
11 45 280
87 70 491
85 15 909
51 69 866
63 2 190
46 3 338
45 87 49
56 94 425
63 88 906
15 61 974
81 40 192
29 42 951
27 38 491
62 95 910
4 15 255
71 63 168
78 4 297
8 55 132
90 35 757
45 7 756
88 30 100
23 24 810
43 45 378
36 39 578
47 87 674
44 75 793
50 17 793
46 34 229
97 14 18
24 44 284
24 96 593
39 85 434
80 63 684
21 65 334
56 95 378
73 69 45
100 63 910
99 21 35
21 48 362
73 45 663
87 33 515
10 86 576
7 100 43
56 62 146
7 21 752
44 71 524
68 85 790
2 29 524
78 45 579
3 19 993
9 2 411
23 52 80
63 64 46
21 82 581
64 28 37
80 53 615
29 97 894
56 15 164
28 1 594
53 57 328
82 33 681
57 94 197
69 34 895
17 88 454
65 57 450
61 95 837
87 60 417
60 28 853
79 42 248
97 69 702
74 37 420
3 75 514
13 24 757
43 65 578
25 92 650
37 15 57
57 31 644
80 54 276
76 6 379
6 68 45
27 71 335
53 12 479
77 2 989
52 13 318
80 67 465
88 29 82
66 75 122
35 42 581
66 74 904
97 22 747
16 49 777
5 12 732
50 87 384
87 42 649
47 41 120
77 18 121
45 23 233
49 28 663
6 62 588
9 39 760
53 2 188
79 5 246
96 16 363
11 43 346
44 8 246
76 100 197
18 52 4
47 83 789
51 29 42
36 22 620
37 76 354
41 31 124
60 38 233
56 8 445
21 70 884
10 98 730
43 62 53
12 60 94
56 71 740
41 14 80
74 70 416
18 68 116
46 64 1000
76 38 471
19 1 212
83 14 867
33 6 919
93 24 428
71 100 687
4 80 572
9 81 167
78 81 749
3 27 44
74 19 336
3 45 329
31 92 377
37 70 659
98 57 937
61 26 186
68 72 577
61 77 555
33 36 483
52 74 537
84 94 89
40 71 21
5 21 256
73 79 588
1 7 242
3 34 508
66 19 321
34 17 152
33 20 207
99 59 218
89 92 730
45 64 207
10 40 859
60 15 996
26 65 403
32 14 544
70 73 942
18 72 436
64 52 2
59 78 551
98 30 492
44 72 338
60 51 394
40 48 376
68 6 725
22 60 897
44 94 512
50 71 995
32 12 836
85 93 283
12 40 708
84 35 953
48 83 419
53 10 476
52 48 914
17 94 781
44 100 458
61 14 529
81 78 203
67 65 376
63 78 92
68 96 620
78 92 556
59 86 832
38 28 607
92 34 553
37 68 942
50 2 516
82 97 359
98 10 588
96 41 15
51 33 380
33 41 751
90 30 15
67 39 796
80 40 279
45 24 707
41 75 408
38 60 662
34 40 894
21 34 424
60 13 787
38 89 821
14 46 685
53 29 552
82 70 895
65 79 603
89 85 899
62 20 29
61 69 616
47 29 884
27 47 696
4 16 888
78 61 694
65 25 906
40 1 560
88 85 186
16 97 894
79 72 707
95 80 313
99 29 375
67 60 373
12 49 668
70 43 686
89 59 209
90 70 944
4 55 947
8 42 449
57 76 974
73 24 413
50 42 263
9 25 154
5 34 56
75 74 514
95 56 187
90 38 941
18 65 438
32 42 665
46 45 105
65 87 982
70 4 408
64 34 745
92 21 224
57 20 399
63 94 967
38 39 360
64 19 278
60 52 723
40 55 732
73 46 275
89 6 809
81 32 241
36 48 333
99 86 987
3 23 177
56 35 783
56 72 564
85 92 640
39 75 688
15 28 802
95 63 826
16 51 716
8 88 465
27 30 809
35 3 601
92 70 238
27 7 973
71 80 497
92 39 999
51 81 398
96 77 134
92 78 614
58 73 854
42 12 809
93 11 236
15 12 116
6 14 98
23 14 289
98 78 163
71 86 747
13 48 361
1 95 782
18 76 130
51 7 313
13 9 70
56 9 573
66 72 137
15 21 303
41 50 115
26 44 974
20 80 669
33 38 463
16 31 779
27 72 691
65 1 95
38 79 243
33 93 273
96 53 241
67 85 322
85 89 483
14 47 446
71 20 424
37 49 403
28 56 759
24 84 173
20 10 444
95 71 736
39 69 997
58 91 505
49 99 313
39 30 71
93 26 286
29 99 560
18 100 721
11 35 2
31 62 841
30 26 215
59 80 533
49 84 76
78 33 312
69 18 792
80 26 808
16 89 690
62 83 493
3 85 35
74 76 298
60 49 637
35 50 964
39 68 908
64 35 724
96 39 144
30 12 772
97 89 357
72 83 604
16 1 150
82 14 440
40 84 916
54 55 257
46 9 809
74 39 844
21 61 523
30 52 960
63 6 842
9 75 473
29 55 686
88 5 756
23 41 684
4 71 354
9 22 372
84 23 304
49 24 58
1 100 176
81 42 881
88 1 300
55 90 750
76 1 687
10 20 764
68 54 906
51 49 821
65 11 655
90 6 618
6 44 857
3 69 260
100 16 680
83 37 8
19 78 555
55 48 987
42 22 571
59 36 830
49 95 250
76 32 893
83 33 210
76 88 492
13 28 911
60 74 507
94 20 135
88 27 852
85 25 692
75 45 756
33 24 578
35 92 909
18 36 242
63 74 585
19 25 394
35 70 210
15 93 676
45 42 75
82 61 881
32 87 931
40 59 906
55 74 333
69 71 308
20 12 874
10 88 314
82 36 774
96 91 843
53 79 496
76 59 523
90 48 388
48 41 848
75 67 490
66 60 318
88 46 178
86 33 971
29 90 265
63 16 908
34 38 624
44 56 899
9 76 936
92 29 903
75 71 367
91 77 997
66 81 866
91 78 952
55 66 181
93 80 632
9 84 88
5 71 64
67 32 136
99 80 714
43 89 727
21 32 4
97 53 441
90 23 2
4 64 880
76 71 839
89 22 621
28 38 110
20 63 493
37 27 786
5 60 137
55 16 18
11 69 967
16 35 841
3 55 252
58 98 194
81 1 920
54 79 988
80 76 573
2 13 190
87 61 30
94 79 623
97 49 46
91 10 439
55 44 431
22 83 342
27 83 203
10 49 427
11 10 618
2 63 449
86 34 453
28 18 179
58 42 653
19 46 959
38 18 182
94 96 463
11 39 976
84 21 346
67 74 171
81 73 498
7 75 726
45 89 448
20 8 351
48 45 376
99 22 57
99 66 983
49 35 989
66 43 279
84 36 488
57 12 74
41 63 617
16 78 281
66 7 910
14 71 881
66 26 307
39 92 971
94 74 317
8 63 103
42 81 490
71 19 225
52 15 819
7 18 992
96 1 799
5 1 24
76 67 118
29 84 86
90 66 391
73 6 974
21 73 538
36 6 416
74 46 447
33 90 399
9 90 923
68 91 215
4 32 809
55 6 994
100 14 387
29 82 948
52 17 620
45 28 256
22 44 731
33 25 663
32 67 361
36 9 670
35 88 136
31 25 969
32 86 304
79 100 632
7 72 854
61 92 20
18 49 931
67 76 181
62 73 991
67 73 133
67 72 347
85 43 38
91 48 154
68 75 52
56 81 543
55 78 335
59 17 814
77 75 668
2 37 643
18 6 640
38 19 982
45 77 825
44 50 33
56 97 927
32 75 118
3 89 924
55 49 124
89 96 969
24 57 898
64 40 907
86 39 338
33 91 321
80 17 689
96 58 855
67 57 811
91 28 119
11 82 606
49 77 901
41 37 336
79 82 302
79 37 773
66 92 259
91 65 883
53 48 721
64 92 292
85 29 310
64 1 620
58 71 942
42 56 833
57 80 1
5 35 244
97 60 68
55 19 941
91 69 645
45 67 344
99 73 112
59 27 830
5 6 884
34 6 809
32 47 245
84 53 522
41 79 72
4 31 448
46 68 172
6 10 777
53 44 946
83 91 569
85 50 215
11 86 4
58 84 350
81 11 291
58 96 924
84 89 722
24 100 4
12 44 830
80 56 441
75 65 875
84 86 294
14 41 869
70 26 190
18 40 301
25 51 264
82 53 425
87 76 730
46 58 845
23 96 844
33 1 836
8 7 896
68 62 38
11 32 817
72 18 150
78 48 353
99 26 958
83 56 558
19 80 970
32 6 299
100 27 15
15 1 531
13 49 8
4 77 880
100 94 610
75 70 369
86 70 200
76 65 178
39 49 102
22 87 884
67 36 890
49 48 72
57 26 971
22 26 288
4 25 961
93 38 365
15 49 823
77 24 39
88 87 687
1 59 683
7 35 936
27 39 894
97 59 947
16 99 282
21 54 362
32 51 154
28 55 339
27 95 288
66 14 812
87 68 177
46 1 689
52 50 98
50 14 353
20 19 69
71 5 779
70 78 873
97 100 632
100 78 195
74 29 359
5 83 716
3 78 725
82 38 427
71 50 101
97 11 559
45 34 802
17 81 418
92 83 68
93 67 113
18 92 948
98 4 337
85 83 592
65 66 58
46 98 326
66 78 999
68 53 83
40 17 770
71 98 539
56 14 804
59 46 541
67 13 351
49 18 830
86 66 465
29 74 256
25 53 819
12 65 871
37 84 155
86 91 546
55 58 986
40 28 269
63 73 698
81 98 397
77 4 219
49 54 455
16 98 425
1 86 340
32 98 849
41 67 673
39 9 347
80 47 413
78 29 365
24 55 268
46 77 321
26 79 45
55 64 67
50 22 265
90 19 877
94 16 773
27 96 32
80 18 846
3 28 398
65 22 237
90 9 700
72 54 705
7 19 956
75 24 636
54 24 95
61 44 832
66 100 184
6 75 464
37 20 464
60 27 988
87 35 593
72 64 299
67 51 758
81 64 833
28 6 592
71 38 755
77 78 190
99 54 689
61 27 239
4 21 543
60 98 309
6 7 382
50 47 644
71 23 848
20 91 251
24 22 412
60 31 242
69 20 786
8 31 553
58 24 256
48 33 683
68 11 640
98 34 167
45 52 480
32 36 172
60 18 908
57 52 634
58 34 684
16 73 4
9 10 638
67 1 982
58 1 769
91 1 631
28 87 22
78 88 652
25 80 617
38 75 131
42 29 598
3 50 360
53 38 607
11 48 689
12 59 412
78 17 265
29 80 743
5 28 312
40 6 893
60 3 660
68 99 329
72 65 760
34 47 564
20 32 480
32 45 988
93 8 459
80 45 834
33 59 762
70 35 809
40 97 375
6 58 612
95 25 397
12 54 937
71 29 595
84 41 757
82 5 803
8 70 442
19 74 489
24 88 523
3 68 266
70 14 894
55 21 47
83 6 168
18 70 399
73 63 805
48 56 889
72 46 52
60 17 931
44 76 798
53 47 920
89 34 209
46 19 286
98 84 723
83 54 98
56 42 495
95 55 117
37 73 870
58 21 158
43 83 87
31 83 934
83 85 418
68 100 144
13 29 730
1 48 67
71 65 466
23 70 302
19 34 49
80 25 993
1 69 406
100 51 646
96 98 724
94 5 821
69 89 57
46 99 134
2 97 82
57 32 921
22 25 223
37 88 885
100 4 321
12 74 893
14 12 208
86 23 315
66 39 877
45 78 907
40 66 359
14 80 535
57 27 362
88 45 776
57 89 388
18 83 467
15 87 929
36 83 398
34 72 992
3 77 41
1 60 355
98 18 487
17 53 456
100 59 990
10 99 44
93 48 951
77 94 936
82 23 246
22 52 395
88 57 979
5 91 536
93 82 651
72 27 670
96 72 791
18 47 268
64 81 366
41 8 456
32 94 471
92 82 240
35 91 626
23 8 432
100 85 569
6 38 312
28 44 82
62 82 175
91 7 759
7 87 617
15 36 140
97 6 305
17 92 526
67 35 623
39 78 288
21 89 26
93 39 323
91 94 965
81 26 634
25 83 280
25 78 447
47 24 19
100 54 108
78 77 948
93 56 149
75 28 123
98 62 622
1 25 463
23 59 350
3 100 183
56 19 959
17 35 959
37 97 743
52 46 748
2 54 405
76 13 819
10 91 797
96 63 1000
37 46 761
66 49 714
58 87 362
69 48 620
55 87 458
11 68 401
43 60 671
33 48 68
52 11 248
86 38 550
54 65 136
1 62 167
26 24 646
30 27 513
100 96 901
3 24 358
11 98 220
1 35 441
96 80 514
19 51 329
46 43 890
93 75 331
79 64 875
100 65 649
19 75 888
93 40 968
4 52 921
75 72 344
91 49 726
13 46 15
93 96 802
82 16 857
69 29 957
86 12 694
21 24 933
18 60 579
22 100 180
11 83 783
53 31 997
13 54 22
97 37 484
35 5 119
95 81 246
12 62 668
51 74 557
41 88 500
6 86 603
41 84 323
52 73 879
100 5 60
23 4 883
26 2 941
87 75 23
53 34 691
15 56 264
58 94 950
100 77 54
48 40 247
11 64 574
42 40 621
35 28 388
42 58 572
83 70 514
57 44 40
94 44 551
23 91 422
73 27 486
69 36 305
45 26 191
64 73 9
10 65 153
43 96 925
53 22 752
49 2 527
62 63 911
100 98 295
12 11 196
19 72 537
50 74 687
63 91 792
54 2 561
75 38 26
72 21 875
63 11 669
87 72 709
68 74 224
30 33 881
41 46 72
76 10 681
31 100 613
53 37 560
75 1 440
57 82 596
89 94 390
12 43 386
95 94 342
85 94 17
72 3 357
40 60 92
15 74 51
88 100 134
76 25 312
70 11 745
25 30 791
64 99 647
47 92 980
39 41 916
91 21 163
21 68 536
66 47 701
54 27 835
74 60 513
71 96 210
96 5 97
57 56 71
9 5 178
10 42 236
22 49 219
60 8 517
30 41 796
41 39 675
62 71 757
7 33 769
13 12 132
76 90 396
11 54 516
23 55 960
56 52 592
29 24 83
12 58 64
63 62 789
60 44 442
93 59 838
2 20 585
5 78 625
9 100 448
68 17 978
79 35 77
3 18 283
47 93 34
60 61 469
91 82 835
67 52 841
89 83 176
69 84 262
19 20 278
59 21 485
93 95 673
84 70 187
88 36 253
33 43 154
80 62 510
41 33 536
79 62 84
40 87 671
80 91 40
73 92 562
2 99 794
64 43 872
27 87 728
42 78 691
47 76 348
86 67 742
84 31 238
28 84 946
27 29 498
47 98 135
73 47 620
21 16 385
29 51 87
13 19 423
92 74 535
20 99 413
83 72 81
32 34 1000
10 87 937
84 83 43
32 56 250
98 2 31
85 70 49
18 73 943
85 69 615
30 91 782
100 12 408
7 98 31
59 93 657
93 66 42
4 73 590
84 79 388
8 100 391
90 40 528
53 20 75
70 62 341
54 4 4
34 16 250
13 35 398
60 62 332
37 95 13
52 97 983
38 99 367
61 41 530
21 67 291
64 36 147
95 39 170
51 21 197
47 94 435
10 62 951
43 40 565
31 18 570
60 29 738
45 100 48
22 78 960
32 73 980
4 96 468
18 39 335
55 2 48
15 37 406
18 9 579
7 67 279
58 70 154
42 13 362
63 36 871
9 40 593
39 14 108
3 36 76
38 81 672
73 55 571
83 52 17
50 13 261
98 28 60
55 85 151
3 11 560
69 62 172
23 85 852
100 20 362
21 94 268
22 77 62
35 23 227
96 87 752
88 90 888
88 19 316
62 60 729
35 4 381
29 18 201
59 83 345
46 75 840
100 35 685
79 97 380
89 84 906
60 96 743
18 45 66
14 9 658
12 90 907
67 50 694
46 56 361
80 30 968
94 4 727
8 97 465
55 12 171
79 86 170
24 63 718
90 51 120
45 85 405
86 57 15
71 87 723
89 78 273
1 92 217
1 21 717
5 14 686
14 72 5
94 22 800
48 63 593
61 46 898
81 91 831
12 47 417
4 99 550
78 96 446
32 39 816
33 77 998
10 7 306
46 100 137
27 1 115
26 60 997
26 39 615
25 40 518
54 9 37
34 60 333
86 30 472
8 38 474
93 32 738
90 36 958
71 25 964
49 9 522
61 58 464
5 15 168
74 69 161
27 74 754
43 37 245
8 90 632
11 16 153
15 60 521
50 16 897
88 26 80
32 41 102
96 18 108
44 24 286
76 77 155
21 2 859
14 69 694
75 63 582
88 67 885
94 29 734
51 82 570
89 77 254
57 11 73
1 84 854
67 90 37
42 96 778
94 37 367
24 46 220
40 53 508
46 37 454
64 51 129
12 82 469
24 69 379
62 31 741
32 58 826
67 19 642
35 44 917
83 76 710
25 44 254
27 76 253
95 67 365
37 21 824
78 35 264
71 22 345
73 40 410
15 84 294
84 47 772
14 43 874
30 11 464
17 55 288
24 14 749
9 71 948
18 54 391
97 68 179
34 50 752
25 19 237
46 78 402
37 94 388
62 17 24
95 16 497
65 42 314
49 74 376
32 91 124
15 18 504
24 1 40
69 2 55
41 95 142
49 26 772
94 24 441
21 11 991
80 96 599
42 47 489
13 94 158
70 13 588
18 42 153
87 9 704
25 1 131
84 64 899
95 100 930
63 3 883
62 25 821
64 39 530
95 3 146
69 88 168
77 63 531
5 63 770
77 80 57
98 55 237
14 8 966
84 18 96
38 87 708
35 94 464
96 42 933
73 53 739
53 92 707
87 40 256
93 58 256
84 54 538
70 63 150
12 91 310
45 84 36
83 90 95
44 9 238
90 92 28
88 6 881
77 71 180
24 15 314
28 19 465
57 93 656
99 25 154
84 29 723
85 53 477
78 22 236
32 85 620
89 66 973
25 76 677
38 66 197
54 70 408
46 65 327
91 86 227
84 76 74
46 21 336
9 42 481
45 63 203
78 86 27
96 29 693
64 12 148
21 19 426
99 17 910
96 65 622
89 99 483
86 32 43
31 59 126
38 26 887
21 42 65
82 17 534
97 82 309
45 57 747
72 36 106
31 33 145
21 23 328
66 45 226
25 97 662
62 8 712
40 33 954
44 78 987
17 22 502
49 64 263
53 74 274
65 29 182
66 50 529
54 73 485
19 43 485
33 82 232
3 67 580
12 22 618
70 7 918
76 95 593
66 32 642
16 96 14
63 26 385
69 26 91
30 50 397
50 21 273
4 10 808
59 39 415
67 15 461
11 22 856
85 67 387
59 72 246
96 43 94
22 17 880
18 37 994
55 100 736
45 33 514
74 38 57
79 38 63
10 25 243
49 80 248
73 23 826
1 36 98
50 89 614
30 81 925
99 41 243
40 74 283
35 81 898
35 14 767
27 94 236
88 50 434
68 31 765
54 20 763
85 22 33
88 53 29
38 74 984
17 3 975
21 13 471
96 9 876
7 57 39
17 61 254
17 96 236
46 51 523
92 88 688
91 24 129
15 24 32
53 49 273
5 54 840
43 28 152
88 40 252
67 99 395
58 79 857
65 31 949
48 51 39
88 95 270
91 54 695
76 27 260
41 47 92
42 20 60
11 84 575
99 23 262
31 61 215
60 84 805
33 67 738
32 29 755
70 77 228
15 76 291
64 38 25
91 36 31
91 27 135
12 68 397
37 52 961
51 96 980
35 2 500
67 26 347
20 87 595
28 26 30
3 41 644
45 61 622
50 37 921
95 49 948
45 22 275
37 35 775
3 47 657
87 59 545
96 90 124
45 30 860
65 54 541
39 59 940
87 28 162
59 53 133
62 3 389
48 67 497
73 56 64
31 52 301
50 53 919
82 76 411
50 72 493
33 18 48
53 25 629
5 23 355
1 89 897
71 49 153
20 46 443
43 70 400
22 70 690
73 41 889
84 90 288
61 82 397
65 80 620
93 86 442
94 95 98
8 98 571
68 81 491
84 63 724
13 99 924
59 79 65
89 91 533
50 29 110
87 4 789
33 40 883
47 79 595
56 86 858
57 49 280
56 18 927
41 36 965
10 39 618
95 68 315
30 46 897
34 62 688
88 9 482
14 34 599
66 63 340
60 4 512
27 16 766
36 98 225
99 75 387
92 99 98
58 74 637
44 43 39
94 34 14
38 31 975
23 50 1
47 17 907
56 61 427
12 8 974
27 13 174
69 76 157
71 17 890
23 56 586
23 27 35
36 49 177
67 33 795
88 39 239
27 22 555
34 93 509
93 77 688
49 23 194
29 45 323
85 55 178
88 69 887
30 77 941
100 57 182
91 17 746
72 37 122
65 61 410
21 63 210
32 50 5
6 77 127
22 29 623
86 50 347
50 60 429
43 10 827
65 14 780
28 68 756
54 86 267
91 4 235
24 93 594
94 43 153
3 42 20
52 6 464
36 47 370
56 67 327
86 18 660
99 76 83
73 20 629
93 46 766
6 17 925
6 11 42
55 50 680
47 48 373
5 97 271
81 60 119
61 31 749
76 22 447
71 92 599
32 52 369
99 11 908
35 61 209
69 30 673
75 27 252
90 7 302
79 51 411
87 100 22
44 17 712
40 72 896
61 90 364
63 86 382
44 42 818
19 93 735
25 64 255
88 37 770
24 9 499
51 91 902
66 96 30
28 30 863
82 100 858
83 87 676
40 78 275
60 75 701
56 27 223
69 51 156
20 56 726
34 28 353
47 2 925
83 19 340
59 47 338
32 2 441
49 42 207
36 43 854
36 55 816
35 49 110
23 49 431
17 48 520
82 30 919
24 86 570
64 90 932
79 66 611
73 93 56
99 35 151
51 52 807
41 30 388
16 82 647
39 55 353
46 20 409
32 93 404
79 95 586
74 13 846
75 34 329
72 29 931
40 85 64
26 58 453
78 98 393
53 96 126
52 85 255
67 62 837
30 74 560
48 54 336
78 56 56
43 54 904
25 59 439
52 70 239
55 51 165
48 47 453
63 40 789
7 63 871
71 70 673
89 31 657
48 89 168
66 99 706
81 94 689
38 5 693
73 12 727
49 37 267
99 3 68
35 29 782
67 94 560
14 54 126
16 20 930
97 12 968
62 45 82
2 72 791
84 14 334
85 5 826
40 4 976
14 6 695
16 10 653
99 43 620
85 63 398
42 86 570
76 19 188
97 20 127
86 84 71
94 8 788
14 68 394
33 27 289
78 54 79
68 61 131
61 97 952
69 70 429
68 94 215
12 73 913
97 29 990
37 58 94
53 1 71
5 89 487
37 22 194
39 81 563
52 81 161
48 20 5
90 54 350
57 34 778
50 51 490
44 29 729
84 22 192
95 90 1000
100 11 200
41 3 29
76 53 932
66 9 991
17 40 557
57 42 235
18 44 451
56 63 548
25 35 292
83 23 220
53 71 314
29 39 415
24 72 491
27 32 34
96 30 37
92 85 139
48 92 547
20 98 552
60 32 667
100 55 404
52 79 711
36 25 338
7 17 310
74 48 693
1 72 583
45 54 413
51 4 219
38 3 575
65 72 92
86 16 82
93 53 690
25 9 660
80 50 76
20 93 794
7 97 845
81 36 408
27 18 447
60 82 760
93 9 369
60 22 252
74 10 276
19 12 95
28 69 528
7 60 173
49 34 25
10 2 956
65 97 229
73 38 673
44 49 507
13 45 281
21 12 782
17 65 105
86 26 379
82 28 694
46 80 801
7 44 576
26 69 113
77 3 557
4 48 635
97 38 72
90 46 77
61 88 232
51 24 633
89 72 327
3 25 730
44 67 145
84 87 600
75 19 485
6 83 237
10 32 717
44 98 60
59 11 661
72 6 128
92 84 925
26 13 485
60 35 654
22 95 412
37 63 345
70 6 82
26 49 21
93 54 682
57 54 1
59 64 841
58 2 883
19 99 808
10 64 150
29 92 918
90 17 923
84 91 539
20 92 713
69 59 731
48 52 806
93 45 149
64 63 173
11 100 277
84 50 145
58 16 511
12 56 22
83 49 250
34 56 456
98 25 47
87 5 215
60 68 206
76 11 932
95 85 154
92 15 218
18 56 432
62 23 104
85 21 102
53 95 35
16 4 908
87 52 210
10 3 467
92 35 936
71 53 856
73 34 180
25 87 949
70 81 369
31 96 249
100 79 296
5 50 461
29 9 616
5 82 187
47 37 270
31 29 508
27 26 364
57 35 701
37 47 923
51 59 524
14 86 46
83 63 730
26 61 349
64 21 101
83 60 925
50 99 441
6 59 21
61 7 739
50 62 782
2 36 186
100 74 694
16 75 433
72 77 701
27 91 885
78 44 442
60 78 205
29 49 941
75 53 703
89 63 486
34 75 227
65 69 489
96 83 375
84 74 704
88 51 329
84 20 671
87 3 927
63 51 919
48 27 579
64 94 1
76 4 322
81 92 695
48 53 302
41 53 187
79 45 170
28 41 476
85 20 250
31 26 216
43 93 886
83 67 18
29 8 952
2 26 182
13 58 820
43 47 971
47 75 813
87 48 471
19 81 797
18 15 97
1 81 785
57 90 228
40 16 940
63 75 70
55 11 577
35 8 796
59 37 125
57 87 950
88 76 728
63 89 213
89 61 253
20 30 982
18 78 303
85 4 916
68 56 971
75 15 392
87 6 350
1 37 329
68 76 107
99 44 36
38 24 839
70 24 147
56 45 730
85 2 292
93 76 156
48 57 229
81 59 739
78 52 995
61 80 721
80 65 274
18 57 46
13 43 804
53 39 880
6 50 803
86 1 445
53 63 858
89 7 176
83 4 890
69 73 938
69 83 319
14 25 933
68 50 238
86 31 892
87 20 788
45 72 88
2 1 77
19 89 667
23 26 845
85 74 681
40 19 426
27 43 758
47 49 528
45 70 74
37 11 28
58 65 285
54 59 930
77 50 15
6 91 977
79 31 874
60 26 239
27 78 517
94 47 802
6 24 578
84 85 220
72 87 218
26 72 90
79 74 964
5 92 308
76 50 880
54 25 589
66 29 704
4 81 64
20 23 686
34 100 987
93 83 827
15 67 165
45 80 517
73 48 487
85 9 309
77 35 709
5 87 539
98 41 40
59 52 159
51 27 553
11 91 203
68 98 916
44 82 719
82 84 483
6 73 71
13 87 894
99 24 614
78 53 859
64 50 665
44 95 121
78 51 757
57 30 243
95 34 877
32 37 1000
54 40 516
52 91 724
83 69 622
29 50 383
64 31 180
13 21 74
55 98 417
19 29 577
50 18 189
89 55 769
98 58 566
67 46 307
30 29 522
42 21 747
83 9 33
8 51 700
46 90 247
15 70 361
20 34 536
30 32 388
30 51 986
98 67 795
4 29 81
13 47 52
62 98 106
48 62 800
2 14 962
3 53 405
100 1 295
69 21 426
57 62 156
61 85 139
68 37 450
72 31 399
81 66 354
86 10 117
35 60 676
71 34 977
81 95 870
7 74 372
81 57 256
1 3 944
19 32 876
80 74 923
66 76 746
10 53 102
12 17 783
42 73 480
40 13 715
35 76 70
35 66 347
48 65 55
10 73 557
47 100 291
10 95 16
9 59 734
9 6 229
43 74 72
47 40 465
23 34 865
33 9 931
37 19 184
81 63 442
53 35 286
24 87 695
31 23 218
17 89 437
64 97 247
31 99 52
67 82 434
62 75 612
58 31 706
61 23 842
55 69 235
55 4 61
70 53 473
3 5 754
20 11 801
6 22 710
48 4 948
79 71 365
85 79 64
5 47 672
22 57 840
87 98 447
26 71 532
21 7 336
17 21 354
61 74 154
90 3 677
54 83 924
78 43 555
94 68 334
90 98 269
74 72 832
12 35 493
92 95 720
21 5 342
15 48 506
39 72 425
56 22 809
96 50 761
40 43 510
84 39 490
83 92 588
92 1 8
57 65 517
99 60 807
1 77 831
31 20 731
28 54 329
92 89 899
14 57 612
98 94 907
25 14 448
7 79 580
78 5 202
60 1 702
67 89 576
15 41 873
38 62 888
17 91 420
99 14 351
59 2 739
76 47 414
41 73 205
65 47 300
52 41 333
64 61 511
45 90 942
58 92 154
79 26 389
65 44 902
47 91 129
15 31 334
47 18 463
77 90 548
1 76 725
100 72 237
71 66 824
62 13 579
61 57 911
26 22 833
19 41 199
100 80 671
69 58 683
22 53 52
98 90 780
99 47 617
53 9 195
27 88 599
56 26 445
75 91 119
64 86 511
13 89 145
41 17 404
86 62 853
96 34 202
14 55 643
51 43 470
1 18 314
25 70 547
21 27 378
34 49 147
16 84 139
16 81 2
86 20 936
1 85 139
75 7 821
67 59 191
28 53 79
21 41 40
39 46 4
73 90 898
16 9 900
65 76 829
58 60 155
13 2 509
71 69 353
15 47 943
87 45 185
85 3 521
63 39 685
10 6 100
38 94 742
46 85 754
8 6 733
18 64 442
95 73 643
19 17 910
59 24 948
63 5 138
54 38 559
25 4 657
73 10 268
68 34 230
88 74 444
12 30 696
83 30 630
66 22 957
41 76 497
17 59 790
17 19 125
84 52 411
56 37 70
63 42 605
63 19 839
85 30 104
51 35 808
38 35 363
64 26 313
89 88 400
19 92 902
34 54 570
60 99 815
94 90 436
91 25 129
45 59 82
58 9 961
49 68 649
74 64 286
11 34 661
24 41 508
5 99 242
15 43 78
54 15 212
54 91 512
22 35 103
75 83 4
30 4 380
9 13 146
69 91 907
22 41 609
78 19 205
53 3 727
88 23 423
75 17 967
61 87 954
34 66 974
77 25 899
68 20 91
15 20 644
7 28 280
10 61 396
92 61 611
58 48 511
100 42 331
14 19 962
39 8 794
64 87 955
16 67 686
51 62 162
40 91 95
50 63 69
75 94 518
90 97 776
44 63 132
87 82 378
89 62 935
42 71 35
56 89 191
59 62 694
58 52 679
97 10 215
90 75 680
16 46 738
17 34 240
56 53 669
21 3 844
11 23 440
48 95 396
17 5 6
79 20 701
97 85 522
84 38 311
98 13 861
66 12 325
8 78 745
95 4 808
29 32 958
74 95 532
21 56 852
55 3 553
48 86 857
90 69 20
32 82 669
8 27 109
20 43 56
54 3 37
1 23 861
14 42 873
24 60 232
76 44 913
88 79 93
97 57 376
65 39 673
44 27 265
25 58 537
98 15 1
46 15 619
90 85 954
57 66 836
73 54 504
49 12 588
42 77 351
58 43 851
36 19 831
62 59 325
27 66 685
94 57 612
6 81 1000
14 45 250
47 7 842
45 18 900
43 57 279
2 46 550
99 62 950
57 15 833
3 98 27
90 56 606
39 58 339
79 91 753
44 70 149
79 63 424
78 91 378
87 29 732
65 55 378
35 83 548
93 43 95
39 94 918
20 7 220
41 94 994
10 52 180
71 9 994
7 68 534
3 58 45
100 48 742
28 45 489
8 91 225
54 75 37
89 98 540
36 33 111
14 40 837
48 100 653
31 95 376
50 25 997
42 53 699
49 7 757
77 88 221
71 43 473
81 8 852
49 25 939
92 62 248
13 52 461
4 70 380
71 76 721
72 40 175
63 69 75
16 58 179
41 61 484
88 99 459
93 15 659
50 23 564
91 87 800
74 35 550
54 42 997
6 63 611
16 24 423
9 43 673
96 20 327
94 80 651
92 46 43
100 60 237
55 76 522
39 23 419
88 22 240
60 70 21
79 1 650
69 28 744
59 87 454
23 7 631
3 71 203
52 80 638
48 90 479
45 79 635
51 41 850
42 43 326
26 66 669
69 32 752
8 81 763
12 87 785
35 47 404
47 69 52
9 51 276
43 20 598
6 46 550
84 11 245
81 29 809
98 21 710
60 45 478
41 60 615
87 24 441
81 86 307
11 81 759
46 47 741
23 46 715
74 5 861
3 97 63
62 6 369
13 66 31
52 72 76
74 97 530
74 54 860
44 34 924
38 37 732
64 13 912
62 52 772
1 51 322
55 22 888
29 34 895
6 39 708
16 85 847
19 50 774
35 40 36
34 3 408
51 57 65
91 13 639
42 41 77
100 90 160
12 52 978
52 47 833
88 72 149
81 76 502
20 71 261
10 58 719
14 5 997
76 86 327
31 47 748
13 90 685
28 32 433
76 91 583
72 86 212
93 25 291
56 1 283
31 28 995
7 41 618
30 93 606
97 46 541
60 46 791
73 50 907
21 97 13
92 3 544
92 98 169
10 71 2
20 82 399
44 23 752
79 13 460
52 34 227
92 100 599
3 51 231
34 32 337
37 83 939
2 15 966
68 13 985
33 46 159
4 2 445
97 99 816
32 68 104
79 53 866
62 35 43
8 86 477
18 53 572
25 52 739
39 63 164
28 78 221
56 16 179
71 77 378
47 70 882
15 4 193
56 49 672
93 72 265
36 7 796
93 65 628
45 83 559
90 91 817
16 59 532
19 18 887
72 63 78
74 96 593
77 32 11
93 98 981
81 77 79
93 18 989
21 81 635
94 12 641
51 94 427
18 25 969
96 74 577
25 29 78
30 53 693
48 82 634
19 26 988
75 73 360
12 21 994
71 1 794
37 44 349
93 79 524
88 31 451
54 94 139
56 51 860
54 41 231
49 51 969
82 6 409
73 82 804
27 41 677
66 65 775
33 84 82
94 31 100
93 81 63
89 38 156
52 49 721
64 7 996
7 95 468
72 93 741
22 75 344
6 53 641
9 88 1000
67 3 746
80 35 410
9 95 541
8 34 988
91 6 442
68 2 949
9 14 318
13 1 254
66 30 506
90 87 236
56 65 482
48 46 451
33 39 794
18 1 656
27 73 602
61 5 782
35 30 604
35 96 48
10 36 744
22 43 369
76 18 266
65 90 810
29 53 135
35 57 656
64 27 754
65 48 234
23 97 223
43 66 829
39 25 614
70 5 234
79 52 545
63 48 656
90 93 925
90 82 278
23 67 89
60 56 10
33 75 613
71 67 435
75 29 876
83 45 647
40 75 395
46 44 282
71 44 213
47 82 129
87 46 955
26 95 877
6 76 764
6 66 107
90 43 62
63 21 617
74 12 53
97 62 885
97 87 249
94 48 449
67 68 914
47 39 351
31 51 540
100 99 106
1 46 965
32 48 220
86 77 909
1 38 146
75 97 182
61 32 669
28 70 988
17 16 421
68 18 509
64 69 900
44 12 679
58 38 394
13 95 193
59 95 485
70 40 94
9 12 400
39 26 691
31 65 580
14 15 273
43 46 447
24 43 283
64 57 427
58 26 59
62 66 647
50 38 968
27 77 358
11 70 960
7 83 167
13 98 82
52 59 375
91 20 321
89 68 766
12 36 492
17 10 410
66 69 785
40 35 819
72 38 295
52 63 355
15 32 590
52 45 258
37 33 701
31 67 349
48 44 982
5 7 350
13 70 855
51 40 658
52 65 224
49 83 601
82 67 763
79 11 412
24 3 946
13 5 987
11 60 211
31 4 597
45 76 61
50 39 779
20 38 659
80 100 597
29 17 872
33 97 355
43 2 255
2 5 696
21 77 877
76 14 682
41 78 649
2 66 498
94 67 734
41 66 677
93 94 462
86 42 380
90 44 522
37 79 966
13 25 901
82 89 571
46 10 142
35 22 854
85 77 840
9 11 215
43 33 53
68 69 25
70 57 943
84 8 475
2 51 888
70 79 761
24 73 790
74 20 661
6 47 138
43 73 249
59 13 324
24 76 167
58 12 485
17 98 327
1 57 536
55 56 302
56 73 961
65 3 802
99 65 977
34 90 524
80 79 989
63 100 731
58 68 794
68 65 643
80 72 423
84 42 719
52 27 897
61 53 72
52 78 357
96 19 462
23 6 669
18 74 489
54 11 86
84 55 288
96 55 263
71 16 578
12 27 354
72 98 275
71 21 519
69 44 47
39 45 246
86 15 538
14 38 946
94 17 869
79 18 824
11 30 741
65 91 103
94 84 804
68 32 120
85 40 717
14 87 30
68 86 232
96 12 834
43 24 203
71 33 397
1 5 280
67 2 183
8 52 61
25 12 481
16 72 721
4 44 365
44 68 849
65 24 145
84 10 420
15 51 179
58 19 499
64 3 136
81 100 945
100 69 475
86 74 714
52 1 415
82 41 290
38 9 718
85 90 20
94 93 688
75 25 652
9 15 781
62 65 474
33 5 184
15 23 513
8 65 43
95 6 651
34 14 982
52 32 798
79 34 263
30 24 566
43 22 58
67 79 875
73 87 732
10 33 575
1 99 509
23 79 364
82 86 60
53 51 828
35 6 293
77 98 852
7 6 598
62 96 67
71 48 405
72 48 736
43 19 334
62 57 8
59 96 941
66 15 453
28 90 25
42 15 891
39 11 356
63 30 511
54 46 415
40 86 793
83 42 659
5 66 119
64 67 422
11 94 674
85 68 536
48 94 595
28 22 794
39 51 182
39 34 535
29 78 270
59 50 816
61 50 176
1 50 220
3 88 39
36 3 885
86 83 252
83 15 499
95 75 640
25 66 625
2 91 174
28 51 251
12 99 318
14 61 115
87 90 3
63 95 283
34 18 18
89 5 768
14 20 358
10 80 410
17 93 236
36 57 875
50 12 544
4 78 802
58 86 736
79 56 74
89 90 633
28 7 943
40 49 882
70 47 432
62 88 10
23 77 913
46 5 25
65 7 721
82 52 942
15 69 77
75 43 967
69 14 785
4 33 463
66 21 950
10 37 117
29 37 764
62 100 624
49 72 156
69 94 889
40 10 901
9 63 485
62 86 371
67 38 352
56 33 973
1 4 240
43 38 755
35 98 922
73 68 262
56 77 910
19 49 178
16 83 837
36 68 611
6 41 267
83 62 953
39 84 796
63 38 870
30 57 929
38 17 782
63 33 144
43 30 608
39 3 106
34 82 583
94 18 497
29 44 609
15 52 503
74 81 37
62 94 177
16 63 839
22 9 235
53 55 747
2 87 840
6 29 226
36 44 106
90 80 61
3 94 146
34 39 753
45 58 751
43 50 681
61 43 669
59 61 205
59 71 254
83 50 307
16 94 465
60 90 853
21 57 136
92 96 951
69 39 602
52 37 295
45 74 622
36 65 612
29 61 801
95 19 565
95 2 957
8 53 821
24 33 112
12 7 674
24 7 384
23 100 589
98 35 203
71 24 479
100 23 487
76 42 229
56 54 51
43 99 359
6 100 929
35 54 776
22 12 825
19 56 891
44 22 386
43 75 67
12 42 941
62 28 696
64 47 447
51 85 931
77 20 783
70 1 905
32 40 387
24 61 580
47 10 731
20 29 810
7 84 508
86 72 602
44 92 609
17 50 102
85 54 829
100 17 532
84 93 855
60 34 364
81 5 204
6 71 650
66 51 166
14 77 296
49 38 491
44 40 303
24 45 718
77 11 308
52 20 842
37 90 408
18 29 848
61 63 798
96 14 544
8 21 205
42 51 577
19 83 122
