100 9900
1 100
1 4 862
21 28 672
32 17 373
43 9 475
8 85 60
30 92 368
78 33 698
85 72 307
17 33 467
25 83 280
49 15 875
29 78 977
50 89 828
3 15 144
51 3 593
1 78 651
78 71 558
21 69 593
96 65 999
25 68 296
9 78 496
89 51 574
96 69 339
1 71 989
78 75 198
15 92 785
59 87 690
29 10 629
29 88 162
28 55 961
18 16 269
18 58 499
29 16 610
74 75 81
8 6 107
80 81 382
62 44 741
50 35 819
82 15 94
68 23 571
26 37 838
70 91 319
48 30 767
75 56 724
42 55 596
89 67 113
48 41 115
6 55 674
9 93 839
69 93 278
71 74 500
67 16 231
95 37 127
99 31 55
11 87 555
70 11 669
2 31 905
54 33 443
91 35 354
49 8 851
77 19 923
50 13 893
41 21 808
59 11 624
93 55 327
45 23 185
70 100 630
70 55 98
75 15 233
89 72 439
99 16 40
19 1 379
40 37 83
46 51 461
68 82 567
26 38 583
88 61 258
70 56 879
79 46 206
70 84 752
91 19 776
27 30 703
46 97 189
2 23 900
33 87 764
97 28 397
84 3 247
6 51 423
1 16 710
32 40 548
27 16 293
8 71 331
79 66 567
90 3 256
89 69 33
42 15 4
53 77 571
24 87 62
67 21 804
53 42 40
100 17 47
6 11 804
96 12 214
77 99 498
4 60 803
93 52 661
100 77 716
90 100 733
79 2 367
32 8 784
27 86 919
5 90 925
49 69 379
43 75 697
35 63 510
97 11 991
3 62 357
52 65 811
64 96 499
49 100 240
20 44 690
76 4 613
81 47 169
64 8 963
79 88 431
1 23 578
89 6 475
94 87 860
73 99 213
16 67 826
19 2 817
57 47 440
15 80 873
10 60 800
22 48 404
51 71 781
32 4 605
30 6 466
22 9 656
86 35 306
48 92 724
42 9 809
26 4 348
89 87 438
26 43 369
66 43 636
76 82 456
54 62 308
25 41 725
66 18 961
4 33 895
47 52 878
68 42 583
15 98 471
16 32 614
82 49 136
47 15 331
67 83 857
16 18 748
28 35 248
4 91 690
9 67 15
62 59 771
20 90 812
65 49 782
75 20 379
91 53 875
73 30 594
11 35 354
43 58 914
68 74 996
36 10 401
28 93 237
39 9 529
52 54 225
20 42 970
51 58 372
38 79 915
69 58 528
93 23 23
98 50 971
21 83 96
44 7 998
39 71 866
83 40 656
28 87 182
37 42 83
97 1 188
11 7 637
28 81 119
70 41 489
53 11 938
33 96 274
80 86 421
51 29 726
34 43 433
98 37 587
71 49 176
33 42 484
36 47 65
19 100 551
46 90 822
60 42 299
85 58 282
65 89 254
63 5 475
83 87 222
98 67 701
27 91 237
48 36 808
61 3 416
23 50 513
26 56 605
34 58 765
71 17 925
45 72 559
55 52 733
90 55 604
85 43 22
95 4 733
91 26 644
94 79 57
10 36 883
21 95 587
99 80 387
79 47 507
74 94 280
17 14 993
14 34 155
42 50 104
39 30 275
7 30 842
25 38 585
6 27 394
8 77 416
4 72 516
45 73 4
10 25 529
81 63 264
84 48 456
5 67 668
43 24 580
59 84 25
37 83 805
92 8 265
52 75 778
46 39 170
90 48 141
93 63 592
9 45 37
70 14 194
10 35 625
44 58 303
70 42 91
72 97 216
81 43 704
99 43 35
74 11 595
62 90 610
78 32 626
88 28 262
8 38 12
33 89 177
8 88 376
16 26 473
92 43 153
13 64 305
40 58 853
84 17 744
77 70 163
36 30 924
42 22 242
4 87 838
2 19 524
29 63 547
18 73 247
17 89 897
10 26 895
70 13 419
89 42 892
57 2 881
59 40 930
92 58 650
39 13 88
100 52 967
28 41 672
47 7 84
76 15 879
22 56 159
62 64 953
98 27 12
27 20 985
96 82 150
53 29 604
51 32 327
78 9 685
90 5 391
91 49 415
80 10 680
87 29 130
91 82 87
25 96 392
86 78 945
11 1 282
72 24 401
11 68 34
67 98 720
68 56 368
33 40 97
30 80 537
55 3 675
57 22 527
91 44 644
28 58 722
22 50 657
33 60 535
44 14 514
79 71 223
44 97 751
81 42 7
94 55 468
47 55 828
10 6 634
18 1 704
89 82 53
15 86 26
94 1 105
99 29 952
1 7 66
25 31 771
40 81 743
21 96 365
93 28 372
43 28 723
88 54 851
7 21 478
76 20 759
77 78 685
68 67 275
34 25 243
41 73 446
21 24 660
27 51 752
82 74 977
91 76 164
45 17 178
94 7 116
90 82 892
24 9 663
87 82 724
4 76 523
29 4 747
41 3 337
71 100 567
37 30 931
52 99 477
39 33 119
11 3 715
34 65 347
24 15 140
71 90 557
6 33 936
31 64 992
7 59 754
40 86 344
60 28 49
44 51 762
2 12 854
60 59 814
87 19 956
8 65 632
53 8 843
16 70 167
81 59 90
41 6 898
76 91 477
54 21 256
88 44 385
69 8 46
5 9 499
94 20 55
68 95 27
9 12 90
24 67 546
67 65 350
37 94 443
45 77 731
35 59 932
90 42 475
46 52 932
96 70 273
34 69 136
64 7 284
99 76 144
35 90 221
99 38 527
4 40 130
16 68 861
40 1 950
33 98 440
42 63 115
56 42 122
81 10 93
35 24 456
9 71 489
95 61 520
90 78 186
96 97 518
27 68 732
72 44 192
80 13 968
31 56 779
99 6 345
66 42 124
51 83 476
62 53 276
48 61 872
85 11 870
10 89 513
84 37 638
43 85 712
3 21 436
83 25 952
24 44 705
4 9 515
3 56 464
30 2 173
40 99 114
10 93 800
98 9 973
57 55 738
33 9 87
38 87 801
79 30 461
67 9 254
8 11 917
39 98 512
19 91 153
73 51 416
28 38 889
58 87 3
89 39 445
48 40 534
90 96 140
44 25 515
56 84 632
19 55 317
19 97 374
89 2 90
63 59 630
66 8 806
42 36 769
65 1 774
78 64 652
83 39 586
3 2 650
36 96 632
64 88 20
20 72 682
12 66 756
80 30 116
15 71 595
58 70 179
34 79 525
47 42 500
53 55 575
26 39 308
52 19 606
49 54 107
57 5 682
85 52 347
39 37 521
28 94 487
80 71 999
47 75 244
5 63 738
6 47 773
48 7 660
16 40 101
42 17 574
53 35 141
96 57 181
72 89 406
31 85 435
59 68 366
78 46 30
65 67 645
20 75 999
82 68 144
59 13 987
33 29 866
34 61 653
28 13 965
51 82 201
13 69 442
72 41 34
67 42 151
44 15 850
90 17 68
25 61 763
68 73 623
65 2 827
40 20 663
98 8 834
13 19 567
66 57 393
11 91 117
19 84 598
98 52 311
35 22 135
98 70 877
49 85 475
38 10 653
33 5 753
86 96 927
3 41 690
26 87 107
26 9 446
86 1 110
46 30 974
58 40 509
46 89 689
86 99 249
48 85 353
55 91 401
40 43 172
66 35 370
31 86 244
9 83 249
84 38 940
27 88 675
43 87 333
78 51 652
8 87 160
15 56 657
74 86 150
39 23 630
28 5 647
52 56 412
30 90 183
62 84 852
35 32 407
82 31 861
78 35 678
55 63 340
69 91 134
67 8 203
88 68 485
21 15 221
67 62 800
92 50 751
99 25 674
86 29 227
65 25 582
8 27 456
63 18 278
27 25 336
69 22 556
95 47 871
66 76 273
13 67 186
14 21 129
53 20 213
5 39 21
26 19 213
10 64 284
84 42 623
45 25 458
69 76 148
75 35 873
97 89 922
28 32 929
84 26 207
11 36 971
37 61 812
5 51 810
72 59 542
82 34 729
97 10 311
98 32 792
15 53 995
60 23 792
97 66 86
5 71 805
49 75 241
82 16 562
86 44 858
23 24 505
76 87 582
7 9 111
62 76 807
74 50 460
41 39 59
79 35 608
20 19 551
8 56 986
79 54 815
58 33 471
98 99 776
33 91 232
71 93 373
36 3 660
70 28 603
58 88 506
51 42 5
97 79 199
72 80 874
77 15 644
90 75 271
73 4 475
45 76 460
39 90 964
58 44 621
3 76 572
28 85 685
30 89 670
78 89 513
85 51 882
29 25 541
68 28 298
96 55 193
85 1 441
1 55 169
21 75 539
50 18 216
31 46 321
43 26 743
87 56 724
82 43 917
56 62 302
36 76 435
35 81 405
40 16 277
5 41 93
62 18 150
58 17 367
17 36 848
8 34 259
14 56 699
69 6 354
74 78 302
47 16 955
79 3 39
53 47 18
89 25 307
66 74 207
47 18 710
41 24 209
32 86 409
13 58 106
87 93 802
48 74 462
46 48 391
31 57 157
6 40 568
32 89 167
51 88 774
11 99 863
75 64 88
47 11 329
54 5 878
97 61 604
67 35 222
67 82 756
19 39 289
18 24 952
52 64 165
95 81 911
44 48 881
53 32 688
74 63 469
56 72 445
8 24 582
18 77 675
60 80 222
40 68 456
52 14 358
46 54 977
67 13 217
98 93 717
13 4 322
72 75 723
35 17 775
71 40 762
12 25 215
36 40 858
57 82 201
76 31 901
23 34 490
16 38 442
54 20 61
67 28 405
9 3 53
82 7 669
16 81 148
71 27 713
45 6 764
76 54 994
94 64 814
71 35 314
91 97 120
61 39 538
37 20 25
95 46 222
15 59 103
44 81 430
13 39 893
89 43 534
87 16 99
93 49 665
89 90 919
27 35 766
24 66 441
88 24 292
53 92 747
76 73 286
48 11 368
74 51 138
10 39 593
81 55 439
74 15 608
4 83 344
72 15 319
6 79 560
14 89 546
14 35 655
51 1 271
7 85 471
15 62 849
62 36 44
76 95 974
68 12 679
10 32 15
31 18 667
82 70 459
40 23 817
99 32 797
82 2 294
28 11 789
89 36 599
50 14 623
54 37 804
94 96 187
72 54 880
69 71 52
81 12 679
59 63 753
4 28 856
92 24 389
14 98 357
30 20 815
18 51 344
57 56 950
99 78 908
69 40 406
83 65 609
32 34 213
49 24 303
64 98 274
82 62 275
55 81 606
49 41 108
62 81 369
62 58 478
81 48 487
1 84 295
9 31 130
81 61 831
54 61 768
93 64 770
42 82 751
49 12 62
2 10 679
35 43 64
67 96 89
87 100 372
2 76 466
66 25 894
71 78 77
41 84 873
74 17 12
23 76 541
43 39 819
34 55 654
2 62 666
5 60 262
80 68 784
7 48 167
7 39 283
85 45 92
42 64 747
40 5 595
100 12 753
25 65 491
58 39 760
21 84 380
52 46 83
57 39 779
42 91 391
59 16 291
95 85 552
91 68 769
61 48 901
74 72 385
19 18 619
64 5 999
64 87 353
56 38 308
22 19 146
30 65 165
51 50 570
64 25 822
1 40 38
29 6 47
10 8 200
32 80 750
35 65 533
45 52 361
46 6 38
75 54 62
66 54 518
43 37 328
48 29 86
72 93 61
18 86 158
2 3 777
44 2 371
71 22 550
13 79 34
28 40 981
58 60 961
10 18 471
59 3 433
46 82 497
54 73 275
8 53 466
49 14 706
7 79 997
72 84 886
55 18 305
13 3 857
19 45 680
66 65 614
63 6 562
35 4 666
14 7 555
86 48 94
77 14 531
1 68 380
35 79 944
60 12 78
4 49 992
28 89 173
12 60 132
58 71 87
40 91 654
28 61 9
53 75 568
23 73 1
75 94 572
55 14 656
1 52 408
11 6 991
85 27 291
91 92 685
61 25 574
81 100 963
62 77 541
56 21 645
58 27 905
11 79 783
86 52 136
60 69 783
93 30 664
42 97 172
14 36 835
44 19 865
8 55 658
71 69 147
98 2 152
85 39 545
54 77 718
28 98 769
76 44 671
74 89 492
40 45 601
93 100 382
57 95 958
48 65 24
37 9 867
66 45 105
1 88 369
41 7 198
2 78 498
14 91 536
71 59 971
74 36 411
89 88 143
25 44 769
62 37 407
48 8 884
11 78 721
12 54 522
44 23 23
69 89 446
87 4 904
60 24 704
26 65 523
14 26 510
72 12 896
39 58 885
45 30 694
70 65 589
85 18 270
34 66 126
7 71 362
11 2 550
29 24 471
43 17 113
4 39 670
93 99 925
62 49 264
77 35 821
95 48 910
44 83 570
96 76 467
69 1 558
33 2 719
38 62 971
100 72 337
79 90 656
62 75 770
4 51 591
95 97 582
84 19 643
52 7 177
27 90 899
22 92 753
3 23 255
33 46 336
65 30 680
99 84 231
86 9 376
48 86 264
52 72 701
76 59 523
72 26 195
31 53 828
63 11 242
70 3 861
13 84 859
31 12 93
13 50 321
12 55 332
38 39 973
75 39 549
13 56 42
17 40 171
40 75 467
5 14 880
95 68 912
17 62 730
27 47 24
83 63 119
95 13 109
15 70 979
93 84 811
59 17 642
50 79 990
6 61 973
37 6 898
43 34 725
44 4 673
21 41 618
69 90 573
71 32 640
5 80 584
21 20 393
9 36 844
42 4 276
10 69 50
77 85 494
42 83 605
75 95 30
40 93 892
82 87 713
23 27 472
16 29 682
23 95 364
15 51 304
58 37 225
57 70 260
16 5 66
4 34 788
98 40 367
9 6 1000
94 2 579
48 3 371
83 51 502
16 8 659
91 33 764
46 96 113
81 58 860
64 73 419
36 39 341
74 71 102
58 4 979
38 71 428
78 31 38
75 69 561
5 29 524
90 53 464
43 95 450
12 5 880
59 42 658
8 2 425
81 7 84
88 80 355
55 77 326
81 86 657
76 74 786
94 8 25
1 41 515
65 19 898
27 63 724
78 82 264
30 62 853
12 68 340
84 11 656
94 36 994
92 32 444
60 30 548
33 80 904
82 83 496
67 54 401
71 23 889
78 60 830
60 56 152
84 53 381
63 58 269
59 54 653
79 52 965
96 73 953
34 98 57
29 99 143
7 40 223
31 92 330
37 35 368
56 91 386
63 46 316
55 59 771
81 83 71
26 74 729
72 49 105
27 52 9
6 29 920
88 67 946
69 14 318
51 8 34
50 66 179
43 21 919
58 54 979
83 10 536
59 56 108
58 69 906
92 14 903
62 94 83
10 61 962
44 42 385
7 91 69
5 44 730
39 57 441
7 66 735
88 55 934
9 80 556
35 74 431
93 36 679
93 96 78
5 8 180
81 20 225
17 2 735
1 19 778
95 56 753
22 3 448
21 40 183
44 85 28
58 74 358
50 56 518
56 41 716
71 57 548
70 39 32
93 81 383
10 37 839
71 1 706
66 5 712
69 50 584
93 7 957
54 30 465
6 84 881
9 8 368
77 93 761
45 32 514
71 46 611
49 52 946
12 61 53
52 55 83
66 71 655
75 44 396
41 18 328
11 38 991
99 90 657
46 28 907
72 60 146
56 25 491
59 1 409
38 56 890
90 14 166
55 66 649
50 57 349
97 21 29
72 51 925
7 43 676
45 91 241
41 57 259
67 45 132
48 79 516
69 5 931
17 42 591
44 39 521
17 9 278
31 11 131
52 15 688
13 72 86
4 62 362
100 33 474
3 11 65
45 28 518
82 91 203
58 98 682
42 93 477
93 59 301
40 34 170
23 29 384
38 3 710
12 13 231
55 13 362
5 16 811
86 92 554
92 29 175
56 94 914
39 36 607
24 4 107
72 62 750
97 6 444
54 92 435
60 38 285
18 82 439
87 99 437
38 41 586
95 63 443
2 15 49
35 50 745
99 9 560
80 65 807
27 28 838
53 7 429
63 64 988
55 21 265
58 43 74
7 51 339
27 42 697
42 28 895
97 43 974
31 77 466
77 45 382
46 63 415
64 89 925
81 82 405
33 88 644
18 30 78
2 4 160
9 57 81
93 68 61
42 23 661
10 51 545
48 27 568
4 74 603
37 89 370
38 94 942
12 72 949
58 21 252
65 87 132
96 8 152
25 53 365
93 17 661
44 70 483
26 61 462
21 30 562
76 88 852
46 58 502
97 64 396
45 9 870
42 73 197
73 23 650
25 23 329
95 75 136
32 96 36
46 78 20
100 28 182
21 42 632
8 60 524
81 1 702
1 39 756
58 61 480
55 37 38
85 29 423
64 82 124
58 68 226
50 73 287
66 32 358
99 53 935
28 8 70
52 94 574
39 61 295
98 87 246
54 13 359
90 49 918
56 96 394
97 50 941
86 23 694
24 99 76
18 12 569
19 49 303
96 43 380
49 23 301
84 30 803
75 28 419
71 5 652
31 38 536
58 96 163
6 72 14
40 42 527
87 69 246
83 82 722
55 62 889
70 75 923
85 82 146
97 38 913
25 52 339
29 38 498
58 7 450
23 52 291
33 30 724
92 13 137
91 61 632
39 40 452
2 55 604
99 42 261
42 66 632
18 75 179
34 23 171
49 82 889
94 18 733
30 56 826
72 13 923
2 73 385
20 57 421
36 50 229
66 88 616
30 81 774
2 75 626
6 67 364
11 54 322
95 28 605
19 23 922
59 15 578
59 6 687
77 63 614
66 67 731
82 63 613
62 40 174
92 73 755
87 98 718
98 75 946
8 39 433
76 37 627
30 53 192
96 5 532
84 12 509
50 28 675
43 29 661
21 100 227
13 54 832
34 8 35
93 48 93
98 42 675
94 59 325
32 42 303
63 82 93
26 22 924
6 3 660
86 62 93
95 92 628
41 23 975
29 77 22
61 17 934
59 18 103
97 18 331
29 52 376
75 81 697
13 33 865
61 12 923
58 18 138
99 70 731
98 83 849
31 15 477
40 49 265
5 94 90
33 66 935
15 9 334
30 93 396
87 11 350
70 78 8
63 76 17
52 79 49
66 62 808
23 26 903
8 100 29
38 32 483
96 41 414
10 54 639
85 26 931
78 59 634
69 3 102
76 72 368
22 88 659
96 20 163
41 58 887
45 48 969
51 5 46
14 15 1000
56 100 793
91 13 337
48 98 159
6 69 592
12 100 718
51 61 963
39 32 139
31 32 907
69 35 660
81 98 57
95 17 955
58 46 486
93 87 577
99 50 884
24 89 88
94 76 456
36 42 144
91 70 58
60 27 137
90 37 898
18 78 156
81 67 621
55 95 918
100 43 383
79 97 588
79 76 479
31 2 7
88 9 688
7 27 324
41 46 684
9 11 466
14 88 743
63 98 31
16 90 462
39 46 172
46 25 745
58 50 849
38 50 484
82 19 492
44 37 413
33 27 171
7 84 474
25 16 443
44 11 710
4 84 307
79 7 148
33 23 165
56 23 893
57 98 863
52 43 861
41 1 695
42 1 493
48 17 756
18 10 788
36 21 246
63 19 965
46 44 349
15 68 372
87 51 668
68 52 82
63 85 949
41 13 841
100 81 509
38 75 64
47 6 425
64 9 178
24 16 321
83 67 752
63 44 914
21 67 834
27 72 493
99 71 439
8 73 179
5 72 948
89 76 884
26 67 489
39 12 867
10 65 759
19 40 240
46 13 458
16 88 114
16 14 711
51 12 283
71 43 964
57 84 792
29 89 929
16 96 293
93 95 76
37 18 635
75 90 885
10 16 643
8 78 87
3 28 688
17 94 618
28 34 134
75 87 558
49 98 251
45 58 463
63 86 138
40 64 443
26 91 703
21 85 534
19 5 350
40 44 304
89 65 263
70 16 687
17 47 906
64 97 39
63 97 662
15 2 560
92 95 696
14 71 148
37 25 296
74 53 268
65 53 946
99 21 143
55 5 873
46 95 415
13 38 493
83 69 988
26 27 883
38 19 23
49 64 412
51 87 492
28 6 79
100 59 905
95 67 344
98 51 997
52 45 978
52 22 283
84 83 610
9 52 931
99 58 238
41 19 918
79 78 976
85 65 587
2 61 274
71 65 359
42 32 490
86 90 831
30 46 296
76 79 961
48 16 333
73 36 566
64 34 745
21 56 695
24 33 130
11 42 571
84 16 228
44 45 34
94 24 447
35 49 814
43 23 150
10 7 434
69 4 803
12 18 392
57 34 679
92 44 137
28 86 351
69 87 759
12 79 502
81 68 61
58 9 839
21 51 219
40 24 480
43 30 150
15 96 878
55 15 200
55 1 629
63 23 7
22 37 750
80 72 41
54 11 672
67 1 902
89 28 656
55 16 487
78 84 90
44 99 195
6 23 98
44 52 373
22 89 67
48 66 654
6 53 399
77 75 116
3 8 795
70 1 886
58 20 568
90 1 123
37 90 489
46 74 765
87 71 402
6 93 59
14 68 102
61 60 446
2 16 359
34 88 857
53 90 936
48 64 249
7 55 588
26 83 506
20 24 569
96 56 540
13 99 378
38 30 390
78 100 976
13 52 382
17 99 136
80 3 554
11 94 424
51 70 286
54 57 182
65 60 763
70 15 837
86 71 197
11 4 939
5 77 222
36 6 859
64 39 828
75 42 551
72 50 492
16 39 836
99 81 545
56 81 757
45 18 403
76 71 36
43 2 304
41 96 335
51 100 358
80 85 686
57 78 539
65 83 837
99 93 328
45 49 911
57 7 424
77 69 467
4 25 648
13 86 269
82 85 890
54 10 13
4 99 485
48 1 274
54 74 453
91 57 656
36 99 689
95 8 790
95 14 101
9 64 604
73 9 876
86 83 961
87 78 174
72 1 674
53 98 66
73 74 259
45 79 802
5 91 145
23 44 21
28 25 648
25 64 726
3 84 663
26 95 767
44 73 906
37 70 651
11 21 642
75 40 23
12 74 935
99 49 50
29 54 183
70 97 919
97 74 951
38 57 95
38 40 3
68 62 548
48 95 837
83 98 927
82 96 577
35 5 46
83 76 245
98 19 773
50 1 303
93 3 98
10 45 111
26 31 427
42 24 142
7 76 863
89 29 1000
44 78 560
97 23 836
22 75 519
19 77 158
59 76 424
100 3 378
47 43 963
19 81 54
82 81 959
5 81 160
78 13 980
45 19 184
73 40 172
92 10 648
31 96 148
3 74 249
9 13 416
9 77 770
78 49 633
80 15 496
60 48 695
18 35 730
4 18 43
92 7 651
40 60 125
93 15 472
57 58 704
35 100 677
69 33 940
6 8 458
39 2 941
41 82 700
48 53 851
95 98 539
85 8 245
78 76 352
97 33 75
24 81 782
73 64 319
25 99 570
45 59 296
17 41 724
57 53 627
89 81 626
82 51 566
77 9 52
19 99 377
92 63 161
94 52 733
88 87 990
68 22 194
61 34 344
44 36 341
79 10 204
47 50 68
9 18 46
22 15 58
11 44 10
37 47 770
41 20 3
100 50 564
73 69 315
48 39 298
92 94 381
52 95 564
95 94 80
60 17 461
25 56 989
85 78 177
19 12 417
78 61 810
22 18 302
53 3 244
94 10 913
80 40 703
68 78 491
73 2 44
98 77 754
65 69 946
90 43 669
22 67 312
48 56 732
72 4 22
24 75 819
26 35 307
18 79 489
25 1 139
74 12 902
82 61 72
5 55 5
53 95 315
99 22 771
30 88 745
91 86 313
28 76 689
42 44 511
45 11 309
70 52 741
81 53 316
12 22 429
24 29 110
76 32 276
15 48 410
45 90 38
20 33 627
1 60 378
87 14 806
85 64 789
63 1 471
17 27 902
69 24 989
56 9 732
90 73 802
62 25 607
54 49 871
43 49 202
25 12 311
51 4 539
100 97 185
65 95 251
83 28 103
86 28 255
58 12 783
93 37 853
40 36 977
84 88 278
15 11 343
63 54 23
50 49 38
55 46 613
13 16 988
28 95 657
36 51 193
52 59 968
30 76 789
85 44 919
72 6 3
9 30 827
8 44 345
7 49 398
33 61 587
54 67 487
92 89 235
20 69 499
40 74 388
3 35 857
47 72 10
29 48 574
83 89 69
40 32 756
87 27 21
4 64 917
95 1 760
96 28 442
29 5 205
28 27 538
64 48 608
59 94 726
68 7 100
38 28 318
46 22 551
33 68 834
39 75 61
75 51 476
22 99 305
5 20 651
45 1 663
87 57 682
53 83 508
20 5 688
83 11 587
63 38 215
30 95 933
3 33 420
64 53 383
71 66 772
6 96 31
72 90 206
56 68 436
32 50 387
79 83 434
74 48 690
75 100 70
22 98 980
18 7 189
11 56 951
20 9 664
1 64 838
61 23 475
38 44 241
41 11 331
8 81 311
64 41 523
91 56 1
68 59 614
63 20 734
94 95 800
39 97 219
59 32 977
64 23 318
52 60 871
39 7 476
3 39 857
21 87 227
77 8 256
19 30 208
41 85 120
56 95 668
67 44 850
41 75 892
54 14 448
34 92 769
13 2 308
57 79 906
3 58 209
76 34 886
1 30 874
85 10 900
50 4 529
100 89 203
38 22 484
68 85 105
30 48 444
38 14 516
4 82 11
34 71 488
68 88 646
74 95 619
70 43 561
92 48 459
3 20 866
92 70 610
35 12 408
9 88 444
58 53 323
19 42 992
78 34 801
92 64 801
71 29 980
5 45 617
2 98 864
40 11 719
10 48 693
93 42 927
90 22 246
54 91 996
57 89 27
80 96 802
17 86 88
95 76 879
1 82 883
82 86 889
2 50 700
82 35 65
50 7 85
78 57 524
70 67 792
85 77 113
11 60 949
48 32 490
30 49 862
1 18 518
80 16 517
20 25 858
90 13 141
44 71 194
2 6 755
99 14 45
61 47 50
73 34 634
70 34 215
20 3 818
100 65 795
82 92 570
98 13 170
49 58 157
46 98 763
12 15 544
46 31 328
63 33 748
2 91 610
59 78 533
17 28 472
27 59 242
93 10 465
96 46 935
84 75 805
20 78 703
23 49 767
38 15 612
22 58 191
1 28 535
35 75 638
17 8 419
38 90 292
33 20 213
26 66 961
27 24 936
12 40 872
60 35 502
58 38 674
38 13 970
99 5 960
66 30 414
94 4 662
18 22 678
52 33 667
83 57 758
2 72 241
78 7 339
1 20 742
3 92 611
66 4 112
67 69 775
22 54 667
86 66 530
17 97 755
38 59 651
34 35 255
31 62 353
39 70 800
23 85 781
66 68 451
36 60 696
9 48 864
16 59 463
86 76 158
18 34 463
99 86 778
71 97 892
98 82 465
30 37 170
18 36 671
85 57 405
70 5 142
35 41 833
43 41 582
6 62 213
81 37 19
26 41 806
32 95 670
100 13 243
56 4 45
80 84 525
78 11 494
2 9 74
22 95 477
95 69 236
8 84 537
12 43 387
96 90 613
1 91 270
43 45 674
84 92 130
7 18 186
76 75 401
28 17 708
6 42 173
20 31 519
66 58 669
67 2 530
12 17 454
75 17 704
42 51 221
25 22 16
68 5 588
85 80 913
37 14 801
58 45 106
17 58 957
76 23 29
3 94 755
86 2 23
58 5 141
50 65 175
100 6 125
75 91 687
4 13 992
66 91 17
55 94 756
23 87 43
6 24 532
33 78 712
11 53 894
76 57 830
86 80 371
78 16 408
55 60 272
27 43 456
42 31 628
32 38 547
76 98 382
24 97 227
61 69 2
9 54 952
84 23 956
19 35 870
95 77 8
66 97 580
74 45 430
30 83 390
39 24 544
17 34 637
43 50 814
51 22 32
79 81 195
33 56 288
60 9 194
51 24 813
19 63 13
91 90 706
32 57 805
5 52 228
32 49 979
39 62 748
20 59 6
66 7 932
77 56 134
24 95 943
10 30 119
71 88 469
39 42 136
67 63 771
25 4 584
92 2 958
76 25 460
56 8 65
50 39 150
98 45 329
38 73 300
20 96 698
80 60 434
76 38 154
84 63 812
23 70 282
79 89 941
94 49 745
34 59 172
86 3 326
25 80 371
78 21 716
88 38 337
10 98 615
68 27 378
76 39 215
92 42 831
87 73 897
24 85 449
31 93 100
73 98 733
71 30 946
57 4 844
1 25 704
86 24 209
39 99 196
91 18 406
60 45 584
92 25 557
44 40 529
99 27 269
14 22 786
44 1 191
36 13 850
91 89 534
59 5 479
40 50 164
24 2 210
90 57 70
83 12 394
24 82 494
16 86 35
89 24 887
10 24 367
57 71 709
99 10 787
86 61 774
86 42 370
68 49 638
6 15 16
67 11 230
98 97 367
38 8 199
66 78 498
53 4 463
81 8 218
77 72 309
10 55 508
16 7 503
59 97 612
7 62 223
99 47 804
55 99 496
28 97 39
66 99 313
21 4 70
17 82 597
1 58 450
2 79 216
23 75 162
49 13 149
86 91 64
9 60 524
95 6 10
92 27 488
47 98 595
23 88 198
61 84 712
48 90 394
62 47 300
95 96 178
80 48 646
20 6 997
4 2 974
76 83 546
96 94 640
99 45 40
90 40 873
43 51 597
63 79 428
38 84 59
68 26 484
78 2 176
28 10 964
77 80 37
20 92 878
40 18 392
2 71 51
82 79 824
51 97 542
38 51 447
28 47 779
56 78 865
24 83 397
4 36 142
72 91 693
81 65 159
76 77 600
99 67 53
71 73 253
20 10 492
87 62 584
96 59 692
17 71 109
84 18 938
22 24 506
73 45 551
25 76 765
78 99 193
38 77 788
62 2 564
57 51 70
11 90 71
86 59 378
75 77 996
63 22 631
23 82 716
48 54 780
8 17 720
19 75 543
42 75 513
7 63 362
40 67 715
12 39 455
84 71 687
20 38 657
59 91 882
68 55 98
100 7 468
65 41 360
8 5 577
20 13 337
77 83 42
99 51 408
83 53 552
16 56 707
100 14 474
26 92 860
63 65 183
47 14 475
17 49 766
85 48 305
64 15 738
59 49 191
62 34 341
63 8 88
65 54 742
92 78 437
20 40 630
73 65 596
96 18 281
21 79 142
90 56 208
95 38 763
62 46 591
28 45 544
21 11 201
46 93 84
2 42 386
21 91 878
16 89 262
4 58 128
9 4 629
92 66 627
64 69 149
75 52 354
35 3 242
10 63 488
4 42 467
46 73 605
95 40 607
48 33 645
50 96 76
91 11 401
74 13 580
13 91 179
47 9 13
56 46 919
90 70 913
22 30 900
99 95 508
16 24 800
10 42 568
71 56 594
79 25 825
23 67 713
8 50 526
57 42 968
88 25 516
76 3 9
9 26 875
60 64 51
31 83 986
68 83 521
34 16 418
38 98 693
84 96 378
72 3 434
76 29 297
26 17 34
64 71 852
30 19 494
4 68 296
77 29 332
20 55 674
30 68 981
4 11 535
85 87 185
66 98 401
51 30 321
11 40 728
96 27 722
13 25 203
77 24 109
49 88 482
100 55 861
10 95 819
5 61 869
65 58 298
30 38 491
29 72 452
18 6 785
21 97 139
44 66 919
45 27 39
60 20 56
53 18 846
59 2 975
32 100 445
20 27 488
50 43 747
32 20 551
26 78 156
100 47 214
9 72 387
24 10 626
17 88 978
7 99 121
27 93 633
39 85 266
18 50 273
68 44 638
70 90 724
47 68 805
67 73 373
35 28 843
11 41 350
89 26 773
50 84 937
20 30 974
36 81 896
55 54 763
6 26 149
88 8 332
67 29 990
90 92 245
73 25 322
91 29 329
51 40 360
70 87 809
54 68 150
14 93 555
76 6 194
6 64 645
64 78 808
77 57 350
61 36 677
64 79 886
40 92 854
37 63 517
44 61 629
7 81 931
50 24 138
72 47 236
54 26 350
78 38 27
26 76 328
37 12 550
95 9 155
50 45 75
63 57 489
79 40 745
88 65 182
64 26 786
23 2 798
91 45 576
64 72 776
42 19 651
87 34 897
33 22 822
73 60 160
53 2 684
64 56 52
37 99 699
83 34 511
86 4 174
21 17 735
96 66 680
9 19 201
20 100 614
54 78 687
99 65 833
7 29 628
12 84 482
73 75 871
79 14 668
63 80 923
1 77 545
71 31 834
34 38 796
9 16 48
43 89 76
97 20 49
9 84 202
10 58 401
3 47 126
72 43 252
40 31 923
48 42 117
39 41 909
61 76 553
63 35 788
14 25 256
10 21 786
77 27 67
72 68 639
5 17 710
49 79 641
66 53 379
72 98 35
75 72 298
32 71 701
94 65 782
12 78 429
8 23 984
92 54 709
100 26 855
32 22 555
95 87 567
27 48 817
39 35 669
16 97 472
20 43 442
88 90 429
45 81 146
35 54 274
5 59 489
89 95 572
16 66 549
18 96 568
51 84 638
67 95 680
90 76 948
17 3 123
88 91 249
88 26 323
15 82 413
10 1 504
42 90 77
22 44 450
18 67 10
79 53 637
36 83 139
35 30 644
77 46 5
27 70 171
76 11 233
35 60 489
9 86 257
18 11 787
85 49 382
63 10 748
56 98 589
29 7 734
42 100 420
3 7 384
6 45 784
80 70 541
6 58 933
58 36 912
73 95 115
83 79 820
12 76 128
7 83 546
90 94 326
35 55 925
61 51 214
88 6 669
42 65 366
25 58 970
61 52 608
23 62 805
78 94 243
70 46 814
37 98 215
45 68 491
93 54 802
96 95 293
95 43 265
2 89 330
62 21 282
30 66 315
8 69 76
83 42 291
60 7 891
5 65 266
70 94 968
59 60 472
71 26 140
1 37 104
72 23 202
4 6 852
77 31 312
58 72 816
14 17 300
17 56 797
64 24 521
49 84 612
51 21 432
77 92 898
80 92 121
17 67 604
77 71 343
12 96 943
20 36 453
97 8 563
77 58 970
48 69 580
40 15 968
39 21 975
13 26 495
56 49 216
74 3 848
6 21 20
65 15 614
96 38 219
21 7 425
44 65 213
53 21 261
91 84 162
70 30 571
72 37 70
83 36 228
95 57 463
34 24 613
42 60 953
3 31 662
71 16 417
66 34 857
56 18 136
82 28 774
52 71 875
91 23 994
58 49 339
24 71 862
58 79 700
49 21 640
5 98 267
1 59 557
87 92 86
52 90 498
63 53 991
22 64 257
29 96 73
87 33 333
24 39 563
34 14 428
33 81 916
64 18 893
64 45 728
77 47 882
84 31 241
62 85 744
80 39 695
31 10 888
100 23 529
74 93 555
93 82 609
87 38 766
73 13 551
63 95 850
49 70 138
53 41 716
56 88 794
58 32 819
26 36 5
85 23 753
32 14 820
53 43 576
1 21 840
35 61 72
19 38 349
59 8 945
32 48 728
35 76 85
76 47 39
68 51 870
73 16 612
44 27 983
24 11 977
57 97 873
71 33 324
84 20 929
46 85 163
26 29 830
35 16 902
79 43 746
10 4 496
80 74 528
97 51 391
43 15 364
99 17 198
35 51 46
82 78 800
8 70 299
34 54 864
46 100 640
21 81 783
85 97 847
2 97 824
75 43 866
100 37 829
64 76 511
12 34 579
28 60 680
67 32 807
38 12 467
6 41 131
66 15 138
93 56 645
90 99 550
56 92 347
9 96 340
57 26 506
81 94 396
57 69 686
91 78 167
62 1 105
12 89 569
40 41 512
88 4 145
47 81 826
82 76 211
69 72 36
93 72 487
10 53 606
45 14 151
36 16 430
34 50 650
84 74 833
77 55 696
33 95 492
18 62 550
10 87 382
90 61 890
44 29 578
98 39 936
41 44 402
3 45 482
54 94 280
27 34 200
75 32 285
80 23 850
72 65 660
79 80 136
2 88 689
51 60 105
54 12 869
23 37 964
42 68 221
28 19 55
4 56 638
88 50 805
2 53 491
78 65 696
12 11 225
78 19 316
94 41 183
39 93 695
34 6 258
88 7 560
1 85 749
66 37 883
20 88 719
23 94 70
14 41 765
4 94 260
16 64 152
67 94 519
15 17 79
28 50 325
28 67 773
65 96 999
76 5 573
84 44 222
94 91 597
50 55 624
16 49 11
20 16 576
27 73 596
24 1 707
20 76 125
77 65 707
75 84 475
49 67 462
2 84 565
66 19 327
68 18 496
69 54 210
16 94 56
70 26 797
12 19 617
70 64 635
63 71 665
43 86 877
98 26 274
49 50 207
5 95 235
47 61 607
3 75 115
88 33 37
66 83 43
36 52 399
52 36 546
73 8 879
43 31 908
81 38 30
4 86 565
28 74 157
40 55 644
72 25 367
43 13 487
56 71 113
78 91 577
89 99 885
15 20 195
10 62 706
77 43 959
6 25 118
38 66 690
32 82 203
34 37 627
14 62 838
55 90 317
19 82 534
57 59 817
60 88 884
30 50 985
42 96 743
87 96 54
85 89 176
24 13 968
44 13 409
52 62 264
80 32 640
16 27 789
74 60 138
64 58 358
30 82 238
2 77 156
7 28 690
33 7 667
96 29 782
45 47 748
91 94 510
1 47 568
27 89 668
76 58 553
62 48 978
57 10 490
75 9 908
58 62 135
45 57 800
95 42 890
52 5 705
91 2 646
53 1 172
34 96 550
56 7 627
78 30 728
55 75 523
8 89 86
73 1 983
69 31 25
79 27 589
25 93 249
20 60 412
43 71 230
74 49 154
74 79 894
36 25 953
51 94 716
89 62 852
10 19 737
34 83 596
52 23 628
16 74 922
30 15 461
95 70 911
27 29 760
21 66 228
73 44 927
29 81 202
30 39 560
44 77 208
62 16 832
62 19 985
18 33 765
61 30 417
33 1 151
93 44 192
18 4 322
77 52 378
22 78 33
19 88 197
30 1 24
73 22 271
13 32 31
22 28 346
26 47 523
1 95 279
50 64 109
30 29 711
85 53 657
36 8 742
38 20 290
49 48 323
74 73 846
13 63 848
21 72 363
61 98 515
7 46 971
91 6 825
96 31 217
45 51 371
4 47 867
11 76 759
43 16 660
52 2 44
81 28 904
42 2 219
23 90 837
16 15 15
96 10 19
10 84 208
99 82 182
7 31 97
55 8 697
25 5 923
17 73 319
53 36 612
60 84 53
79 85 708
25 47 992
92 30 332
94 34 676
11 8 722
36 90 648
11 100 24
12 29 743
41 27 821
36 33 74
74 83 624
40 95 834
55 53 340
4 37 93
64 4 393
5 83 127
67 80 113
42 85 341
26 90 330
24 73 576
58 13 405
16 71 710
63 42 735
79 31 56
74 88 820
20 70 30
89 66 619
22 29 643
92 61 130
96 62 824
50 23 608
42 72 100
69 32 186
89 1 807
57 92 707
63 36 441
53 71 972
81 5 794
51 26 101
16 47 631
59 74 141
51 2 421
36 98 843
70 17 404
67 57 241
29 14 588
80 9 296
54 76 932
2 60 145
65 46 954
4 1 118
3 68 95
30 60 323
95 82 838
93 88 609
68 2 666
75 7 592
26 46 593
88 100 658
22 5 501
52 35 726
26 30 108
38 78 245
54 45 986
78 87 569
66 39 800
77 48 413
79 36 459
73 57 689
68 45 474
100 27 437
12 62 582
30 63 413
3 36 826
47 56 206
80 2 908
96 48 214
77 96 896
53 56 805
82 97 605
13 40 785
52 13 102
15 73 401
64 80 712
1 89 304
30 3 597
22 66 155
48 5 852
8 12 64
5 4 297
84 94 520
25 46 631
17 95 541
21 33 751
97 37 934
84 51 616
4 73 799
98 10 110
85 7 8
86 87 459
19 11 954
18 81 543
82 57 414
96 47 644
51 25 69
39 6 324
91 100 798
71 62 167
72 48 581
92 71 85
76 45 763
28 3 151
48 51 170
92 74 435
73 6 89
64 84 887
73 68 195
85 33 453
17 20 961
15 37 324
93 20 397
26 28 82
63 3 770
3 13 687
95 36 276
91 60 796
5 66 155
38 1 943
32 7 710
25 37 975
24 63 602
57 28 324
33 28 537
5 40 340
33 39 146
64 42 920
14 74 252
27 50 78
86 16 909
9 91 980
37 5 897
3 53 954
99 63 484
33 94 82
42 49 22
48 84 168
13 15 738
54 97 285
50 62 516
41 2 609
4 20 133
24 65 247
84 52 486
27 69 520
98 76 53
40 4 1
64 51 143
91 55 27
21 73 831
93 77 967
95 12 576
98 24 838
57 33 740
31 25 892
46 24 867
87 25 800
71 89 962
31 19 311
45 56 816
7 41 207
32 70 59
23 12 42
21 2 320
88 72 884
41 95 413
78 96 153
34 7 593
42 27 991
42 94 430
42 26 939
38 89 506
95 19 28
31 60 701
26 52 90
62 52 435
5 88 775
6 13 890
38 47 399
80 90 562
57 83 117
60 13 905
99 13 974
18 91 453
13 93 720
88 84 98
27 62 917
76 17 373
36 82 901
44 26 868
71 52 636
96 58 956
66 23 281
38 86 808
16 100 30
45 43 597
60 51 810
57 80 543
20 84 899
68 40 511
17 25 300
71 75 54
14 76 232
35 44 832
10 52 390
52 93 457
82 25 237
95 29 157
31 99 592
30 42 593
98 65 926
52 98 537
41 92 489
12 7 20
74 1 513
62 99 229
58 48 457
91 51 473
78 56 366
22 31 182
1 12 812
43 48 365
21 64 23
88 43 24
66 41 411
43 93 274
72 38 206
75 85 973
73 39 964
23 71 963
53 65 539
35 38 833
42 6 133
90 52 740
7 4 82
96 19 496
80 12 339
15 46 198
100 68 651
43 64 186
4 79 929
7 26 497
60 81 794
89 98 636
38 36 914
19 94 122
87 67 321
47 12 878
46 16 102
47 51 143
45 65 510
71 83 846
61 37 431
8 14 400
29 27 385
10 28 909
64 46 98
11 75 440
2 94 163
99 40 251
93 38 378
41 90 13
52 82 607
39 83 208
58 22 579
42 34 275
2 63 470
74 7 196
26 11 453
70 99 706
91 22 731
13 95 508
94 6 683
99 20 713
95 71 663
61 50 617
98 59 142
82 33 101
68 37 980
83 56 215
56 2 6
55 43 5
39 34 882
69 12 178
57 27 498
5 69 589
96 42 574
52 17 855
92 100 987
83 70 145
81 95 935
30 77 88
74 37 794
32 53 971
70 22 602
14 52 797
50 16 356
81 72 18
70 51 655
73 20 350
58 34 950
1 65 967
5 75 759
3 51 619
92 11 419
49 42 138
83 99 791
37 34 457
36 63 514
26 1 42
84 64 710
8 45 410
6 74 700
20 26 441
74 34 668
21 36 350
61 27 418
49 59 878
35 96 372
65 72 649
77 60 216
97 75 108
60 22 365
43 1 195
54 25 974
69 61 556
38 55 980
12 48 311
47 53 436
55 96 899
78 97 467
30 40 312
12 2 355
62 35 721
15 28 747
31 81 1000
32 54 960
4 15 963
74 59 178
55 57 158
60 58 242
42 59 46
76 97 278
73 48 368
85 95 75
44 31 686
59 21 103
35 93 415
61 66 344
58 89 338
22 20 558
3 89 338
6 73 568
88 79 138
58 78 714
36 19 338
75 97 883
2 69 889
71 48 546
40 66 15
39 87 233
90 81 430
55 72 622
42 48 461
36 74 236
50 20 63
4 48 295
98 33 569
84 8 355
3 32 891
4 16 902
51 74 436
47 79 42
59 50 697
18 68 158
31 80 218
25 81 666
5 92 193
8 41 708
59 70 442
41 34 153
39 28 511
73 32 667
100 41 673
44 87 586
92 22 594
44 67 721
26 6 745
41 4 175
79 11 28
11 49 923
65 52 565
5 34 765
63 34 572
65 57 918
74 98 357
7 10 557
83 62 37
5 32 664
21 16 304
94 61 675
93 32 957
30 44 64
77 100 61
70 89 724
53 24 597
47 5 875
61 100 622
26 80 336
74 100 980
72 21 955
97 59 485
57 20 15
81 19 154
61 4 324
97 80 654
47 10 50
60 52 590
4 32 584
31 8 411
91 73 842
99 68 476
42 38 980
94 82 165
62 73 674
88 14 252
81 27 340
70 68 834
66 100 541
48 77 2
67 6 381
31 43 79
50 37 276
100 20 451
43 25 995
73 18 374
48 83 83
33 4 231
84 99 870
85 32 422
9 47 690
86 49 137
70 59 622
62 41 912
14 83 456
6 17 148
88 31 585
1 5 669
44 53 47
17 77 517
62 12 86
73 21 247
88 30 231
88 35 958
40 56 544
94 69 270
80 93 676
29 20 664
5 89 348
5 1 248
74 97 498
19 50 215
7 61 916
76 28 396
47 29 660
80 76 12
98 78 596
47 27 85
31 72 846
35 39 695
63 70 266
64 49 701
65 9 990
10 22 384
60 11 45
99 46 169
38 91 942
55 87 372
5 99 148
2 85 332
16 93 536
73 52 846
9 22 190
16 4 318
33 55 803
66 70 174
41 79 899
90 60 425
26 44 798
18 71 35
57 65 501
55 70 487
13 70 109
2 90 955
99 89 801
88 70 760
40 87 46
96 80 94
34 95 420
62 8 942
39 81 180
5 31 592
15 21 809
39 38 599
43 42 890
38 69 867
18 48 993
39 22 76
19 53 165
10 90 878
36 43 607
24 7 893
13 35 298
84 55 946
11 12 858
23 16 876
61 59 945
50 41 364
31 100 381
39 77 72
85 47 500
100 62 549
71 41 926
22 4 431
1 63 308
91 74 748
25 94 856
72 46 939
16 54 727
83 37 186
16 79 518
98 21 677
66 21 862
87 53 475
49 71 369
63 32 455
8 52 226
87 72 275
48 50 716
97 5 329
2 92 819
44 8 696
27 60 533
19 41 179
61 54 54
23 51 239
3 12 425
68 54 679
93 43 280
98 89 564
56 50 533
37 26 944
80 1 190
40 62 790
34 86 651
59 100 468
31 14 105
41 71 699
87 44 427
75 25 32
42 11 15
61 5 622
23 68 450
26 53 82
1 72 944
6 82 182
54 32 948
97 57 214
50 34 565
80 61 655
31 66 497
88 59 188
1 44 591
88 57 28
64 29 843
39 68 568
82 48 460
33 71 332
74 84 361
67 93 181
53 13 959
64 67 882
4 22 588
59 7 799
86 19 376
93 66 49
94 51 199
97 83 179
14 2 83
81 56 243
87 63 389
70 50 123
7 22 360
19 96 922
83 50 786
35 88 6
5 79 27
19 25 45
65 77 767
75 66 848
67 92 273
82 47 142
37 64 590
39 91 790
1 97 600
28 68 689
85 69 852
51 27 153
30 33 168
21 45 670
2 27 597
50 32 283
87 74 187
37 4 323
93 13 551
96 87 609
63 2 260
24 42 803
79 56 693
54 71 899
3 55 435
16 92 666
37 55 831
54 59 86
61 94 14
40 89 199
66 49 989
84 49 41
36 72 93
31 13 100
49 16 555
56 61 289
13 71 829
94 73 538
60 91 399
61 44 679
40 98 404
52 28 40
97 2 492
51 53 433
51 14 212
45 53 897
35 13 848
95 49 789
15 19 668
71 58 328
13 59 860
6 91 51
34 56 82
53 34 23
89 52 997
25 79 693
12 10 963
52 100 451
38 4 74
85 21 412
92 31 284
37 27 232
1 81 493
5 76 573
72 96 699
8 94 333
67 89 12
29 3 749
17 68 392
40 82 549
23 13 653
33 63 110
76 67 474
67 15 736
3 29 605
6 76 906
68 30 684
8 33 369
34 13 471
59 69 27
1 54 83
78 77 300
55 73 32
67 18 133
39 76 437
10 5 385
84 27 738
46 5 887
45 95 417
47 96 563
65 71 263
32 12 377
68 80 223
42 14 29
48 96 313
2 11 283
35 97 670
93 46 992
97 35 212
65 24 107
24 6 321
35 29 614
54 47 698
58 14 54
27 81 857
1 6 595
14 45 487
35 6 720
93 40 724
55 51 384
8 49 304
84 41 390
67 20 814
67 7 240
51 18 604
82 37 964
61 82 330
74 27 570
100 22 723
81 24 692
83 66 955
24 52 426
34 46 683
86 25 757
84 32 544
51 59 335
51 86 846
15 12 520
73 86 712
35 89 358
62 54 505
75 70 510
24 37 423
37 85 146
6 56 838
12 99 468
41 33 108
10 83 606
82 10 851
56 67 16
69 83 942
84 60 671
96 39 152
63 77 543
79 49 610
55 32 507
83 20 951
60 33 549
8 47 665
54 38 935
67 86 674
27 95 953
66 86 843
61 26 884
29 15 303
35 69 3
8 61 612
82 59 316
22 69 833
99 92 412
62 4 547
62 14 937
95 73 618
94 75 921
12 53 293
91 36 948
78 47 356
62 7 630
73 89 219
97 40 239
3 95 202
11 74 823
23 22 853
92 6 179
93 14 605
14 69 643
20 79 629
44 68 236
100 10 729
34 32 525
73 78 307
21 14 683
1 38 439
12 36 218
1 70 85
61 41 104
84 35 973
96 35 271
24 78 568
94 48 378
19 9 69
97 44 831
54 18 409
60 99 436
86 46 472
16 62 334
96 3 568
7 60 290
4 88 412
30 51 512
38 97 761
85 61 364
79 9 665
88 51 711
73 14 956
58 26 81
55 30 49
23 84 335
68 11 405
31 84 466
43 61 380
19 27 558
29 39 511
22 65 94
29 12 247
25 15 391
10 80 371
80 55 327
20 68 848
12 65 972
100 29 55
67 68 96
12 93 266
97 95 931
89 11 890
16 11 55
84 66 261
27 10 679
45 40 965
60 8 951
29 21 667
24 92 50
42 10 519
52 80 514
72 73 910
29 73 210
9 29 394
86 17 52
34 4 428
7 2 635
42 98 439
27 40 900
66 61 817
99 55 732
72 28 280
14 53 364
72 92 404
47 66 14
40 59 271
18 52 610
81 18 442
70 7 108
26 10 986
86 67 467
46 70 210
6 44 695
4 46 110
48 72 474
65 79 103
68 57 382
52 74 433
49 47 213
5 50 799
59 39 846
23 86 450
15 60 949
58 57 704
90 71 513
12 35 842
89 86 149
41 99 581
15 100 495
39 15 263
45 29 920
8 79 512
66 55 819
10 9 986
98 81 662
18 60 289
19 83 957
31 17 43
74 16 101
95 86 911
49 45 189
50 52 241
55 24 180
65 27 403
62 91 992
10 13 658
14 32 431
54 17 519
97 30 322
99 44 922
56 53 613
72 83 286
3 82 969
9 41 291
2 17 589
35 78 462
2 5 681
83 97 431
33 41 107
53 17 649
41 26 981
74 65 635
31 6 7
72 87 776
18 76 441
5 57 744
17 53 753
81 70 90
37 97 188
8 93 722
73 88 528
29 87 608
61 55 758
76 43 381
79 45 454
11 33 904
61 88 182
54 95 206
99 3 491
26 54 910
26 15 832
86 26 541
75 8 652
7 23 496
19 33 823
91 21 959
19 79 254
45 34 879
74 30 768
92 1 37
62 78 261
41 77 715
74 31 524
53 58 214
16 30 280
100 66 476
17 72 720
60 93 869
34 41 135
32 55 665
43 80 451
44 32 182
72 10 520
66 94 823
71 92 461
90 4 258
65 73 331
79 96 673
20 99 152
20 4 96
51 56 200
24 49 295
75 4 326
48 37 131
53 12 623
83 93 358
39 53 742
62 43 553
63 4 544
14 75 767
22 1 611
28 42 788
87 97 664
17 52 544
33 10 684
21 10 554
31 24 952
52 25 776
25 43 458
75 48 254
64 28 188
40 71 190
21 43 900
15 61 617
52 96 535
28 96 414
54 90 85
96 81 910
47 90 912
98 34 367
100 44 983
2 65 664
64 11 686
57 29 222
83 45 400
32 44 472
97 48 235
26 3 517
29 44 923
82 89 909
24 54 519
53 72 443
36 23 482
65 20 191
50 80 430
53 78 112
29 60 622
72 2 919
97 87 884
46 27 504
12 83 334
17 63 844
83 8 329
10 77 128
82 67 685
79 64 663
30 35 308
65 21 133
20 32 676
74 68 504
31 74 355
87 48 620
42 43 937
33 59 277
47 32 396
38 29 494
8 29 78
9 2 941
33 85 542
45 93 608
51 90 476
87 7 268
12 32 210
31 5 461
37 32 603
69 17 200
71 24 485
77 51 548
34 5 748
78 41 704
37 33 512
1 13 372
50 98 171
50 94 761
76 81 716
21 60 628
65 12 482
53 64 284
73 56 80
43 100 707
48 6 825
24 50 78
47 64 338
32 35 454
34 81 859
32 97 81
21 46 495
21 5 718
31 20 726
41 60 398
62 3 596
37 80 955
86 68 161
35 57 11
92 87 209
67 85 15
92 56 495
62 67 373
5 74 905
37 3 870
95 83 998
92 91 204
75 33 745
79 60 312
8 3 945
81 52 674
15 81 314
36 49 138
27 83 106
34 28 16
68 34 442
83 9 527
16 55 715
75 11 325
39 79 607
94 50 811
76 42 259
38 24 829
21 39 723
85 12 263
99 34 724
2 66 75
45 99 624
11 72 244
50 53 856
25 21 862
9 21 424
6 59 788
49 39 12
88 45 86
40 65 176
27 8 579
25 32 542
96 16 243
22 84 650
37 100 912
50 91 263
5 96 963
41 50 456
1 11 49
44 63 434
73 26 909
7 32 646
16 33 978
79 4 428
91 96 940
99 26 106
83 48 537
51 34 343
29 41 657
44 90 929
3 79 603
98 17 655
54 50 72
37 91 867
91 20 67
92 69 919
30 9 760
2 82 879
3 10 593
51 69 68
22 68 868
16 44 109
62 72 845
13 14 748
36 95 721
64 38 59
72 22 688
27 77 504
6 37 880
49 83 538
85 70 362
22 16 37
22 63 779
86 30 552
50 10 152
22 81 917
45 84 119
25 77 78
41 68 105
62 87 242
37 22 698
57 6 236
14 92 807
90 66 740
4 41 674
59 65 49
77 12 869
5 73 97
77 67 993
90 38 86
50 59 124
98 72 733
78 44 391
59 72 77
45 10 459
82 69 204
80 38 386
30 21 714
88 71 472
16 22 973
67 75 697
73 93 387
88 73 964
29 62 31
12 9 135
85 17 81
54 41 337
47 46 180
51 54 234
4 8 485
45 7 34
2 40 570
100 90 45
53 84 583
81 44 827
88 66 81
98 12 461
7 47 689
100 61 116
79 57 875
60 50 680
82 94 94
70 73 704
16 13 337
95 33 57
36 34 107
49 11 284
80 63 282
45 97 681
47 93 92
72 74 882
23 15 31
34 22 985
95 44 4
96 92 333
45 33 551
47 17 979
5 53 458
16 75 955
58 30 716
38 82 493
15 58 260
69 39 86
58 80 618
30 28 711
91 98 60
27 49 190
25 35 814
37 41 302
58 25 41
37 13 290
98 4 334
63 21 680
57 24 223
68 69 317
56 69 169
79 73 585
42 37 147
21 77 102
72 82 777
14 99 680
4 43 98
34 82 992
38 65 715
20 63 997
13 100 230
10 23 434
90 68 307
1 94 998
47 82 93
4 44 55
96 49 557
86 63 421
6 5 169
78 90 109
26 75 891
91 80 251
88 12 997
6 54 373
51 37 486
18 94 40
51 57 984
39 45 576
85 2 828
14 16 130
54 69 748
19 43 682
54 22 859
33 83 21
38 100 254
37 11 904
80 42 674
2 54 219
33 18 20
30 36 716
3 9 973
1 31 276
94 29 272
32 66 718
61 75 467
3 52 720
39 88 65
67 10 945
50 82 532
18 65 273
61 6 5
99 100 824
69 34 489
68 86 283
36 75 808
94 99 406
92 76 430
83 75 290
95 88 858
96 14 499
74 57 872
52 50 784
48 21 959
99 37 205
33 75 145
83 95 129
32 28 768
9 43 990
71 37 956
57 18 952
37 57 760
60 86 653
1 80 131
23 53 441
76 85 522
88 85 163
52 8 621
96 99 140
71 51 345
29 85 893
41 59 851
73 59 630
43 78 802
71 70 222
99 41 332
43 27 695
69 30 109
41 25 451
89 75 47
28 99 380
1 73 825
12 6 855
6 7 558
54 16 670
15 75 981
98 64 685
34 1 127
50 100 935
20 74 941
24 8 164
35 36 777
39 27 689
85 5 798
6 4 130
61 64 571
5 97 425
79 12 606
78 36 963
5 21 714
38 60 250
95 89 355
49 68 847
19 29 152
52 49 793
100 21 468
51 35 23
26 69 95
75 3 178
96 86 623
34 60 922
64 19 214
78 67 489
46 76 239
70 92 802
70 38 91
72 66 256
32 15 410
18 70 348
54 31 889
56 36 630
63 90 290
2 48 857
25 89 892
57 41 672
95 100 625
66 77 520
83 84 412
58 73 933
55 64 496
8 82 957
70 35 129
9 39 132
17 44 890
82 98 106
83 61 883
36 68 329
91 24 348
79 72 217
26 73 435
81 23 607
27 53 549
90 58 606
34 20 989
18 49 556
90 26 646
37 7 210
16 37 126
6 71 521
80 98 411
87 13 324
36 97 422
60 87 171
35 11 316
23 38 970
85 100 997
66 75 184
50 38 707
35 68 595
73 85 719
67 64 294
27 9 21
58 31 625
23 98 150
86 100 137
55 86 598
34 64 115
83 18 176
47 8 63
92 81 824
30 4 426
50 75 932
26 79 770
51 80 984
6 30 617
9 70 688
26 50 283
82 9 389
18 19 570
42 71 690
30 94 849
19 71 75
20 39 106
22 14 66
32 99 112
80 28 903
55 67 502
77 3 637
38 23 540
59 82 722
28 24 244
73 24 549
55 93 688
90 91 662
83 80 866
52 11 392
40 80 527
46 11 440
91 58 701
87 90 88
80 25 603
52 89 960
89 55 895
84 58 975
90 85 231
3 97 304
56 37 159
8 68 104
38 18 946
42 89 710
30 16 153
80 5 261
86 37 943
19 69 99
24 38 73
91 42 553
48 26 334
80 59 780
23 45 961
87 6 673
99 23 506
93 62 390
82 56 212
6 52 964
44 43 58
43 73 331
59 66 53
88 36 991
88 86 688
94 17 229
45 13 353
76 2 805
45 75 307
52 48 504
1 43 312
47 31 819
14 85 291
46 41 936
40 3 794
54 85 814
69 98 639
74 92 999
2 68 459
72 17 918
67 3 52
21 65 359
56 19 637
9 95 205
7 5 989
98 79 505
19 51 145
14 97 865
60 78 308
79 69 875
97 14 158
28 100 293
84 33 687
14 1 692
97 85 180
19 95 750
84 2 364
27 7 588
50 95 60
25 75 839
86 50 150
11 13 697
61 14 463
94 72 165
29 97 651
15 79 496
28 83 655
49 4 947
100 64 120
49 31 608
81 66 55
3 48 549
17 54 222
19 22 602
91 38 419
26 99 284
90 20 420
80 97 818
23 35 106
24 30 184
46 55 842
36 11 401
67 78 736
90 97 838
62 68 518
32 88 780
34 27 935
19 26 968
93 22 175
39 65 92
84 70 116
82 84 524
80 95 225
71 98 665
38 33 913
21 54 606
75 19 461
54 28 811
75 46 598
19 44 415
95 45 526
56 6 920
75 26 798
10 3 761
45 64 677
20 15 886
47 62 793
87 47 598
6 94 621
88 97 523
6 32 695
56 29 572
47 67 637
61 32 271
74 58 217
90 10 595
31 73 559
87 81 820
18 89 362
60 61 333
54 70 742
30 67 67
80 53 561
10 38 919
74 42 880
30 17 652
57 62 889
6 83 812
95 10 218
93 75 46
47 48 174
42 53 756
61 20 463
23 74 904
59 12 544
92 26 431
28 56 402
93 92 764
27 3 77
74 55 985
40 19 86
7 37 842
33 38 591
81 30 404
28 9 746
5 36 229
95 3 560
95 32 588
29 82 318
78 12 455
7 95 824
97 47 405
11 96 196
60 92 950
3 88 221
23 96 409
95 11 908
12 46 591
90 46 622
34 40 912
42 35 197
5 38 104
38 5 288
46 61 876
38 9 423
50 48 460
11 9 338
5 48 924
80 64 853
56 11 56
65 63 696
36 32 882
91 93 372
6 10 355
9 44 320
88 75 255
69 62 515
68 31 729
69 68 412
30 25 993
73 27 258
22 70 853
61 74 248
70 27 864
62 70 855
31 35 539
49 86 588
24 94 174
99 36 106
74 66 502
13 44 993
33 37 39
17 24 329
69 64 991
76 1 224
91 72 934
88 11 614
76 21 292
29 71 511
51 81 400
47 77 714
81 77 137
64 3 489
35 14 721
7 34 817
28 53 617
63 26 200
69 7 987
80 99 209
99 11 368
45 31 743
91 59 141
24 23 865
44 33 20
20 85 261
8 9 782
32 18 251
91 14 3
65 93 666
43 60 48
55 49 110
18 21 583
54 55 157
90 31 645
20 97 393
81 9 527
21 71 232
7 77 585
4 52 966
18 13 150
97 9 802
89 14 200
71 12 125
16 85 266
24 74 471
77 89 268
33 24 264
9 59 512
70 48 497
14 19 95
51 72 512
17 96 897
44 5 707
76 80 528
17 43 300
13 31 228
51 17 932
63 43 695
10 56 677
10 15 75
70 33 108
88 21 712
96 52 352
60 46 345
81 2 408
72 39 590
15 35 228
16 80 724
43 70 407
10 47 363
73 70 782
69 26 608
3 71 752
14 82 206
44 38 561
40 46 130
90 27 579
1 66 647
89 4 978
43 14 15
95 54 780
83 64 571
77 90 345
51 28 469
76 78 922
67 40 766
43 19 818
61 8 657
77 40 233
80 67 779
27 57 838
92 38 427
89 9 101
35 9 37
84 29 997
36 15 961
10 43 846
87 50 103
65 100 245
69 25 358
81 46 867
72 19 590
100 45 408
24 77 729
14 80 968
97 52 906
26 51 543
45 71 97
8 66 625
2 64 114
35 40 8
85 66 78
35 37 592
35 7 772
13 60 51
59 38 258
73 12 829
30 7 12
37 73 40
92 51 329
43 33 162
30 14 317
21 50 455
95 18 832
47 3 237
88 92 704
72 53 756
89 37 531
100 36 885
31 44 743
1 45 212
25 59 364
11 77 305
32 46 91
25 87 452
63 93 105
80 37 431
91 25 811
91 28 141
77 86 78
54 65 836
93 21 510
53 38 838
27 67 385
20 14 783
80 44 398
35 34 111
63 67 175
89 7 74
80 27 978
66 60 379
62 31 702
23 40 367
16 84 579
77 64 22
14 67 554
9 90 635
89 32 627
32 93 692
23 46 848
94 44 683
93 4 699
22 83 150
8 51 786
18 100 211
6 85 197
86 84 531
24 18 772
5 70 730
41 45 587
73 31 824
11 22 220
56 54 822
92 37 615
38 16 887
52 88 146
98 60 359
87 84 516
57 94 35
14 63 720
58 94 316
84 69 162
87 75 438
42 47 734
41 10 107
66 27 402
17 61 122
7 53 377
85 93 262
54 24 582
53 23 183
4 26 578
51 76 443
61 91 816
14 37 834
9 33 864
76 100 787
64 44 161
54 66 879
85 20 486
48 99 758
90 93 721
64 90 32
3 57 684
63 31 447
94 63 16
1 17 508
13 30 733
10 75 872
34 19 258
18 39 664
65 55 962
67 39 437
37 92 272
4 19 786
24 58 20
2 59 23
5 28 529
94 56 399
85 40 89
46 68 378
24 79 939
2 33 375
14 60 436
33 48 774
32 69 897
61 79 17
65 92 859
38 11 203
5 84 349
48 58 163
9 46 883
37 24 644
88 94 666
47 28 47
42 74 954
96 9 850
39 18 992
79 62 937
69 53 327
86 34 52
49 25 939
84 68 224
25 98 534
15 18 28
64 99 55
62 97 124
56 77 331
13 68 744
36 44 974
70 8 870
26 68 464
97 41 117
46 92 528
94 83 213
30 47 408
44 46 386
67 27 1000
28 92 769
25 17 248
56 34 574
43 40 346
10 49 756
19 34 738
21 49 927
17 11 626
49 40 542
5 19 765
15 3 379
86 98 739
65 34 424
87 77 828
2 18 376
19 3 977
64 47 719
12 27 324
70 49 416
72 67 617
92 60 858
40 79 8
50 61 434
46 40 953
9 14 760
79 95 847
29 74 397
34 72 900
68 33 936
17 10 289
93 5 617
97 53 232
79 42 711
76 64 783
86 94 790
59 88 577
4 38 152
34 76 598
46 75 188
93 71 285
69 20 413
76 90 215
75 37 337
82 18 961
63 24 710
35 80 537
28 23 908
83 68 270
50 86 780
18 14 909
48 10 657
45 12 609
86 45 266
88 42 327
100 1 87
55 31 61
71 79 328
1 33 300
83 26 729
62 100 327
70 66 728
84 76 443
25 70 182
41 81 452
67 90 551
85 94 846
72 99 312
33 100 399
22 32 892
31 89 208
32 75 430
7 8 704
35 64 639
42 52 12
91 17 746
12 24 283
78 18 460
100 79 207
25 72 146
15 65 770
1 86 437
81 64 623
81 49 646
7 42 134
73 82 274
94 85 40
78 55 866
38 81 737
67 22 630
84 82 761
79 34 787
99 87 639
95 39 674
22 51 407
51 91 29
5 33 347
42 29 401
5 37 989
71 68 390
72 100 183
50 21 83
27 71 169
13 78 47
76 56 192
59 48 248
17 98 235
69 38 590
26 42 192
21 26 458
7 16 631
23 93 89
7 65 54
80 24 143
58 55 252
40 48 925
35 45 72
74 85 6
81 79 95
5 100 532
84 98 437
41 72 242
89 3 28
37 2 617
37 10 636
49 36 49
95 80 415
86 54 646
52 97 99
40 69 110
7 15 959
35 1 912
53 99 680
94 22 610
70 60 483
100 24 795
82 30 427
45 67 25
66 17 455
8 58 665
78 54 213
97 81 409
85 84 653
2 34 990
61 16 862
69 9 151
34 67 443
39 64 155
37 49 22
94 26 203
4 53 870
72 52 210
96 37 830
54 46 851
89 47 44
49 35 336
13 42 433
89 17 500
61 1 440
11 67 578
75 12 895
55 6 625
78 50 926
52 68 269
92 40 200
52 44 47
13 61 286
20 49 240
30 58 652
45 21 717
100 39 5
46 8 535
2 80 362
43 38 707
67 43 29
40 29 288
46 36 488
25 7 120
49 19 630
96 67 169
45 20 124
35 98 235
79 75 114
14 30 55
25 6 886
24 51 513
13 80 688
38 21 511
47 59 574
46 17 296
38 6 564
43 10 608
70 18 726
21 37 965
66 26 591
46 69 451
3 42 665
16 77 670
46 34 717
19 61 913
54 79 204
26 97 196
51 15 681
32 67 453
44 50 58
15 94 194
29 26 868
64 62 928
47 99 367
97 39 663
50 3 236
83 2 982
67 53 712
9 68 334
58 97 615
51 39 949
11 16 640
58 35 408
37 67 984
45 42 114
75 53 398
42 69 834
35 92 149
18 99 4
66 29 421
7 57 384
40 53 678
61 67 422
65 61 446
10 50 28
38 25 778
35 18 683
17 65 347
39 86 879
93 86 705
48 22 365
71 63 574
77 25 895
50 72 671
43 20 458
91 3 460
79 61 598
69 56 83
1 35 345
59 37 810
14 4 733
33 57 953
11 43 852
31 90 621
56 39 283
92 12 102
15 25 483
97 4 660
21 59 123
54 15 173
5 3 360
17 45 164
65 59 586
30 54 476
2 81 590
13 73 243
38 68 470
33 44 544
33 36 398
90 33 579
3 67 96
34 12 108
11 23 440
15 7 149
26 82 826
82 65 401
50 70 588
83 88 380
27 100 156
56 44 511
94 31 336
95 23 349
71 8 711
72 64 310
2 70 64
72 40 227
32 10 823
17 57 966
65 81 331
9 25 416
35 15 162
42 39 836
78 17 243
4 61 331
98 73 514
18 32 590
7 98 898
61 56 647
97 24 306
80 94 254
23 36 854
7 3 449
19 62 581
12 56 969
15 99 735
29 17 371
91 85 821
21 1 113
51 92 947
64 35 902
47 74 25
47 87 792
49 5 380
49 78 439
83 77 491
22 26 442
20 46 587
54 34 938
66 79 248
65 76 564
80 47 637
87 85 381
33 16 413
25 40 136
41 100 980
20 71 521
96 24 619
51 16 569
43 53 264
100 5 621
62 57 698
11 30 662
37 53 859
4 59 512
70 62 420
64 61 819
58 81 540
15 10 477
62 5 232
82 36 661
40 51 631
25 86 662
94 77 730
61 68 426
52 67 244
9 35 111
10 73 513
3 18 634
18 57 95
77 73 241
37 44 373
48 47 117
75 62 148
21 62 173
38 26 761
43 98 246
43 44 719
2 37 406
60 89 315
92 33 18
85 76 427
49 33 471
91 67 471
63 27 288
68 15 708
44 80 534
19 92 578
44 94 295
40 10 171
17 39 120
66 11 15
89 93 271
76 14 204
41 70 626
16 9 242
49 93 283
27 41 794
47 73 748
40 100 555
97 7 757
23 18 242
9 81 498
53 62 95
68 48 820
61 62 917
71 10 596
5 87 810
1 98 827
31 45 809
72 85 818
67 55 657
80 56 75
98 38 260
37 71 362
86 14 233
43 22 506
79 22 837
46 65 817
30 84 812
53 97 48
7 73 933
48 4 686
38 48 189
86 55 665
31 9 381
55 41 252
99 7 962
30 26 45
56 65 516
12 45 381
76 84 796
27 5 317
82 53 63
74 26 493
34 30 83
28 46 683
6 28 866
70 24 269
26 62 564
49 89 119
32 47 620
17 18 371
6 50 557
42 70 279
76 9 185
18 95 961
98 1 834
75 41 876
40 94 365
47 45 364
33 64 11
29 47 763
81 73 363
5 15 889
36 87 634
32 19 949
100 16 726
22 2 640
87 46 406
97 46 655
98 31 302
41 56 188
6 92 321
93 74 306
61 15 284
57 99 725
94 70 132
55 61 61
12 31 190
70 93 243
81 71 494
55 10 230
41 15 10
92 34 431
46 20 656
16 65 270
41 8 908
38 76 383
9 40 94
58 42 974
29 45 398
6 36 74
49 66 396
35 56 890
89 92 12
47 24 820
17 76 541
34 70 470
22 41 817
30 31 675
39 26 291
98 44 239
98 22 684
86 32 868
37 21 86
20 8 191
3 99 555
54 81 943
67 48 719
54 75 145
69 97 962
33 21 118
85 59 530
42 79 632
69 41 419
62 24 77
84 89 405
50 63 526
55 27 127
23 66 909
59 89 867
9 62 358
17 91 708
90 59 604
20 56 834
28 37 4
66 36 579
16 45 105
62 30 715
57 37 295
95 53 304
13 88 209
90 6 465
25 49 531
28 1 395
90 62 53
63 55 591
36 71 524
18 56 612
88 5 305
26 49 816
2 13 561
42 92 460
11 69 512
74 70 92
84 85 753
5 47 718
89 85 380
68 53 133
39 43 817
44 84 334
81 91 115
55 47 448
29 55 757
87 70 86
13 51 124
32 60 727
98 100 297
86 31 530
30 8 626
94 89 366
43 52 797
1 46 481
92 4 167
29 69 44
64 66 201
72 31 924
35 25 849
7 58 650
19 4 523
80 66 917
95 15 356
93 97 180
41 28 401
45 66 472
75 93 130
24 26 518
53 86 836
11 70 419
99 77 674
8 31 955
6 60 407
100 87 799
15 27 332
14 66 889
97 86 150
82 54 11
11 89 271
25 84 997
85 14 641
99 75 449
17 81 551
29 61 170
23 9 403
16 1 70
47 85 106
77 62 79
32 51 374
27 22 264
38 64 527
57 13 93
40 30 162
49 77 416
53 70 778
76 13 977
65 78 210
46 45 209
49 1 983
80 46 183
69 11 811
61 78 950
46 64 803
54 9 98
66 84 361
73 11 456
34 36 422
25 10 465
47 21 577
32 24 65
80 35 52
9 63 238
92 52 690
2 24 409
70 47 616
7 67 716
25 45 458
1 92 224
19 74 272
17 100 621
33 35 958
71 21 173
85 90 710
15 31 482
60 97 127
38 95 841
49 99 810
28 49 69
72 20 248
23 10 55
7 44 169
46 9 920
47 37 950
77 10 416
6 100 547
56 89 74
51 20 532
39 60 328
95 41 395
68 21 45
29 79 659
62 63 158
94 71 565
98 55 993
43 32 216
7 80 357
31 52 840
40 78 116
59 53 820
19 80 776
89 61 583
58 47 322
78 93 840
19 76 469
70 96 714
13 98 887
53 59 536
63 96 180
10 31 320
56 79 193
45 3 953
85 19 206
48 38 899
88 18 409
4 66 184
28 2 554
4 27 329
10 86 43
61 57 701
52 26 251
65 48 750
93 50 943
100 32 488
92 57 623
98 95 387
9 74 972
77 41 878
52 61 231
40 27 830
75 88 416
84 22 125
34 33 670
23 77 348
48 57 75
86 10 627
71 72 649
92 82 874
56 52 167
19 86 557
77 4 551
75 49 707
54 35 575
87 37 634
43 97 671
40 76 284
73 92 689
90 39 575
53 81 6
10 12 460
61 46 836
100 99 46
43 4 530
93 12 614
69 55 533
32 77 483
28 91 549
94 38 441
89 22 247
61 40 984
6 1 715
99 57 287
94 21 820
52 6 896
56 66 534
5 12 424
73 76 277
43 12 565
50 81 279
7 13 213
69 74 305
98 85 836
19 36 128
44 59 576
60 74 608
37 56 957
15 14 296
47 23 645
30 71 9
61 49 306
40 96 240
61 31 661
5 22 132
51 49 610
77 84 690
27 85 760
31 75 498
1 10 419
14 78 645
43 62 558
76 92 985
13 49 393
85 92 374
87 43 20
43 94 603
55 92 987
24 40 398
45 44 484
2 43 131
8 97 90
4 57 755
21 55 533
71 54 845
39 31 202
81 54 654
21 6 557
48 25 401
98 92 476
76 61 246
41 47 536
95 64 104
36 45 105
49 2 435
19 10 868
42 16 618
23 41 626
89 56 228
50 30 948
81 17 332
69 43 41
83 78 742
1 67 353
75 30 208
29 56 815
70 83 146
4 71 421
35 99 950
32 84 433
56 76 711
15 54 744
64 27 888
41 37 373
90 95 394
73 87 318
46 60 375
49 37 72
32 52 558
28 21 503
76 51 976
74 14 605
64 74 303
51 44 628
24 55 484
19 56 118
55 33 419
91 40 405
43 72 597
99 52 276
49 43 345
49 65 777
95 16 429
63 84 168
76 8 44
74 77 333
43 47 310
70 23 841
22 97 96
36 14 652
26 16 178
50 15 988
73 81 114
48 55 180
7 90 744
2 56 262
100 67 183
53 19 790
36 48 962
19 52 232
22 7 39
74 54 800
96 15 40
91 52 839
65 3 591
41 65 463
59 51 984
42 18 731
48 15 281
17 31 594
90 35 33
93 25 103
98 29 127
68 70 77
21 19 936
54 2 857
27 4 497
72 42 681
19 31 17
36 54 159
3 19 845
21 52 747
97 88 758
81 89 894
17 92 313
50 58 162
63 83 464
57 60 410
74 44 773
69 85 731
54 36 574
32 2 31
93 89 664
82 26 483
31 39 608
67 74 698
48 28 62
38 34 597
30 52 917
62 42 13
61 97 808
82 72 580
21 8 402
69 95 179
97 25 517
54 63 105
1 87 1
64 43 954
57 36 270
64 2 189
21 82 589
75 38 712
53 87 867
3 81 742
97 72 524
39 11 832
95 58 125
89 18 896
39 52 671
80 51 496
94 92 943
84 54 442
9 79 443
72 45 346
69 27 58
7 20 449
91 99 495
88 19 278
72 7 124
72 55 645
52 76 942
25 8 918
41 76 217
45 37 695
19 72 886
75 59 921
97 27 975
66 40 565
31 50 52
22 93 19
87 59 676
33 54 385
92 98 304
60 15 510
87 23 662
79 20 493
51 46 793
94 86 254
66 96 510
100 63 570
92 53 189
12 26 638
96 72 493
5 82 910
95 35 59
86 75 811
12 8 357
66 87 638
64 77 658
56 35 740
57 54 574
12 67 80
74 4 211
71 50 128
44 54 181
85 35 483
43 68 978
43 6 970
15 39 427
42 58 259
17 48 950
37 31 291
2 22 744
5 93 513
81 14 549
59 22 563
69 59 34
97 3 747
23 4 968
3 38 192
53 27 655
87 24 2
10 74 402
100 91 510
15 23 171
77 18 52
41 53 515
37 65 582
20 66 70
61 45 308
11 62 247
21 61 558
15 64 103
13 43 592
36 29 89
29 64 982
36 20 790
21 44 575
22 59 841
11 66 652
49 60 636
59 10 784
65 70 899
7 45 366
32 6 620
90 63 951
87 66 461
91 39 414
3 4 924
66 51 447
59 80 278
45 69 525
3 91 141
15 87 359
84 40 209
71 42 776
48 14 664
89 59 874
93 45 144
26 96 561
18 93 356
48 20 503
74 2 143
84 13 337
52 87 745
22 34 927
80 22 294
20 80 992
6 89 397
50 33 145
95 72 139
54 72 832
13 46 674
65 44 363
73 38 298
100 92 538
38 63 443
57 3 767
88 41 865
80 17 409
70 6 23
33 76 705
82 71 345
20 54 826
87 15 44
76 27 273
90 2 891
87 64 469
43 74 14
22 38 268
99 4 892
9 94 73
46 79 455
42 41 859
58 51 58
71 18 251
32 94 686
8 32 707
37 60 939
43 96 773
32 63 925
89 19 47
56 10 832
78 83 23
77 88 484
53 50 724
16 95 791
82 17 679
47 33 538
29 84 980
51 19 281
53 89 107
61 83 781
66 95 634
72 86 660
78 23 567
95 27 718
98 63 816
82 14 387
80 89 942
72 32 959
94 42 883
65 98 584
44 57 636
31 47 448
7 70 788
71 20 487
12 75 409
35 19 396
40 83 997
9 65 621
87 32 614
38 42 938
1 29 378
59 93 929
90 19 221
90 83 209
78 79 940
89 20 58
22 46 859
45 82 678
79 6 617
68 17 265
90 16 880
37 75 142
67 76 596
97 77 836
8 86 738
34 62 957
34 87 701
95 2 573
9 66 422
37 68 256
93 24 58
21 57 539
31 42 365
85 34 494
24 84 489
96 77 637
26 84 627
43 82 904
44 76 749
60 40 547
39 49 536
82 5 612
47 71 119
9 75 60
39 14 161
75 68 697
7 19 706
44 98 307
97 36 990
86 58 222
63 56 239
18 43 308
58 1 832
7 78 99
69 77 621
86 89 559
14 46 671
54 64 623
50 68 193
47 39 791
68 71 830
12 49 480
5 24 980
100 94 821
92 84 883
9 51 60
61 99 355
43 63 603
69 2 52
1 8 578
98 80 469
47 83 372
83 90 90
58 24 476
100 58 497
97 78 766
50 90 91
99 79 47
62 92 758
9 42 680
35 83 962
60 54 326
42 7 479
57 50 855
45 80 798
25 60 975
27 79 565
98 56 44
70 36 358
21 47 153
36 85 442
92 59 218
48 67 759
56 48 477
27 23 133
22 45 353
30 85 187
37 77 168
43 56 843
84 95 249
15 43 550
36 78 321
80 52 287
62 61 557
96 100 35
3 64 789
67 30 184
84 28 453
97 54 669
20 12 765
30 61 653
95 93 919
96 36 144
94 27 872
52 58 491
4 81 401
76 26 200
89 96 968
63 91 771
45 22 106
26 100 892
38 58 223
2 51 857
66 38 430
25 9 714
81 4 926
24 47 689
48 19 567
54 93 739
20 21 630
60 85 606
26 13 247
3 70 995
15 4 417
24 35 460
51 62 432
3 60 842
84 62 831
27 80 688
18 29 652
29 8 89
43 3 393
68 25 543
65 39 231
65 43 269
6 9 86
20 77 967
50 17 181
48 94 449
80 11 892
34 73 453
70 81 170
10 68 548
82 20 407
6 88 921
98 66 597
46 72 159
80 29 858
63 92 263
37 46 34
76 68 133
41 31 521
49 17 155
12 97 927
43 57 909
17 22 249
74 5 371
97 26 906
23 72 274
47 100 470
40 72 843
6 81 564
33 51 359
41 54 6
9 17 26
64 40 490
68 87 489
45 88 8
76 24 776
1 75 796
66 12 427
81 69 204
28 39 597
8 59 39
30 98 307
98 25 355
52 39 844
83 43 146
73 46 514
44 20 291
56 63 127
91 66 4
24 28 491
61 71 904
35 72 540
53 73 479
36 53 380
41 36 35
21 34 961
79 70 450
86 81 534
72 77 422
55 4 583
69 46 162
14 54 512
70 32 252
4 80 804
90 47 928
34 10 310
78 25 872
17 5 817
18 37 807
69 86 783
94 30 157
22 62 775
52 86 752
59 55 81
89 35 150
45 38 807
3 43 6
9 99 561
5 49 532
14 10 197
92 35 132
91 15 53
87 10 162
61 43 97
28 36 608
87 89 860
100 35 493
61 73 83
12 47 753
10 41 571
83 6 725
13 18 432
66 73 37
44 56 982
16 42 107
30 57 646
68 79 450
28 90 890
100 48 752
37 62 30
84 61 17
98 35 625
82 75 868
83 30 227
60 72 931
6 14 633
13 37 259
2 1 823
67 31 112
21 76 158
48 24 644
91 27 800
91 64 804
83 41 788
95 59 466
72 95 48
88 2 889
37 87 334
63 81 555
64 59 253
6 48 128
87 2 993
77 34 73
64 75 822
23 33 295
1 24 927
86 43 571
64 52 904
68 76 402
8 75 26
77 54 263
30 45 657
8 91 171
77 82 831
19 15 535
31 59 811
75 63 425
36 93 756
68 81 678
58 63 642
22 12 488
31 48 642
17 19 187
25 27 611
1 62 155
4 55 415
42 40 325
52 77 344
28 52 624
98 91 667
77 36 764
32 81 609
84 6 664
56 13 381
7 88 359
72 16 229
92 99 452
25 66 134
81 74 841
44 41 2
10 17 645
71 87 885
82 40 919
74 43 588
29 37 955
8 35 845
49 80 292
35 70 814
86 57 225
95 79 567
100 18 598
74 64 146
36 7 202
35 94 918
22 60 574
52 40 37
37 23 719
82 100 140
34 93 349
79 24 319
22 80 552
9 50 425
89 33 305
47 63 749
14 40 676
20 87 869
67 59 753
48 2 943
89 77 333
77 37 695
78 10 180
46 26 9
94 5 486
11 57 416
27 94 343
37 86 460
29 50 688
58 91 324
90 11 409
39 3 605
90 77 280
60 36 210
55 19 968
37 96 347
56 82 261
28 29 750
58 66 853
11 14 950
54 99 62
59 23 471
90 64 690
69 18 377
8 37 304
8 19 116
69 82 15
62 45 568
32 76 425
51 68 676
32 31 558
4 77 350
20 48 681
19 93 419
99 60 990
49 10 282
99 97 539
84 97 384
52 27 857
56 85 184
86 5 763
24 61 323
70 25 346
41 66 254
29 98 858
52 38 166
21 9 978
61 7 455
74 76 716
76 50 414
13 24 145
55 98 832
70 4 327
7 36 166
63 28 245
22 25 851
47 36 839
20 7 674
9 58 721
10 34 857
47 35 479
37 95 969
28 78 950
76 48 292
84 24 141
17 75 436
68 13 636
14 87 441
63 16 86
16 72 882
72 27 454
60 1 809
100 15 770
79 8 844
65 75 835
21 86 514
32 90 58
29 58 307
96 1 369
11 88 196
4 7 905
97 19 353
29 36 735
27 54 567
30 73 992
75 80 442
43 18 193
39 1 872
89 78 116
18 72 958
45 70 849
40 88 167
65 82 320
37 36 312
53 25 332
36 57 467
40 25 572
100 38 363
88 69 851
11 81 280
87 76 149
14 96 628
86 38 903
13 9 945
1 79 246
64 68 61
75 57 77
67 23 460
93 60 681
27 82 929
10 14 792
81 34 415
16 53 796
14 13 431
15 66 820
32 39 695
3 87 156
29 76 291
24 36 204
39 16 808
45 2 355
41 80 612
48 31 126
97 65 625
96 93 73
69 66 763
19 58 49
58 56 53
66 89 481
92 9 527
9 38 277
44 17 955
88 63 631
90 18 676
63 9 769
55 88 888
34 85 301
96 60 666
49 81 552
3 22 859
12 81 487
27 31 313
93 53 101
31 69 178
20 61 584
21 38 791
4 17 156
59 44 478
78 43 480
74 18 594
16 63 974
33 17 395
35 47 107
86 21 230
34 90 905
57 100 815
69 44 564
84 34 855
32 68 816
60 67 734
99 19 574
55 65 237
45 89 679
71 91 649
72 36 911
33 73 915
90 23 930
86 33 686
55 17 203
100 31 605
42 57 764
74 33 149
62 89 709
92 97 280
39 82 140
56 17 484
63 49 694
6 12 284
23 48 370
86 73 43
52 81 552
50 87 239
46 14 692
13 66 911
87 28 758
52 29 775
38 72 621
49 7 685
59 58 36
51 77 230
40 35 152
92 75 524
29 42 136
27 55 943
61 35 451
51 33 141
94 40 318
42 61 381
80 6 887
43 92 318
59 25 35
41 49 332
99 91 490
9 69 366
32 25 718
55 45 479
73 35 597
90 88 302
5 42 217
39 95 822
92 67 337
80 21 999
99 72 709
30 86 561
17 30 22
68 84 251
85 62 796
9 5 933
1 2 195
3 16 92
2 32 777
36 12 107
15 29 52
89 48 911
90 32 188
18 84 766
33 34 305
54 7 7
73 15 811
37 15 216
52 73 212
21 53 392
97 94 415
40 28 702
26 88 822
73 71 965
12 87 881
72 71 819
84 45 701
16 83 486
69 78 352
56 64 605
4 30 681
36 84 438
4 98 374
51 85 312
25 24 613
64 31 620
35 82 614
79 87 939
16 34 640
65 16 449
81 45 806
66 64 419
59 99 940
52 83 735
81 76 709
86 15 907
58 83 818
66 93 475
90 54 231
80 45 693
49 20 705
36 86 144
65 33 648
31 33 924
11 48 329
49 56 701
77 95 420
16 21 885
84 14 310
94 88 332
34 94 70
16 57 846
66 80 749
16 28 79
36 69 514
65 74 764
74 39 11
83 24 284
93 57 451
66 33 579
90 79 737
49 91 840
13 12 157
28 14 648
17 4 861
62 15 871
7 94 125
57 15 472
87 83 483
55 25 34
30 12 278
19 87 246
69 79 242
25 48 859
24 98 833
29 66 600
8 13 946
18 2 581
56 80 100
74 8 648
44 100 503
78 98 531
69 51 88
55 56 93
24 76 901
64 63 651
29 30 820
18 80 633
74 22 981
15 24 248
44 95 324
4 29 615
91 5 846
46 56 450
66 13 742
33 93 567
9 27 206
7 12 925
38 52 892
66 3 337
40 9 504
10 88 42
94 3 721
28 88 870
17 21 909
84 78 470
8 21 136
58 29 953
8 72 614
29 18 760
36 64 446
28 7 835
56 33 974
43 81 283
73 43 733
5 7 270
98 47 602
40 90 197
62 79 685
77 32 691
93 79 538
12 51 961
56 20 26
54 84 950
22 74 3
82 64 29
30 22 748
58 19 177
59 98 696
52 57 704
65 13 74
22 100 886
1 93 763
75 74 640
10 91 527
9 97 276
66 72 95
69 81 762
61 33 49
1 36 531
5 78 507
22 42 796
66 69 540
64 85 914
55 42 582
7 68 789
6 99 148
31 78 5
84 77 572
60 79 377
26 12 107
69 92 602
83 13 990
86 6 931
12 50 901
80 75 955
40 22 776
53 26 75
49 22 558
84 9 74
86 41 85
74 91 743
59 83 972
85 96 918
98 30 285
39 100 610
91 31 849
30 23 627
94 28 535
28 64 156
57 12 621
13 82 874
36 17 847
71 39 439
19 21 85
52 1 548
93 65 75
96 88 568
39 25 749
100 30 989
94 54 655
6 97 610
4 93 444
15 36 574
56 97 446
23 58 678
8 63 974
55 12 404
6 16 912
69 36 363
48 43 881
15 85 618
15 69 266
32 27 765
76 22 1000
82 73 807
55 97 239
65 7 283
22 87 660
95 84 578
48 73 596
86 47 104
54 42 217
38 99 295
14 12 878
12 71 690
71 2 238
29 9 822
8 7 381
19 68 978
73 54 317
56 59 781
51 9 782
59 33 534
12 90 997
4 69 656
81 15 693
93 16 303
23 89 245
68 19 612
82 95 629
94 57 428
65 45 995
12 41 759
93 19 308
25 3 153
43 35 1
68 77 732
99 59 340
93 67 904
69 23 453
8 20 977
82 6 84
18 69 289
10 27 33
85 41 885
74 19 703
18 87 810
50 36 548
84 72 621
45 63 4
17 7 375
67 71 89
39 69 332
98 74 560
94 32 608
83 7 519
13 75 351
24 72 902
30 91 322
35 23 927
22 36 405
64 57 182
19 60 740
60 4 74
28 48 230
3 72 953
20 41 579
31 61 285
17 83 968
79 94 761
64 33 874
76 69 506
12 33 20
56 27 859
73 91 919
16 82 197
37 88 332
28 43 245
98 43 887
71 4 435
85 83 218
55 22 622
1 90 39
10 66 665
1 50 318
41 64 322
60 65 199
71 67 620
80 7 704
49 28 908
45 86 551
54 100 434
29 59 976
85 63 473
69 65 613
27 87 330
67 14 663
66 20 862
13 1 383
46 80 152
10 33 569
72 34 108
48 62 195
73 33 792
88 32 644
76 49 67
40 39 39
22 77 47
26 72 35
78 40 719
96 71 270
83 16 28
55 28 25
31 26 844
33 92 368
2 28 617
92 47 895
80 58 531
75 29 792
56 57 456
84 65 669
30 64 756
31 76 71
97 92 212
88 23 676
81 26 466
99 24 19
80 14 496
12 94 767
22 82 715
59 92 855
38 27 674
58 77 645
19 48 551
36 5 203
69 63 731
27 92 375
17 66 877
83 1 116
65 17 458
86 70 666
33 50 928
68 100 664
13 17 751
83 33 567
37 17 882
62 33 541
65 66 123
41 12 340
12 64 240
65 14 797
61 63 830
36 88 126
74 96 24
32 78 695
48 76 653
63 40 354
89 68 832
60 3 883
58 67 452
74 35 17
78 3 779
38 53 645
57 43 713
23 61 371
61 42 65
3 61 943
11 51 529
47 60 386
85 36 936
95 62 800
90 34 429
39 66 382
12 92 809
11 82 766
68 20 67
49 74 207
49 97 520
18 5 897
41 9 250
26 86 137
75 71 94
44 60 704
5 64 105
46 84 262
48 12 170
86 77 777
46 23 556
88 46 160
10 70 838
91 43 798
32 83 9
73 72 753
27 76 974
67 37 731
71 19 364
69 80 676
39 8 115
59 24 705
67 17 688
79 19 338
46 59 743
27 84 613
81 88 690
87 31 438
35 67 947
6 35 181
85 81 66
88 37 984
76 63 131
14 86 108
75 73 783
7 17 323
57 19 209
7 14 135
97 67 88
61 28 388
26 20 968
35 33 866
23 30 417
15 95 217
26 89 325
76 30 694
15 77 789
12 4 726
83 22 500
36 77 493
52 69 333
18 15 354
69 67 104
22 86 690
31 58 495
40 54 379
33 53 93
74 62 101
31 79 909
66 2 527
21 3 209
76 10 83
45 62 60
10 76 252
24 90 117
69 73 171
77 7 314
44 96 397
2 46 838
71 96 342
82 99 927
73 96 102
100 8 831
49 18 302
11 95 785
20 64 696
34 39 240
82 4 361
51 67 270
2 74 148
53 5 545
68 1 463
12 95 734
14 57 222
68 3 89
98 86 862
53 44 93
75 79 470
59 41 589
70 45 838
52 78 409
75 50 841
100 95 535
3 27 21
91 88 679
87 8 799
73 42 165
58 8 536
25 69 1000
79 99 303
55 68 415
75 67 173
94 67 847
16 23 635
93 41 374
83 74 503
70 57 825
36 56 385
87 42 711
10 92 379
13 57 139
15 47 945
79 32 585
59 95 707
30 78 873
49 72 998
41 86 445
13 90 587
46 10 318
34 29 375
49 62 994
16 43 439
61 80 964
24 88 719
20 34 294
78 68 251
80 88 772
44 35 542
85 99 39
20 91 712
83 92 725
26 71 299
2 29 875
46 38 406
21 27 925
41 61 788
18 47 105
23 1 125
78 73 684
70 82 338
58 16 191
35 84 569
59 35 492
37 8 846
94 98 870
36 73 264
86 11 663
86 79 954
87 91 577
87 41 929
100 76 544
33 99 614
88 96 691
20 18 471
96 32 241
58 15 582
56 51 526
78 66 999
57 32 529
39 63 947
50 6 644
84 67 182
9 7 169
51 45 365
49 9 867
23 100 475
71 3 51
35 2 431
99 96 52
34 99 462
39 5 541
5 85 601
61 21 156
23 79 96
31 49 610
100 69 477
84 4 187
1 15 645
59 77 683
9 92 667
83 91 557
46 18 284
46 53 76
77 98 626
94 37 350
37 50 598
36 1 709
9 53 411
31 40 810
96 23 689
56 16 257
87 9 33
71 64 630
71 76 309
83 73 989
37 52 612
25 26 821
68 43 931
80 50 543
5 68 206
51 6 194
91 77 349
4 21 625
85 50 40
11 80 553
59 96 774
73 50 854
24 93 254
71 95 633
60 55 536
33 14 125
57 67 530
68 99 427
58 41 867
51 96 320
58 82 428
50 9 75
46 87 389
77 28 724
45 46 914
52 12 514
68 14 947
62 83 38
17 64 459
32 13 946
79 58 785
40 61 390
20 53 361
96 11 554
84 36 443
71 47 984
53 40 365
87 3 584
96 22 836
22 21 620
47 76 307
3 30 127
29 28 170
83 38 585
44 24 339
65 37 496
76 18 969
25 20 123
16 51 653
86 13 74
17 46 486
81 41 627
55 34 428
90 9 96
100 25 522
86 40 786
44 82 108
30 87 694
39 96 319
87 17 578
28 72 509
73 7 757
88 17 399
59 57 440
41 16 251
21 35 497
59 20 222
70 76 464
57 49 147
88 95 500
8 46 120
7 86 411
13 45 876
20 67 1
17 55 793
78 53 295
23 59 996
41 32 339
14 65 734
93 80 439
56 22 956
34 68 529
32 73 445
20 83 607
17 26 390
62 82 538
32 43 889
13 11 763
25 74 208
63 15 525
94 60 963
74 24 767
78 26 687
41 94 373
78 92 437
43 65 487
95 20 718
27 97 405
65 47 365
4 95 284
95 5 22
32 65 254
10 82 779
27 65 441
98 6 919
39 44 790
11 86 327
14 5 565
47 1 310
65 99 337
86 65 543
73 53 901
94 46 666
68 24 140
28 51 512
47 70 212
30 100 484
22 10 71
71 84 378
79 74 890
29 33 328
2 38 882
97 73 623
24 57 724
87 55 852
29 67 594
10 96 584
3 69 376
83 14 471
29 46 1
85 60 985
3 44 741
87 58 786
67 52 822
49 46 382
91 37 955
72 58 519
88 82 734
84 59 9
4 24 992
24 43 223
71 36 837
37 59 753
45 100 389
68 38 792
76 93 557
87 49 545
17 51 172
92 86 443
85 75 140
73 49 145
21 94 31
6 98 210
84 91 242
88 10 423
72 76 383
71 61 979
16 20 805
9 15 396
9 89 148
68 72 340
74 46 818
77 39 291
71 80 921
15 93 570
81 84 144
45 61 432
60 10 911
87 35 35
73 41 41
1 26 714
79 82 828
65 29 125
53 76 830
31 71 393
34 100 257
75 23 350
86 53 334
67 12 216
52 9 615
50 77 755
81 90 231
89 49 913
2 35 695
39 10 625
7 89 947
80 62 330
4 85 976
43 67 493
55 83 81
7 64 269
9 10 238
50 74 721
3 50 8
26 94 631
83 32 389
15 40 815
85 6 544
44 69 866
41 98 331
96 6 863
45 35 43
92 83 152
40 8 530
6 80 997
83 54 849
75 92 88
13 83 744
37 81 981
63 60 949
14 6 379
15 22 373
55 85 410
70 69 324
24 100 686
50 26 990
89 15 626
71 82 204
63 25 683
59 47 537
38 35 536
17 85 318
30 55 622
34 52 717
50 31 454
51 93 97
51 78 559
60 76 817
55 76 389
86 95 351
30 24 201
18 17 205
1 42 400
99 18 780
68 92 601
73 63 776
94 90 891
16 91 249
82 41 946
7 92 814
42 56 325
43 69 209
3 25 571
99 15 765
87 95 999
22 40 625
7 52 190
27 33 832
90 67 844
57 64 991
54 3 569
68 89 469
24 17 978
83 3 635
48 80 233
34 21 783
53 46 778
81 31 658
36 9 397
87 36 962
17 13 318
12 21 832
88 64 840
35 10 48
82 22 969
99 94 328
70 79 127
78 24 619
4 5 762
19 98 859
73 100 676
77 6 502
7 24 286
18 41 136
99 73 73
46 57 832
60 71 466
32 74 722
11 71 440
90 30 854
19 6 542
96 53 689
37 45 993
91 9 838
35 71 175
45 41 488
67 41 192
43 84 451
6 34 711
91 7 251
42 20 816
95 60 681
12 82 660
68 29 915
55 29 190
22 61 424
1 27 181
96 33 902
32 5 894
64 6 781
58 52 744
49 34 556
11 39 923
82 55 698
29 22 427
48 23 206
86 56 118
83 60 904
20 17 484
29 68 213
58 23 732
36 61 231
94 47 868
33 65 249
44 93 611
93 85 719
77 91 149
69 16 226
77 13 659
93 34 692
43 54 562
15 97 980
46 71 137
53 96 726
35 77 105
24 68 602
56 26 330
85 37 715
53 91 735
30 43 889
79 13 897
54 6 247
88 81 277
54 60 438
58 84 846
25 11 763
14 3 552
93 11 839
51 52 208
99 39 16
25 2 875
69 60 486
38 61 276
74 29 474
74 23 219
94 84 726
72 78 772
94 35 355
17 93 655
64 37 264
39 80 500
7 69 48
6 39 350
76 65 23
57 91 625
45 83 384
78 20 234
74 80 555
14 38 101
34 63 506
20 29 571
71 60 824
31 21 109
15 13 680
60 6 780
30 97 398
92 45 589
66 9 819
27 75 44
97 31 703
34 53 305
33 70 625
94 25 131
85 68 113
8 95 620
32 91 748
82 93 383
41 91 814
53 94 651
52 18 377
67 87 501
81 51 493
6 57 988
61 38 742
22 79 429
12 88 977
38 88 233
22 52 773
20 58 113
73 97 817
27 39 843
69 84 457
82 66 57
43 46 507
25 92 703
83 31 567
14 27 164
36 31 771
39 94 818
96 40 948
92 3 923
81 87 357
93 61 976
48 70 570
88 83 462
21 25 180
49 73 62
31 7 614
15 38 509
47 38 629
16 76 1000
12 63 537
29 57 744
14 24 544
48 75 572
66 46 133
74 32 509
54 87 266
19 14 406
24 70 721
35 27 858
35 31 294
4 12 713
93 6 255
61 24 757
24 5 717
82 44 889
14 61 170
78 6 953
60 90 34
8 26 663
49 38 474
88 53 92
70 29 620
42 45 638
22 27 717
48 89 509
75 45 586
10 97 464
71 25 37
34 15 843
77 94 534
55 38 332
6 20 824
29 86 143
59 46 904
85 54 783
4 70 227
89 60 165
54 4 475
1 76 19
4 14 142
72 29 20
62 80 742
50 51 427
5 56 148
76 55 191
30 27 844
44 22 468
30 74 415
34 49 119
68 50 662
11 20 848
69 49 587
42 30 977
74 81 188
4 75 479
57 35 232
77 66 863
76 7 807
57 31 157
29 93 527
14 95 937
59 85 614
3 26 335
1 3 576
38 96 297
15 91 190
46 67 373
23 99 455
53 51 716
19 89 551
68 66 196
32 64 666
33 47 700
2 45 688
46 49 321
14 73 869
56 40 87
60 62 201
8 83 916
17 59 348
52 30 486
64 36 478
64 22 875
9 76 18
26 93 497
90 51 507
17 70 532
5 25 997
22 39 455
24 34 584
3 77 36
48 93 503
14 29 107
4 50 66
73 61 592
34 48 893
22 23 79
8 42 734
20 93 343
75 78 853
68 65 616
62 74 934
57 17 144
9 100 543
33 62 965
27 96 390
53 31 528
14 9 794
31 54 29
97 76 843
8 64 18
26 7 232
90 21 272
7 54 565
26 8 624
68 9 859
76 36 184
64 1 195
83 4 468
91 69 839
78 27 566
93 2 265
93 29 930
41 97 109
97 42 52
23 65 957
67 38 326
62 86 742
89 64 155
46 15 781
34 42 295
45 16 911
58 92 281
69 75 862
67 4 821
20 35 631
94 58 171
79 15 35
40 73 42
92 85 177
30 70 600
2 25 532
84 79 468
37 43 657
80 82 642
96 34 420
21 58 138
32 87 737
22 90 259
47 91 901
81 78 642
76 40 969
100 57 619
49 87 12
43 66 735
3 63 735
57 66 418
22 94 796
88 40 565
45 24 764
68 46 372
98 57 849
69 19 455
57 73 399
46 7 364
16 48 281
24 53 527
31 28 137
16 6 809
62 55 845
72 57 559
1 99 968
67 81 820
11 24 595
86 74 489
86 72 263
32 59 319
57 88 120
75 14 410
44 10 304
69 47 644
49 63 493
83 71 675
28 73 687
46 62 71
82 88 473
31 63 431
69 96 583
97 55 314
69 48 688
89 100 130
91 65 618
71 34 967
84 90 782
92 19 122
1 56 664
96 13 979
100 11 477
45 39 195
93 90 256
79 65 461
75 60 145
15 90 327
88 27 660
53 82 536
34 57 396
12 16 574
30 41 957
51 41 600
36 28 878
97 82 3
58 95 316
61 72 865
31 97 330
32 9 750
74 9 896
5 10 355
54 44 75
39 72 503
88 20 813
99 35 520
20 51 114
49 96 784
68 61 566
62 51 365
65 38 44
17 32 312
100 83 361
10 44 784
68 94 454
5 13 710
95 26 935
57 90 90
46 1 523
39 92 458
61 92 908
97 84 229
25 91 863
97 12 279
48 13 360
11 58 431
36 65 642
32 98 795
6 31 729
90 28 850
96 89 600
45 55 191
10 20 143
20 98 784
79 21 371
33 25 864
70 74 603
21 31 520
57 8 219
85 74 465
29 83 255
3 40 114
48 91 89
27 26 849
14 84 739
74 6 532
97 58 184
37 40 527
98 3 347
93 51 120
19 47 117
67 19 164
61 29 5
6 70 336
34 97 679
7 100 9
74 25 74
19 28 416
57 48 232
11 59 274
85 13 903
71 28 870
90 69 429
50 5 516
78 37 933
94 9 183
28 71 53
14 72 542
62 98 989
61 93 422
70 63 627
28 63 606
11 55 725
21 88 545
98 58 566
4 10 624
70 98 10
47 22 269
48 78 189
48 100 223
50 78 330
70 61 119
4 100 5
25 71 774
31 36 199
99 48 157
2 7 398
9 56 697
54 19 488
63 99 71
92 96 283
18 83 960
49 6 785
79 39 946
32 11 697
66 6 701
22 35 572
52 84 540
38 74 922
51 89 125
87 52 166
15 63 281
78 80 49
50 88 554
1 53 126
47 41 524
55 71 661
65 31 462
90 74 395
42 62 76
28 20 318
82 39 970
72 69 966
60 43 727
13 65 872
52 51 876
8 99 518
6 68 763
84 50 483
52 42 647
89 83 24
46 35 780
41 43 41
35 66 59
9 82 716
75 34 847
12 57 906
39 54 83
14 51 556
21 74 290
40 84 198
86 22 9
89 5 707
10 72 756
41 74 62
44 88 700
24 46 568
29 31 269
63 74 501
50 44 654
94 74 952
95 21 783
53 30 774
8 43 859
64 83 999
33 8 628
46 66 494
22 76 810
26 58 101
17 74 333
26 33 14
63 47 714
6 95 140
52 63 865
49 57 341
55 11 138
81 92 572
23 69 599
72 81 86
69 94 59
70 40 904
88 34 221
25 97 450
98 41 1000
12 70 726
16 35 187
83 86 225
84 25 865
99 8 621
18 53 658
97 22 751
96 25 611
43 11 354
2 83 46
19 67 847
34 84 511
73 94 879
4 92 148
59 19 98
8 10 688
42 80 561
91 8 441
18 40 549
23 32 205
67 84 545
26 77 244
64 21 164
89 84 54
67 60 771
5 86 30
64 92 183
77 76 457
85 38 118
75 18 296
75 6 15
62 29 883
71 81 77
95 91 574
92 88 83
44 72 888
95 74 606
41 38 278
86 69 259
25 36 494
88 52 168
99 61 563
37 93 126
34 89 180
93 91 184
16 52 28
89 91 159
7 82 116
36 91 366
62 28 940
48 88 912
9 24 717
73 5 818
20 37 739
85 46 511
96 51 68
14 64 422
89 94 420
39 67 85
65 22 32
59 36 495
93 18 325
36 35 35
31 65 31
13 36 515
52 10 796
15 42 125
67 5 305
23 19 230
64 86 863
44 79 311
87 54 545
14 43 601
61 2 721
57 61 841
10 94 302
5 2 149
85 3 767
72 88 108
44 55 26
27 6 949
45 78 743
80 41 466
80 83 368
90 65 573
38 54 521
29 100 543
15 89 766
20 22 460
38 83 10
78 85 247
58 90 339
38 80 117
70 21 126
42 78 816
50 54 943
28 70 32
71 44 163
16 61 306
6 19 396
83 19 675
87 94 932
100 60 173
60 66 802
90 25 704
53 14 568
36 22 10
28 4 748
68 97 583
82 1 101
62 93 402
21 63 415
17 15 380
97 90 777
54 48 858
25 57 751
51 75 719
29 23 763
2 57 410
45 60 914
1 14 695
20 2 949
89 54 498
72 8 328
100 98 730
46 3 998
84 80 135
44 49 704
50 97 553
60 82 287
23 55 735
93 35 66
47 26 128
100 78 808
98 54 872
49 55 3
42 33 233
71 94 405
98 48 588
3 83 936
16 46 385
70 2 429
5 6 707
25 85 581
48 63 512
92 62 219
47 44 279
54 29 138
4 31 172
92 49 36
45 87 347
66 10 81
31 23 602
88 76 285
34 74 740
49 44 564
53 60 412
11 93 985
81 6 43
53 45 700
88 58 716
41 62 607
3 49 183
99 83 764
48 97 69
100 53 312
49 3 344
41 88 342
94 33 254
36 70 742
98 68 992
85 91 282
93 33 785
44 28 874
81 80 297
41 5 105
52 16 240
47 34 942
65 62 605
2 21 865
27 44 274
68 35 381
42 21 896
98 14 557
68 98 678
85 71 162
7 97 660
11 27 474
47 4 321
70 77 386
60 96 973
18 59 955
89 38 533
28 57 163
84 5 15
12 3 65
84 81 185
33 49 272
23 28 365
86 51 841
82 23 403
81 62 932
18 38 379
52 70 216
47 97 380
2 8 267
60 25 658
71 85 893
62 38 142
59 34 383
96 21 54
56 55 893
57 38 657
91 16 531
67 99 587
70 58 610
35 87 943
73 19 999
60 14 279
26 24 112
88 16 935
83 21 785
27 74 32
81 13 802
51 66 693
69 29 302
41 83 789
25 88 692
62 95 642
14 31 779
75 2 477
83 29 182
14 94 718
64 91 93
56 28 229
77 30 247
94 43 940
51 95 692
19 8 732
44 34 669
59 29 101
22 17 357
3 34 347
59 79 203
51 65 817
41 67 648
95 25 709
67 91 917
100 88 24
47 80 506
11 73 579
61 19 334
100 71 778
85 67 531
49 94 341
49 76 105
91 54 486
41 29 53
45 36 494
66 31 379
28 62 981
60 2 563
58 99 976
13 29 458
62 6 942
19 17 440
89 50 254
76 99 611
7 1 195
50 12 78
29 19 576
91 47 357
33 72 461
17 60 629
33 52 946
1 61 625
16 87 778
27 78 337
88 98 516
86 18 272
21 70 348
12 73 207
34 47 408
14 70 725
36 18 739
11 97 317
19 78 980
59 31 47
23 17 524
1 22 542
13 94 768
80 78 261
18 44 668
65 35 278
80 54 324
27 14 902
18 26 299
16 25 200
10 85 976
34 78 251
97 69 898
63 78 431
35 52 385
98 46 842
68 60 694
27 18 561
50 83 149
62 60 301
84 21 96
15 32 185
50 2 281
89 13 174
57 14 141
100 4 383
23 42 172
9 73 254
94 13 366
95 99 280
50 22 187
98 96 441
100 51 887
46 47 940
52 31 312
70 9 177
77 20 518
26 64 390
33 97 391
59 75 717
72 94 771
84 10 976
83 23 483
58 65 836
28 77 751
57 86 992
17 35 510
72 79 820
87 20 957
26 70 108
61 9 397
61 70 142
56 14 683
4 78 979
18 85 694
82 13 776
75 36 485
39 59 598
82 29 332
8 40 575
60 77 2
55 7 546
63 89 468
75 76 369
75 55 204
2 47 677
47 57 276
11 25 979
100 34 434
87 21 526
99 74 299
11 84 47
71 77 970
98 23 833
97 96 623
82 45 618
64 93 838
18 88 69
62 32 628
17 69 440
14 50 299
50 29 982
72 35 647
79 59 698
46 32 662
31 70 163
57 81 200
28 54 70
11 34 83
78 88 225
44 18 969
34 44 262
95 50 671
59 26 626
89 57 220
47 78 203
8 80 918
53 100 946
98 49 555
60 44 261
59 4 329
23 97 852
33 26 974
10 11 188
28 18 346
68 16 89
96 78 55
31 27 369
62 56 664
56 30 906
33 31 523
83 44 310
31 51 600
51 79 749
89 8 802
10 57 925
74 67 566
88 1 21
37 28 958
83 47 764
53 85 188
65 88 784
25 67 765
14 8 169
47 86 12
79 17 849
9 98 954
50 46 550
26 48 813
15 1 519
58 11 204
21 12 648
75 96 558
33 12 758
82 12 702
17 23 88
75 86 957
13 6 253
14 23 838
93 39 54
34 31 421
63 73 175
61 53 210
3 24 158
92 72 51
11 10 676
41 48 471
80 26 80
64 55 676
70 12 949
92 21 277
3 80 538
63 41 64
38 17 415
58 3 277
100 75 56
83 5 899
16 41 146
39 47 856
89 63 289
87 40 176
64 14 97
75 13 624
23 20 428
91 1 558
49 51 635
63 72 189
87 30 215
82 21 872
100 85 359
59 61 651
91 32 90
23 8 547
15 72 760
77 61 602
12 98 607
23 43 384
68 58 222
31 29 973
64 95 234
8 30 898
91 95 816
81 25 375
73 58 771
78 15 552
5 35 446
3 37 448
28 33 536
53 93 188
20 86 432
88 89 74
31 68 181
33 45 330
93 70 264
12 38 198
72 61 118
12 69 455
57 75 449
3 14 577
86 39 174
65 6 950
85 16 236
29 1 894
96 50 672
23 78 428
90 7 563
53 79 473
60 70 793
23 81 796
23 6 7
91 4 632
59 52 304
93 58 355
4 65 729
56 75 118
41 22 719
74 21 4
18 64 413
42 86 145
99 33 379
79 26 779
18 23 405
55 69 917
89 23 621
57 23 676
65 94 287
15 83 988
100 93 305
57 96 421
95 22 629
33 74 31
34 26 104
78 95 291
37 38 223
51 13 628
28 31 778
60 98 53
54 98 806
71 15 354
90 84 640
45 8 342
90 44 373
28 82 269
89 97 87
6 46 73
62 11 869
46 12 750
29 2 425
16 31 293
70 31 685
81 97 78
53 28 818
11 31 342
71 86 13
94 45 900
17 90 432
81 99 111
53 52 670
81 85 354
49 95 850
40 47 219
50 40 801
21 78 66
67 88 690
75 21 524
40 85 133
88 74 237
81 50 767
46 21 454
78 28 307
19 65 937
52 21 365
42 87 489
68 8 779
29 75 432
41 42 338
11 83 301
25 95 119
25 39 613
56 32 820
87 22 522
65 64 199
91 41 766
69 45 934
19 24 312
80 31 675
64 13 900
52 34 654
89 70 188
88 78 478
32 26 412
31 1 888
33 67 338
10 71 599
29 94 320
54 96 85
36 24 936
25 34 217
30 11 895
9 28 701
4 63 987
19 90 813
83 35 234
91 71 811
81 60 277
47 30 904
97 32 228
25 33 74
70 19 130
62 88 780
39 48 823
4 90 859
43 76 932
11 85 826
48 68 628
2 58 928
63 66 359
95 31 553
4 89 758
86 85 899
27 36 309
40 6 425
23 91 310
78 4 425
26 32 407
78 1 173
69 70 801
60 34 149
14 42 844
99 66 611
60 73 549
22 96 280
74 40 82
42 77 471
78 48 706
96 98 942
35 95 131
62 66 800
2 93 967
99 1 648
72 14 132
14 58 885
50 93 749
78 74 660
80 91 21
74 82 225
63 45 778
92 28 387
23 60 169
100 2 699
3 54 614
82 32 474
11 63 48
79 29 424
13 27 293
14 20 549
14 33 57
63 68 354
94 11 333
91 87 777
91 50 259
18 27 751
99 64 688
77 22 245
27 99 670
59 14 923
76 33 136
83 55 590
97 99 137
53 22 84
69 15 866
13 41 36
76 52 595
96 45 23
66 56 44
13 62 60
40 14 209
31 22 176
76 86 571
90 41 947
24 22 265
27 1 174
2 67 278
89 31 268
59 27 857
32 16 577
13 89 264
89 79 318
64 20 810
48 18 858
67 24 39
96 17 832
50 69 989
55 35 422
64 60 603
12 37 553
2 100 9
64 54 130
87 61 348
66 85 695
26 98 385
78 52 164
61 65 689
13 76 477
24 60 986
36 58 250
65 18 816
56 70 289
59 30 145
27 19 383
15 41 592
57 63 47
57 77 965
49 92 490
38 31 711
9 49 427
56 43 694
69 10 676
24 62 336
83 81 531
20 45 258
91 75 458
56 12 561
74 52 377
27 13 808
15 45 949
86 64 139
2 14 686
75 31 546
67 47 832
3 5 93
71 6 761
59 43 409
100 80 287
62 17 123
24 86 631
72 9 888
22 72 685
29 92 981
80 49 619
20 62 105
15 34 109
53 88 904
1 49 517
31 88 724
24 3 783
56 45 520
88 15 360
31 55 355
39 20 585
60 37 685
67 100 4
77 68 349
27 21 905
22 33 47
47 54 734
82 80 514
55 89 456
61 18 862
77 1 620
8 16 700
26 55 658
94 15 33
53 48 352
100 73 707
63 39 403
30 69 348
23 39 169
96 63 751
60 49 919
45 96 565
77 38 515
53 54 191
4 23 517
17 79 261
2 39 226
3 59 122
65 23 257
50 25 140
72 56 38
67 36 186
30 34 192
12 91 21
41 52 568
81 36 325
96 4 446
48 81 600
77 44 41
84 87 732
96 7 906
81 3 396
72 63 256
42 84 102
95 52 780
46 43 128
48 34 961
32 21 739
80 8 604
89 71 747
7 6 679
18 90 343
85 56 694
58 2 482
26 2 762
19 32 523
81 21 236
92 16 237
42 81 898
99 62 272
23 92 110
79 51 214
53 68 812
90 87 299
99 88 412
25 90 829
90 29 670
57 93 362
36 59 115
81 35 826
12 20 807
19 73 886
89 74 525
96 30 825
55 79 404
92 15 843
38 46 322
98 84 204
6 18 565
34 77 292
9 23 121
67 25 187
43 99 542
42 46 573
12 52 589
65 5 665
58 6 371
95 24 561
57 74 936
66 50 317
54 27 909
73 28 369
98 28 726
19 64 878
47 20 639
33 86 30
1 34 499
70 88 215
61 58 404
88 48 228
53 74 22
17 80 898
72 30 376
1 96 534
99 28 847
8 22 966
35 62 37
54 88 48
69 52 494
32 1 558
12 30 808
79 23 460
70 53 149
66 28 118
81 11 904
82 90 920
97 98 465
22 85 284
55 23 44
62 13 35
7 75 903
15 30 234
25 30 680
21 90 677
10 40 934
60 19 256
80 36 483
27 12 934
77 21 709
25 55 867
12 77 304
68 96 969
79 5 863
89 73 280
84 43 975
11 19 597
13 5 606
7 74 618
40 7 138
2 86 22
90 72 180
11 15 739
74 90 959
13 81 996
76 12 405
78 14 943
69 88 714
79 37 687
33 58 457
64 65 761
18 25 315
31 4 429
24 19 617
85 22 741
14 39 934
41 93 800
36 46 568
79 1 708
68 10 508
53 33 648
55 20 405
66 82 412
8 36 790
17 50 136
63 13 576
36 80 101
77 53 511
60 75 296
37 84 966
59 73 609
22 91 403
98 15 757
48 35 779
96 61 553
46 83 719
60 41 177
79 86 414
30 99 659
24 20 623
58 86 173
78 42 911
67 33 460
18 66 429
74 41 281
4 35 327
46 86 81
62 96 966
69 28 769
28 16 207
17 16 247
27 98 865
13 20 767
28 66 758
34 80 517
24 96 861
18 54 629
3 93 98
37 69 228
67 26 679
50 99 193
12 85 148
3 46 780
31 67 396
85 98 286
18 63 497
19 85 648
49 29 824
71 53 998
24 64 394
93 26 752
47 19 525
14 59 650
62 22 122
41 40 646
19 20 230
94 62 188
37 51 583
91 30 391
8 76 632
77 81 350
16 2 146
32 92 866
70 37 753
26 81 953
23 63 815
43 8 367
75 47 133
40 21 785
84 47 999
86 20 818
46 2 520
22 55 62
26 59 68
42 12 348
15 49 677
75 1 260
57 44 473
8 48 117
79 28 856
41 55 627
56 47 603
12 59 272
48 52 811
35 42 230
16 99 305
57 11 115
20 94 646
77 2 263
13 8 5
80 79 757
70 44 37
99 54 666
75 99 887
56 1 361
50 71 360
8 15 14
80 18 323
18 28 579
28 84 732
29 40 172
33 6 433
25 54 573
97 91 970
4 97 937
62 20 678
65 68 729
56 90 356
77 5 549
11 45 933
96 75 488
20 89 671
3 66 848
24 45 701
30 79 384
14 11 945
43 36 450
25 29 300
3 85 139
23 3 202
81 32 38
27 58 32
47 25 589
47 88 821
33 69 422
38 92 871
23 25 659
61 81 719
43 55 352
78 45 184
98 69 990
56 86 134
51 43 521
82 11 583
70 10 125
32 58 370
69 42 601
64 10 962
87 86 936
78 22 919
3 6 153
95 30 10
61 85 569
91 46 999
75 89 424
73 47 761
35 48 865
37 29 539
64 17 293
44 91 664
91 34 955
68 41 589
70 54 621
10 29 765
44 86 88
92 68 455
89 45 79
2 44 726
48 59 315
29 11 483
79 63 921
79 18 575
6 90 365
40 57 380
61 13 554
18 46 813
86 8 263
59 90 231
32 41 45
82 42 310
64 30 282
91 83 195
7 93 73
37 48 358
91 63 941
85 24 350
29 70 358
11 46 578
58 93 430
7 50 561
37 82 737
4 3 457
94 78 457
35 85 133
15 26 317
90 80 814
22 8 380
55 44 163
61 22 414
60 32 424
1 9 987
26 14 661
26 57 768
86 93 304
65 32 178
18 55 288
5 18 578
92 55 167
56 83 901
80 87 588
49 53 993
67 49 30
27 11 932
2 87 167
65 91 90
74 61 192
36 94 443
1 74 646
10 2 590
22 49 379
48 9 891
42 76 431
55 26 595
34 51 272
88 13 675
96 26 840
12 44 245
97 62 81
21 68 619
81 33 622
66 47 871
73 66 629
68 4 415
81 39 159
76 41 597
27 61 303
27 15 188
93 9 792
76 35 585
56 58 251
55 39 656
18 97 551
99 56 811
45 98 237
77 50 480
92 20 354
3 90 877
49 30 257
38 85 953
53 61 785
21 22 846
50 76 745
4 45 550
63 14 447
44 30 948
29 65 377
35 46 789
81 93 149
15 78 922
97 60 464
94 14 41
63 29 365
65 90 198
83 58 419
97 100 345
84 100 874
13 55 54
91 62 373
84 56 350
6 38 869
40 77 125
45 85 738
48 82 293
93 76 217
15 67 709
48 60 127
34 2 900
56 3 347
63 48 931
100 42 289
49 32 633
40 52 271
11 98 188
4 54 197
89 34 872
41 51 334
44 64 77
46 19 1
63 50 993
65 4 984
28 44 76
24 41 99
89 41 243
88 29 172
67 34 526
16 17 89
35 26 248
8 92 76
18 74 279
73 37 916
78 72 764
52 92 617
24 69 936
89 40 778
29 95 973
44 12 813
62 71 455
24 80 565
31 34 987
57 68 40
32 36 944
55 100 760
16 58 687
63 17 3
33 3 904
51 23 58
29 91 315
12 23 477
58 100 1
28 80 289
7 56 567
87 68 623
61 90 356
77 59 759
39 56 529
81 29 470
45 74 219
93 27 410
26 25 231
12 58 99
71 45 370
72 18 32
57 21 944
85 15 276
8 54 711
71 38 538
92 23 411
82 24 865
100 9 965
2 26 818
39 4 744
57 85 216
37 66 921
83 59 916
87 45 113
74 28 22
14 28 669
83 17 689
20 11 498
97 56 397
5 62 402
47 2 947
13 47 475
97 16 405
84 39 766
35 58 925
33 82 937
26 23 431
34 91 975
60 95 161
46 88 112
11 50 977
30 13 147
70 71 400
18 61 359
64 100 58
86 88 791
78 86 597
9 20 189
98 88 905
10 59 262
74 99 69
100 74 482
67 50 534
24 32 805
53 80 528
87 5 872
33 43 830
20 65 563
19 46 368
38 2 68
98 53 366
74 47 344
38 45 816
57 40 536
39 29 235
43 79 951
31 91 892
63 52 441
21 13 385
95 7 38
50 67 210
46 81 84
96 84 579
55 82 42
13 85 405
21 99 895
77 87 102
73 84 78
59 86 404
25 28 939
20 23 139
2 49 754
32 30 765
67 70 592
65 40 318
25 82 90
96 91 481
61 87 474
73 17 528
40 13 899
36 26 896
79 98 532
38 37 706
72 33 640
83 49 197
35 8 178
87 26 164
24 21 566
26 34 517
69 13 516
16 98 67
55 58 977
37 54 697
25 14 134
86 82 599
54 83 621
53 9 466
75 27 735
58 85 528
38 49 324
37 39 666
88 49 57
47 69 563
29 53 821
80 33 988
25 73 482
68 90 515
65 97 79
11 32 650
90 89 979
82 58 704
39 78 287
95 65 976
50 19 652
44 75 135
46 33 875
89 46 231
42 54 988
84 73 25
68 75 344
63 69 611
17 1 613
15 74 191
79 16 363
76 70 558
39 50 343
76 46 744
88 99 58
83 52 464
97 34 873
1 69 348
7 96 701
9 85 462
67 46 484
87 80 376
41 78 550
8 67 860
42 8 154
12 42 751
83 72 993
70 85 264
47 84 866
13 23 215
54 58 26
66 1 891
36 4 390
66 59 192
86 7 427
60 39 997
15 8 481
91 10 678
79 67 122
27 64 157
66 48 134
85 4 407
14 49 401
64 50 47
36 66 786
25 51 756
48 44 833
87 60 627
36 27 39
73 62 678
94 68 458
21 93 409
31 94 506
63 30 107
54 89 770
40 12 509
45 5 284
29 32 21
86 97 795
57 52 6
23 11 493
68 64 261
50 27 599
96 79 397
19 54 281
34 75 476
66 52 479
77 33 289
2 99 707
24 14 575
60 5 420
60 100 780
60 68 412
39 89 668
62 39 323
87 39 81
18 9 800
37 16 614
32 3 431
76 94 767
6 77 800
83 100 10
85 30 523
81 57 575
6 87 429
54 1 96
85 42 493
15 52 191
40 33 931
39 73 756
6 43 614
75 83 795
45 4 606
77 17 426
48 87 497
22 53 765
90 8 99
99 69 419
15 76 723
90 15 482
61 10 352
26 21 350
87 79 207
26 40 524
20 81 854
11 61 198
59 81 794
69 37 574
19 57 900
80 4 967
79 100 552
97 13 611
36 67 411
77 42 427
3 17 970
56 99 927
21 92 925
57 45 538
95 78 936
62 65 632
85 55 515
54 51 16
29 80 300
47 92 729
78 69 328
98 62 416
32 79 962
65 8 797
41 35 638
25 50 126
53 69 586
100 84 864
64 16 943
53 15 611
50 47 448
59 28 335
34 18 670
78 81 250
17 84 685
96 44 982
20 47 721
22 6 754
84 7 634
83 85 608
51 98 120
2 52 162
98 7 572
18 45 981
77 11 238
97 17 767
14 18 313
57 30 986
79 33 998
44 9 3
20 52 172
12 1 219
82 77 365
7 38 961
13 21 209
80 19 777
16 19 458
24 59 188
79 68 860
28 65 128
24 12 138
43 7 362
31 41 943
97 15 398
92 79 82
11 92 419
47 58 424
85 28 799
52 3 943
66 63 308
16 3 810
6 86 768
30 5 816
46 50 801
95 34 902
88 47 579
33 32 404
96 64 700
32 72 888
51 7 37
3 65 98
19 70 145
43 90 404
16 12 468
65 36 986
73 83 295
44 3 542
65 86 1
69 99 871
22 47 183
27 2 783
98 16 929
89 27 874
93 73 941
37 19 405
72 5 713
31 98 893
42 67 668
23 14 908
77 74 523
23 21 98
98 90 764
88 93 376
70 86 826
78 63 413
62 26 726
9 1 740
41 69 719
73 29 737
64 81 202
75 16 534
7 35 75
94 80 281
60 53 561
67 51 345
11 29 857
27 32 147
29 90 857
17 78 782
98 61 885
89 53 324
13 53 153
75 22 499
8 74 447
27 45 324
51 31 43
69 100 653
21 80 2
27 37 87
54 82 783
55 84 906
100 82 365
74 20 106
50 85 59
77 16 386
90 45 964
42 95 777
50 42 906
15 44 578
32 85 621
89 80 995
60 26 244
43 83 147
25 100 719
66 16 392
67 58 412
60 94 63
12 14 448
50 60 441
51 11 178
49 90 90
82 60 298
47 94 120
28 30 762
51 38 559
54 56 922
11 47 955
22 71 207
63 100 370
6 49 895
5 11 821
18 98 677
14 47 499
37 79 466
49 61 596
70 80 18
41 63 877
17 37 538
86 60 642
45 15 594
15 5 585
52 41 580
28 59 520
51 55 502
89 12 473
92 17 398
86 27 365
59 71 783
52 37 682
17 6 664
74 56 107
90 50 456
35 73 504
85 25 312
8 1 755
83 96 420
94 23 10
85 86 131
17 38 537
60 31 374
40 26 110
27 17 516
89 16 110
98 11 389
93 1 897
8 4 906
44 62 355
78 29 774
61 11 347
79 50 974
14 79 515
65 11 432
39 74 882
51 73 762
56 93 776
32 61 583
23 5 549
19 13 248
89 21 290
8 18 485
16 36 594
39 17 217
31 3 154
26 5 929
77 26 469
3 73 467
15 50 533
69 21 898
84 46 911
25 63 173
89 10 573
57 76 9
14 55 382
63 88 234
75 61 856
82 52 760
43 59 575
7 33 13
54 52 349
56 24 413
30 72 845
32 56 818
41 14 300
73 90 65
82 38 897
87 88 169
50 92 995
66 44 253
47 65 530
24 91 553
34 3 513
44 21 397
22 73 877
37 1 836
61 95 307
75 5 992
99 30 173
43 88 668
40 97 146
41 17 681
28 26 444
60 29 597
53 49 497
80 57 907
27 38 35
73 80 140
28 79 725
19 7 451
97 71 546
64 32 362
88 3 988
68 47 54
11 17 722
13 48 48
56 87 192
60 57 186
5 23 706
5 54 702
20 1 98
79 44 422
90 24 938
33 13 568
59 64 83
56 60 577
7 25 769
78 58 704
20 95 106
1 83 18
82 50 795
33 90 466
70 72 521
11 5 468
1 51 207
77 79 818
24 31 926
20 28 603
45 92 214
92 65 511
88 77 890
27 66 548
13 7 690
30 96 60
66 24 916
63 7 1000
63 51 571
14 81 126
42 5 220
95 66 545
92 5 301
90 12 933
60 18 542
32 37 460
19 66 983
5 30 800
52 47 43
89 44 243
15 6 298
54 40 49
92 39 299
40 70 313
46 42 200
96 2 687
67 97 538
76 89 411
94 97 355
84 15 863
29 35 962
14 44 40
2 30 310
81 22 463
55 80 483
29 13 207
76 60 990
21 23 900
82 3 849
13 74 461
36 55 145
33 84 479
93 83 124
3 100 878
57 1 114
28 15 273
51 99 633
71 55 513
10 78 751
84 86 132
81 75 333
36 41 62
100 46 808
77 97 719
19 16 509
47 49 603
3 1 861
23 56 944
28 22 181
6 22 310
6 2 36
97 70 84
75 82 113
16 50 696
36 2 493
93 47 252
4 67 62
30 10 666
26 60 91
85 73 154
67 56 263
93 94 407
66 81 887
73 55 713
25 78 41
76 62 404
67 77 72
62 27 457
85 79 732
55 78 287
67 66 152
16 78 726
71 9 430
49 26 139
37 58 2
5 27 376
45 50 576
83 15 857
21 18 668
66 92 7
61 86 715
80 100 979
52 20 758
11 26 652
42 3 632
47 95 222
22 13 936
62 69 558
36 100 165
28 75 361
98 94 684
65 85 207
46 91 354
10 99 108
68 91 17
38 93 443
95 51 344
65 10 932
82 27 909
1 48 289
61 77 418
48 71 900
87 12 794
48 49 715
100 70 894
13 28 93
98 18 231
80 20 865
10 81 550
79 38 571
13 10 611
17 29 823
38 67 929
85 9 617
23 83 721
28 12 620
52 24 26
53 67 609
32 33 827
50 11 809
18 31 810
16 73 284
55 36 30
60 47 670
29 34 196
42 99 59
100 49 138
18 3 893
54 8 795
46 37 334
26 63 255
35 53 328
46 94 255
8 98 139
62 9 756
65 56 198
56 74 282
100 96 803
94 81 218
36 62 188
99 12 561
44 47 915
98 36 996
46 77 268
44 89 513
12 86 988
1 100 646
71 11 459
56 5 143
30 59 661
7 11 367
52 4 755
17 12 412
70 95 209
11 37 841
55 2 746
54 53 584
24 48 594
81 40 267
9 87 261
33 79 38
32 23 222
43 77 253
67 61 25
94 53 156
88 60 45
84 57 869
46 29 293
63 62 257
97 45 470
29 43 31
29 51 420
79 55 594
65 84 2
37 74 626
59 45 245
55 48 297
59 62 952
96 54 697
10 46 843
66 90 248
51 36 556
67 79 585
45 94 500
95 90 166
42 88 594
11 28 813
13 96 545
53 66 489
32 29 459
96 74 4
61 96 928
55 40 460
54 86 457
78 62 280
47 40 884
56 31 116
52 32 795
18 20 557
34 9 812
8 28 355
97 63 575
79 92 607
85 88 902
94 39 682
3 98 708
75 98 982
79 77 905
62 10 783
8 96 452
73 3 248
51 48 763
40 63 621
68 39 299
60 21 291
14 77 890
94 93 637
14 90 239
8 57 643
57 25 941
63 75 771
99 2 651
76 66 546
16 60 556
83 94 81
92 36 232
36 79 519
15 57 763
18 42 84
71 7 906
72 11 308
30 75 992
93 69 794
70 20 248
6 66 621
18 92 704
86 36 784
87 1 536
25 18 421
94 66 986
82 8 787
56 15 363
73 77 329
27 56 838
44 92 499
57 46 203
100 19 998
5 26 374
80 69 743
57 16 93
33 11 770
22 43 432
41 30 388
59 9 527
32 45 208
37 76 415
93 31 663
46 4 781
79 84 706
73 79 714
80 77 417
21 29 896
64 94 158
60 83 740
65 42 232
23 31 8
48 45 728
10 79 174
63 12 83
39 19 347
16 10 598
96 83 428
91 48 533
72 70 261
21 32 566
12 28 168
76 53 500
79 91 729
97 93 900
52 91 660
31 30 653
31 87 979
15 55 726
2 36 51
92 41 485
58 59 872
13 87 248
13 92 266
58 76 234
52 66 55
3 78 473
74 38 203
98 20 724
47 89 351
63 61 1000
54 80 935
100 56 719
54 23 786
74 69 507
42 25 856
23 54 967
31 95 753
23 64 134
30 18 163
60 63 599
53 37 777
82 46 84
57 87 19
92 93 306
63 94 559
51 63 787
75 58 281
97 49 442
9 61 941
21 48 32
36 37 717
20 50 117
65 26 12
34 17 56
68 6 998
7 72 179
51 64 96
35 86 259
88 22 675
20 82 332
60 16 918
58 28 988
37 78 963
91 79 625
11 64 928
49 27 19
31 16 602
15 88 718
84 1 138
56 73 640
36 89 916
54 43 124
33 15 611
44 16 46
31 82 154
62 50 57
41 89 894
6 78 78
31 37 862
16 69 733
44 6 229
93 98 768
94 100 8
74 10 515
79 48 452
90 98 260
23 7 569
94 16 61
45 54 102
36 92 479
90 86 8
11 65 900
96 85 259
51 10 474
74 87 724
80 73 889
21 98 585
5 43 516
94 12 232
54 39 345
39 51 792
79 41 599
25 42 710
68 93 677
38 43 687
53 6 78
100 86 552
35 21 338
33 19 581
9 32 828
83 27 948
65 51 680
45 26 405
7 87 60
1 57 662
12 80 833
17 87 969
99 85 374
92 90 547
78 70 283
58 75 717
25 62 108
23 57 766
13 34 633
81 16 711
43 91 625
52 53 923
93 8 365
65 80 382
43 5 590
26 45 749
65 50 624
96 68 951
68 63 141
88 62 246
53 63 153
95 55 192
89 58 305
100 40 334
71 99 8
10 100 929
29 49 997
66 14 723
78 39 432
79 93 925
66 22 212
76 16 548
71 13 254
87 65 224
37 72 86
6 65 455
93 78 361
10 67 443
41 87 942
75 65 493
75 24 605
89 30 315
78 5 883
33 77 944
77 23 782
84 93 277
30 32 729
22 11 604
76 19 854
57 72 211
40 38 785
25 19 99
24 25 391
26 18 541
13 77 306
3 96 602
35 91 43
24 27 811
59 67 222
39 55 247
2 20 996
19 59 118
76 96 809
75 10 335
9 34 537
40 2 87
1 32 613
22 57 56
44 74 851
21 89 950
81 96 637
80 43 308
92 18 904
98 71 74
69 57 383
86 12 602
20 73 5
25 13 399
19 37 415
64 12 114
27 46 373
83 46 55
13 97 769
58 10 44
23 80 919
8 62 475
40 17 319
9 37 375
4 96 842
15 16 623
53 16 961
24 56 960
68 32 700
53 39 795
90 36 230
2 95 25
91 81 998
15 84 605
8 90 621
100 54 2
5 46 136
11 52 444
38 7 795
57 9 976
73 10 46
18 8 575
73 67 527
97 68 299
91 12 867
68 36 68
13 22 413
35 20 232
39 84 876
34 45 371
78 8 22
34 11 556
53 57 438
98 5 34
6 75 347
26 85 482
2 96 950
77 49 27
52 85 329
23 47 454
58 64 677
92 77 111
64 70 147
36 38 232
92 80 564
88 39 753
65 28 238
55 74 127
38 70 766
67 72 207
85 31 215
62 23 842
6 63 576
14 100 376
9 55 339
55 9 878
5 58 181
48 46 212
47 13 996
55 50 713
14 48 281
15 33 48
2 41 207
99 98 465
97 29 623
88 56 588
11 18 458
51 47 899
94 19 450
50 8 363
63 37 406
8 25 879
71 14 716
3 86 554
61 89 251
42 13 956
63 87 417
28 69 165
92 46 620
80 34 293
32 62 667
87 18 518
53 10 107
46 99 297
