100 102
1 4
1 21
1 26
1 29
1 37
1 68
2 53
2 68
3 85
5 68
6 34
7 9
7 27
8 15
8 95
9 75
9 93
10 12
11 14
11 31
11 92
11 94
12 68
13 81
15 16
15 63
15 68
15 78
15 80
15 96
15 100
16 49
17 30
17 34
17 36
17 48
17 68
17 85
18 19
18 21
19 23
20 28
22 66
23 29
24 82
25 48
28 85
29 88
31 85
32 41
32 68
33 45
33 56
33 85
35 69
35 82
36 59
37 84
38 68
39 85
40 58
41 64
42 55
42 97
43 68
44 63
45 48
46 48
47 93
50 58
50 67
51 75
52 97
54 91
55 72
55 93
57 91
58 60
58 73
58 83
58 97
60 71
60 87
60 90
60 91
61 77
62 93
63 74
65 98
66 70
66 85
68 89
69 98
71 81
71 85
71 99
75 78
76 78
77 84
79 98
85 86
85 98
