10
8080 -9587 -24 16310 8740 7123 16695 4181 -1305 18746 
-18206 108 17498 10121 -25570 4178 9514 -5268 19914 -2616 
-17622 11381 6511 -8455 -22956 -2012 3641 21874 13256 1244 
31232 16687 10453 1259 1092 -29807 11756 6532 -5847 -7587 
-9816 -6715 21632 6855 23499 16817 23742 -19352 18496 3385 
-25083 -962 540 9005 -2794 20403 18070 -5043 -9626 -103 
-10221 4667 23814 -11480 18717 -11641 15802 11008 -6296 -3677 
10726 -15316 18124 -12820 5786 6937 -5041 4776 -17525 28322 
6426 2819 11800 -7414 -19071 5395 7240 17653 -9220 13523 
10187 -5000 1072 -14551 -7944 16392 -12824 21728 -7732 -10360 
