100
-17795 -4360 22410 7617 2303 -9187 -26801 -10739 14657 21045 29621 -13605 -13870 -7347 -2631 12787 -7736 22196 6735 -10766 -4154 -20475 384 11568 -5903 22047 15701 4310 -22535 -9681 -16157 5072 -5097 24229 -4283 -1579 -2039 7740 -13665 -12701 -12007 4853 -15587 7101 7701 15641 9713 16883 -22953 2620 11353 -4644 28859 -9163 -21862 -20460 684 12328 -8453 13312 16152 -6787 -7980 -26928 -6791 9447 12158 24181 -20276 -6304 -7840 4275 -26982 -25303 -3357 -5619 9713 29897 13691 -19246 1645 -15847 -8539 16403 5929 1323 14050 -2381 -21039 4453 -5950 5717 -2671 21615 -4138 1641 -4573 15678 -22597 -12508 
2758 -15609 -1262 -20350 -3774 -29615 12938 -9910 -10009 13791 25557 -16886 2443 -17975 176 4119 -1392 -2459 1501 -11120 4574 -10921 18985 7000 738 4743 -4760 -10718 -12905 -23766 -6283 -12450 -8839 -17228 -18635 16716 -14189 -1045 -20078 3315 11892 11225 -3968 -28384 -18636 -21297 -7685 8551 12912 -1181 -2296 7464 -10668 -10371 -3407 9864 7820 2883 22795 31092 19282 -11736 -463 -7516 100 24548 13639 -10604 1037 1916 8057 10376 7705 567 6907 -7791 5858 -10585 -11768 14211 -10679 -8281 -5661 9213 -23886 -3240 -11814 7011 14 10787 -19904 -7195 11989 -14916 -1170 3191 -13558 14362 5323 983 
2863 -13695 11202 -12405 8024 25721 8902 -7456 12315 -3371 8276 5613 -616 -4434 15855 15502 7800 -31640 -10461 -8852 -8471 -9559 -1917 2289 -16477 -1692 -4437 20566 5350 20691 -2753 23701 -14982 24698 1515 9593 10671 -479 18274 18571 2652 15575 7265 34 16353 -3078 21162 14940 -3801 -6613 -3572 20512 -3429 -30637 -21673 -9189 -15048 26784 -6295 12738 13691 13714 -2524 -2989 6765 -6935 -8843 -12844 13470 -1364 18511 17938 11557 -4049 5551 -18011 -19292 -17652 1944 -3864 -15809 -3037 4629 -10493 -3417 7839 19003 20705 1813 3826 -2778 13370 1097 -3627 -18695 -8564 -3703 -3253 -7713 -5093 
-18522 -31331 -6900 3830 8183 -14245 23484 1523 -3235 3936 -17354 -19537 14654 2512 9920 -10864 5771 2322 -11087 23235 19643 -6183 -22683 -9408 22735 4381 22334 -20798 12877 10017 -15702 9167 10822 19056 23833 -10569 -5550 219 15884 -22384 5007 -17286 -12285 -10701 -601 689 -24692 12106 5575 13096 -13768 -4798 -8790 -4397 3492 10832 2701 7913 -2444 -1933 17465 7149 12116 6256 1023 -2902 28663 -12075 5045 -10960 3099 -6922 11450 3544 8833 -21516 14072 14918 -5130 18352 10204 2147 10830 -1058 353 8033 14178 9454 -3835 9913 -19429 20257 -28975 27948 -10400 -4739 -17327 12231 -8921 12494 
9120 216 5483 -342 -10658 -12548 4912 2159 3249 -29678 -1150 580 1098 -3005 -2956 -1514 -159 -2811 13346 20120 25524 13326 12210 17996 -1651 13922 -5556 -14729 -13637 10057 -7130 10788 -24171 16213 10619 -18133 10234 -13469 399 -16599 -22956 -11376 15790 17027 -7535 -7608 10283 23401 7977 27451 4963 10960 14877 21095 2233 -3724 -5132 4875 6040 -14627 9917 1712 -15242 -4010 -27375 -13271 6092 -10248 14605 -12658 19743 9118 -21665 -5053 8699 -5136 -1489 15857 -15116 4954 10298 -631 25764 15634 -13378 3398 24240 -7144 -12926 -24919 3781 -28112 18391 -1669 -17001 -18713 -31338 -7473 12253 -24942 
8475 -23553 -10913 2385 -15535 12714 6120 -7671 679 -3394 -13748 5480 -7660 10089 14182 2275 -4073 -4056 -12006 12728 1466 29882 -173 -13330 -23156 11049 3846 12625 -1373 -16694 16687 -12168 -2143 -26828 -1584 -15424 5548 -185 3830 2126 13174 -5072 14260 21777 5172 -7072 6951 4544 -343 1679 -142 -4650 -998 -20286 6338 6041 14166 18238 30790 4890 -1096 7065 6977 -20181 -11233 -3156 6641 9834 18928 -20328 -2395 -15808 17438 5574 -29521 -14888 1567 12265 -24725 -9432 20210 -9221 -30403 11247 6177 -4548 2704 6322 -2884 -1738 -18215 4029 -28584 13501 3475 1065 19988 1257 5443 1234 
1949 8477 -16781 -3233 27678 -9471 18616 -9413 -174 1415 -11346 -5986 14453 -1046 -29193 -123 16722 18602 1087 -3402 -10952 27795 4155 -9536 -16386 -14922 -6233 3317 -764 5740 -13499 12918 -2510 11350 21986 -215 25335 -22688 -5293 2234 18252 -8006 -14479 15776 4785 29150 11552 -1000 -8404 23439 13646 18726 20557 -13098 15853 10140 -28114 2564 -1798 3853 -1941 -3149 7032 727 15663 11716 -21388 18719 -8150 -6556 -3074 -15914 -23151 15617 2612 -8786 -19163 -13992 1596 13606 -9939 16999 19774 16261 -8837 17787 369 -22056 3685 15652 4366 -12814 22475 -6082 -6821 -13963 1046 231 12707 13508 
6963 908 -7623 -1522 24988 5598 -21638 19528 -2223 3540 -18233 -16846 5848 6324 -1137 -1714 -3007 518 -26043 5357 15397 6811 -156 -29404 12963 -16498 2159 -9777 -3484 319 21747 9620 -13418 -5543 -19067 9443 17137 -6450 -17730 3312 -20298 -13609 -7101 10937 -86 -1546 -4160 6661 3104 11765 -14359 7264 8942 24037 -27783 4129 8309 17697 -7117 1892 -20580 2635 1509 -239 10449 1610 -4767 13780 4366 -21677 -14460 -23771 -18221 3037 -22480 -29121 -1242 428 22865 17704 -25447 -2872 18909 -3152 -13760 -15739 7374 6763 -18241 -15237 -10199 9655 25401 -2166 13303 9402 27236 -15647 2381 8290 
-27788 24299 24905 4708 -6359 -9112 9228 -961 -3894 -13481 -6205 -25032 -25303 513 -8285 -12707 14745 1016 -5403 -4223 4864 2328 17357 2119 13507 9343 -12631 -1520 18385 -29797 2251 22539 4514 -742 6031 -8654 4918 -14344 -2214 2109 -14314 -3467 -13673 -14156 1360 285 -14152 -8219 -1923 -8767 19770 -11547 18107 -8582 1699 658 19379 -4951 17787 -7534 -1898 -13319 -5287 -12204 21272 348 -1577 2570 -27522 -9716 16792 -14921 26762 4745 -20150 -6116 -13167 7582 17566 -9270 3687 2909 4946 2068 -5266 4127 41 26650 20364 11142 2031 16832 -19405 -4228 12407 -841 8023 -6349 6046 6513 
17020 7716 8774 -14290 14760 -14575 -13475 8177 -5525 771 4821 -2677 731 -14258 3242 -11632 6297 -5750 -28704 3167 -6194 -17254 1411 -1252 12839 -7771 -10329 -12105 15839 -21985 102 4067 -2892 -24638 14565 8992 8941 11149 18512 5042 -10660 23758 -3364 -8023 -8873 20499 2242 -2599 -6722 13881 5447 17119 15352 -1185 11703 -3548 -22025 3568 -8090 16338 -2512 17822 17326 -3869 676 27234 9461 -5616 3036 -9345 22437 -6431 2023 -10627 -23500 -12124 9563 -8658 -10469 13678 27225 16813 -4129 -8418 -3190 -15525 -4084 2648 21276 -8223 18997 -17011 4040 13618 -3849 16365 -15411 -30327 1525 12411 
-9229 29283 -22309 15611 -2422 7055 -6564 -1797 -7576 11804 18227 21711 15854 22372 -217 13464 13829 -4086 15361 10041 -6884 17142 5270 -17055 -11734 -2980 6080 133 4014 2227 -1178 2531 -1358 3005 27503 14722 6597 -10361 -1836 3374 7165 -1184 -22386 6014 -2052 -15646 -23903 5839 -21783 23790 279 -21433 6003 8880 16134 13011 1235 -359 18314 -18902 15816 -3231 9414 -30262 20378 -15603 -12569 -10 -5864 -18973 6941 -16193 22939 375 -13656 16632 -20478 20386 -17975 -9917 -1611 -6776 11981 -768 -24156 -5489 -14072 4449 -4282 -12437 -28714 -7077 9626 -10987 -24167 -15445 -15829 13263 701 -19498 
-9211 -7645 3255 -14548 8897 31715 -765 5311 -640 18728 9251 -12430 18920 -6828 13476 -794 -17620 1553 -19941 -13172 -9984 25168 32 3736 -24922 -18099 -28325 19208 -17949 -1657 13939 -1886 27144 1992 3361 21491 -272 -23004 -28897 22098 -2056 -1293 -16083 19677 -15609 -18473 539 3961 -25714 -8007 -1604 -10284 2435 -19763 -22548 -18333 104 11145 5004 13154 -25019 12210 -26228 29146 -30040 -11694 -9252 6810 -2648 -17478 20600 -14028 14054 12417 -3992 9479 3212 14476 1716 6200 -1465 -6651 8047 9911 18510 15451 -26952 -6855 8804 -18613 -14416 4154 -10546 -3628 23426 17153 -19107 -4800 14439 -12644 
3688 -2013 4245 -20255 20942 13652 4435 11115 -12805 -15624 12780 -1372 3800 373 8882 -21320 -8988 -1408 23555 6299 -9191 -6128 19779 -2803 -13567 -9368 -21539 3987 25003 1043 -7614 -23684 -12112 5857 7922 20697 -8144 21740 879 13197 11984 12950 -3260 -26050 4291 7817 774 23892 3776 -5961 1873 -10741 1284 18777 17351 -2723 -7589 2033 14869 -1263 1810 -15798 -26385 -13130 -15359 -11404 -13552 -4960 -1655 -9527 9787 -28435 -10608 25321 14910 23169 14214 10435 -16405 11277 9572 644 10270 8454 -2902 -6488 -13636 9385 1118 4847 -19025 -22275 7441 21348 7147 -563 -4134 26969 -7058 18352 
-19109 4712 -9928 -26872 -4936 12146 30295 7923 -17757 -29790 -10016 3172 -6062 17253 19948 -753 648 -13444 416 5747 6282 6114 -12759 15571 6953 -7451 10937 -5567 23483 5142 14986 9615 11044 18254 -1050 6493 6343 -3153 5906 -13552 -11882 12963 -12955 -3627 7945 9948 2106 -4700 1566 851 -30729 -8648 1631 12873 13058 -9704 30936 7241 1238 -14958 3879 3878 7401 18874 -3482 -15112 28098 -5262 576 2849 3053 -15781 13282 2378 7419 -12315 -28408 10342 -6518 30276 22252 6574 -708 3961 -19108 -603 -27713 9288 11681 11027 -5692 17214 4506 -27124 23304 -2125 8865 22246 3665 -7998 
20640 -11962 -15256 -6062 6407 -1259 -14558 6671 1486 17285 30808 6771 -13195 6670 242 -16968 3328 5493 8153 -16666 12547 15040 -26364 5832 -5483 25667 -15254 -3337 -11435 18584 -17135 -13105 -21653 8608 12292 8308 14469 -3195 19288 -15399 17630 -3144 19752 23981 -16844 -28684 12953 -909 -2866 5433 1750 -12944 -1411 -2349 -11758 -3154 8601 -19117 -22390 -249 7168 -6768 22911 792 14875 22446 15935 -12731 18907 24088 10528 16571 5558 -19328 -2951 17267 940 1757 12720 -8405 -11195 6258 -1997 -3227 400 2761 21617 3441 -16858 -15180 -10518 24420 -27610 -1717 17182 -10467 9271 20210 -8547 21824 
1162 9809 -8200 1085 16342 348 -566 20295 -2980 2635 7608 -1698 4835 15007 9071 -11193 15802 -24027 -8286 6031 -14405 -12821 7947 -10353 -11454 20299 22894 7263 4410 -7446 154 6378 -24558 -18512 -4256 474 2752 -10802 -1892 1191 -6202 9661 5681 -8561 -26581 5954 14349 5014 9854 -6045 -19678 17803 -14888 3189 20588 11012 28887 -19695 -1040 9821 -22362 -4329 5048 -833 21488 -591 22232 11540 -16910 -21165 -2962 -6380 -19096 -6987 -17765 8764 19353 -13864 25994 21714 13145 2311 3700 -13596 16381 15316 -17777 7495 1125 -4070 2593 -14182 4601 20215 1911 -7103 22441 -7208 5602 31082 
8428 877 192 -1523 13505 -11600 -21899 -10266 5298 -4636 -9366 -17542 23501 12176 12565 -9447 -16979 6025 11505 -3626 9579 -11800 -7293 -10607 -2890 24075 -13483 -19729 -7494 -10846 11259 -9634 -1234 -11365 11538 -16109 -17067 -1232 1342 4875 -9484 -24861 -14039 -5361 5978 1917 -9592 10665 18018 -9455 -2283 -5070 -5269 9209 -6251 -23611 -1957 -2090 20180 -13239 11426 -16750 -26457 17260 5177 6494 2279 -16475 -22880 -5708 -5511 26413 1501 -1962 -8631 1807 -8831 -17329 19017 27158 -7774 16878 26743 20441 -4638 12751 -2600 950 -15255 -2092 372 5072 -4891 2597 -9374 10264 13197 20532 -23620 -1726 
18467 10685 -1629 26572 -786 5566 -13751 -19715 9662 -1659 -16419 -12319 -26901 1953 -12131 24653 -15277 -14613 -4661 -13852 95 14726 21172 -4860 -9474 9182 -3155 31712 8361 -3167 3343 -3730 -1697 18122 -11712 -22423 -22614 4764 15528 4695 26515 -5473 -1343 3720 -4677 -6233 -254 24847 1594 11978 -20752 -13875 21436 6254 -19946 15204 -20878 -2246 -7928 -19898 8974 -223 -11164 11172 4564 -13219 -27700 15487 28042 2669 -6934 18589 -25980 15134 14964 -9845 -4716 7553 -15577 5533 -13540 13551 6339 -10509 -6652 -4086 3862 -7566 -24899 -4164 8948 -16696 -32196 -4554 2361 -21654 -5886 17907 -8760 14228 
13847 6324 -3444 -1711 13835 5761 -16775 -7062 7668 -6992 -4980 -16008 10869 -23336 2760 -15146 -8525 7130 -9928 17834 -7328 -1822 -18190 -27419 1456 -17312 15119 -3015 -10648 -16626 -12363 11557 -5941 -10002 5390 18415 12714 10314 17998 -7514 1630 -1868 19121 10269 -17464 18948 25725 -6411 -6836 -2209 -5 18576 13275 -469 -23936 -22497 -2833 -6883 -1690 2454 -20090 -15571 2322 12467 -4825 -6499 -1039 22523 1250 -25608 4468 1983 11857 5387 -21223 3345 5777 -4106 1379 4304 8524 -8679 -3363 20130 18352 -5350 -8419 -5130 -26761 -7184 -11331 -4353 -11812 -8751 10592 21948 10923 23872 22195 -13067 
10036 -25336 -8341 1844 7500 -2760 25408 -19503 -11691 -7635 19705 -27158 14900 11141 8545 15201 22108 -21714 28235 21481 -19259 13398 22932 10229 3819 6778 20510 12227 2265 -10152 21718 19033 4125 -10498 -4175 5253 23247 -11078 15527 -8227 1681 -5081 6848 -13890 -10361 -17623 -1275 -3507 5987 10725 -12406 -11398 -27554 -11822 6763 14328 16434 1190 -25394 21062 -4305 -3227 9690 -3157 14110 -2728 455 25395 28251 -4336 2256 21685 -13628 -9882 -12745 -50 8385 -6017 -4279 -10524 16960 -11581 602 -8667 -579 14306 9668 8838 -17100 10199 -20754 20677 17708 -13850 -1728 -5014 5049 -23658 -10960 -22849 
-8335 -70 5945 21978 13937 -2709 -14625 2972 15714 3850 -4689 19624 3704 4419 1594 -6289 -18330 25093 2845 -5342 23916 3981 9725 16066 -3501 -2212 -380 -10220 7532 3385 10599 -27994 -19059 16951 14178 -22835 -7914 2994 -7113 16550 21742 2634 26034 -18662 13190 -12055 -9558 -7468 3031 19390 -9737 -27317 -1955 -14520 8573 12218 -8669 5957 -6870 -9685 19382 -8768 -16911 -9623 -1998 -3573 -18228 2826 -7629 -6209 1472 -3474 3810 13757 -14631 -1609 -5906 32049 -213 -15402 16271 28811 8657 9341 -6777 23174 16622 14127 -4070 -15068 -9040 5678 5659 -16211 -11702 -20086 12000 19122 -5386 17940 
20808 -10991 2809 -2959 4797 -4889 159 -2047 -6609 416 -3268 -525 6930 -13330 -3541 7230 -919 21706 9168 -5983 4027 7286 5270 12190 -3049 -7811 9714 -13434 -7914 1967 -25247 7020 -14888 7973 21346 6704 2050 2884 646 5495 25286 18867 13918 1198 -6691 -9883 -9593 13 5252 -15981 27041 -10353 9348 14526 15453 -13829 -8915 -5197 -1939 -9249 -27049 -7041 -24692 20111 -10401 4480 -16770 14124 5679 -5034 15373 -19045 5688 16617 18448 19333 -6288 5231 27232 -11417 1367 11358 12772 6009 5621 13690 901 2243 18649 -30004 2360 5652 -10723 7332 16631 -23807 7518 30621 11207 7909 
25796 -5220 7349 -17430 14337 21189 10195 -14854 -6324 -1905 -20162 6605 9827 8367 -25575 15327 -13425 -20948 6542 3961 11936 -5558 -26668 11686 10220 27549 -11996 23612 -20650 7426 -1341 9434 6979 -7017 -27649 3045 -92 27333 -10969 -6262 -21264 323 16025 -10560 -12504 10757 -14404 -10172 11473 -16816 11766 411 1534 13740 -7234 -10731 4933 3308 -24687 -16954 -23353 -13014 2799 7308 -7894 12998 4455 2317 9374 -2965 20362 9143 -35 -22004 8695 3519 -10460 -11297 -11185 36 8507 361 -4033 682 18036 6259 11386 17120 8102 -17393 -1090 2844 -27343 -11370 15307 22905 24056 12713 1135 5858 
-8590 -9419 5759 -4608 10129 28263 -5420 16970 5593 10685 -7852 -14591 4175 4855 -28694 -18906 -6268 15902 -20088 10119 21647 -19322 13611 1981 6161 -1082 -4904 -20699 14640 15553 -9062 -26396 -7011 2722 10628 14821 -5233 -13862 10417 -2076 -7481 14112 3656 16472 -7796 3705 15474 16267 -8019 -11728 12900 -18548 14721 12753 7001 -2259 17642 4412 -619 -3828 6736 -20593 2404 -3439 -4447 -4555 2073 31463 4949 14303 -5359 12808 5485 1928 -1362 -82 -912 -28814 9565 -15775 10604 35 28306 9835 -10756 -4239 -568 7399 13117 -8331 19842 -3409 10457 -6768 -1458 1899 13310 -3733 12735 9351 
-6556 13305 -16017 -3014 1356 9844 17923 6273 -14211 -20132 31271 -7647 -18106 -3204 9616 10153 -20097 10470 11255 -17297 -1400 12787 15392 1935 3146 -17850 -24869 -17678 -5069 -58 9717 10818 -21444 14759 -17585 -15881 2531 8036 4043 7758 11569 4028 -5548 -15794 1974 -10310 5855 -4413 -11382 -26192 -2713 6467 12875 21557 -22288 812 -5085 2352 -6522 -3931 -12607 1222 -7108 -102 11354 17515 -6097 7873 -1358 -551 -2175 9369 4623 -14831 9568 1640 3136 22619 510 12088 17310 -691 10647 -2333 -3576 4541 -3217 -18170 -4123 11726 -16174 3077 4902 27626 -5101 6158 -20924 -12348 -10352 3608 
12090 -12973 7336 16096 24213 -4134 -9523 -11794 -16797 8418 9837 7307 2363 3903 6152 6353 -11972 -18935 -1249 -869 16143 929 -25281 -3951 -3867 8371 15611 -6368 -1676 -10448 -26383 4988 -261 6480 7873 165 -1467 10391 -17894 -14240 5534 -9010 -15442 -5573 11231 2822 4153 17034 -6294 3225 8063 8558 291 -6614 27467 457 8060 3744 22131 24652 -10898 22064 15314 -19859 -16011 -4781 -25269 -666 -13156 3017 -3385 3391 2416 -18531 6462 -13369 -19699 11297 -7765 14224 -13297 24813 -16367 -1283 23966 12517 -25989 9006 -10644 8499 -18434 -2282 2479 -14266 -12364 -4504 -12761 -11046 14274 -14173 
15643 -19216 -19370 -15349 4445 -9006 -6496 -2898 9794 11792 -9251 -17565 5805 -377 -17327 -9016 -1022 16214 6728 14401 19763 17385 -7914 7933 -8775 10479 -7146 -13583 -879 23397 3500 30171 -19644 16266 -20923 4162 9441 -2070 -5295 6258 3329 -13227 20047 4482 -8508 -20251 -3133 -26032 975 27898 -9673 -23424 15188 -7612 -11968 19328 6411 -3153 2169 19334 9267 3189 16005 6289 5780 18202 4115 5479 15229 13414 -6444 -5484 -4408 17004 2178 -658 15314 17286 17893 -30956 -25468 5461 -13881 19305 -10162 -6205 2042 -4065 806 9217 -13219 -3159 7311 -3191 -5680 -15291 -12658 -6370 2370 -2312 
19635 15816 -26458 7825 -11496 19418 23030 -15706 -15014 493 4664 -2412 -4703 5091 22646 4225 -9313 16358 1221 91 25481 -19095 -16575 -14633 -17117 -25564 -20724 -29580 -15696 15126 18770 -10122 -12286 -16497 16457 -6165 -16016 9244 4651 -23381 4825 -18535 14395 15441 7847 -15321 -2617 -10426 -823 22062 18208 -4172 439 9060 -3931 -14189 23918 4544 11703 1183 -9606 -8572 -62 -8865 15591 -6855 -25283 31265 16719 1713 159 -6404 15314 12296 5999 -21556 -10474 414 -28360 821 -3252 5659 20108 -20055 9514 -5771 -4086 -935 -11020 -8222 1363 16454 -659 -4891 -9195 10550 2790 23111 -4352 2229 
23096 12060 -2859 19737 -10301 -18755 3923 6273 -16786 -22582 -26038 -2094 -2393 -5331 6793 14777 5480 -31973 -13073 -6738 -1232 -28151 -10912 21226 4871 442 3526 24440 12669 19003 -2795 18212 5034 -10020 -16822 6788 -467 5941 -152 -10763 -980 4650 123 -26468 15962 16611 -21866 -1177 6637 -5165 -26922 2061 -22617 -19532 -17059 20492 715 -18299 17495 9128 -22482 24723 -4358 -5903 -2780 -16528 -21376 4794 -14706 -25357 18220 14243 -18474 7230 -19635 -14063 487 701 -461 -5583 -1476 -24798 23867 -6406 -20011 20578 -9013 -13526 13367 11460 -20661 6468 -6538 -14128 7215 8601 1574 7767 3831 31037 
-14231 -27787 17955 4367 6373 8583 8767 -4941 -1845 -25539 5345 -1639 -557 6275 -20573 1524 -3780 -3178 21287 22467 3789 -1544 -483 -7219 -7210 11889 15414 9374 -12750 -20204 13613 4493 6972 -14790 -9271 13750 -14625 -634 15570 -6397 -9591 -1825 28190 7451 -5070 21370 7561 -6023 -17061 10446 16374 2394 -1526 -17504 -8111 -22845 6096 15606 3725 9600 -11067 -19674 -4442 -24790 -10617 197 -6240 -1764 -5825 3000 -3449 7037 24221 1063 2414 18490 3289 -13434 -18829 4620 -4686 -1140 -15690 -3219 -8848 3389 -31386 1443 -1567 8161 -11596 22461 8544 24586 2782 -6766 4555 3732 18727 -20803 
10122 10141 -19749 -4699 -17267 -22124 26189 -4488 10058 31780 -30244 1578 -9789 -2227 -1307 -22147 8318 2637 7385 9201 396 687 18475 -4391 15237 -3259 22870 -22456 -7032 15143 24542 10778 10556 -21318 -4784 -16134 11218 21668 1085 849 770 24793 10051 18518 -9973 -22636 2053 16136 -21835 -12717 -10706 9516 -22961 4322 11891 7760 10930 10323 -22127 -21815 -6595 -11775 2887 -16715 5591 -2423 4453 -1798 -7182 -3879 -7490 31301 -6268 -2782 7724 23566 -15604 6109 2453 -14447 -7276 -2867 -7964 11475 -8278 30201 17675 -26204 -2457 15030 19209 12438 11881 7837 10976 16395 5339 24716 3738 -1752 
7273 27058 335 -14632 7245 -19328 -490 -15149 -4282 -11347 7958 -10602 -19811 -26308 -4998 24166 9502 -8842 19317 5203 9765 -6674 3395 -718 -11120 27773 -25046 415 -12857 -14777 21617 -23294 3257 10929 -8335 -9081 -5921 6769 -10623 1571 13623 -6528 -6136 -105 -180 -10465 10353 -8857 -4565 -3370 303 -15903 16746 25977 16317 -11239 -4049 1827 17571 22254 26651 819 -11672 -8185 -5022 8020 -862 11985 -27461 -23943 14059 9088 -5021 -9256 1002 22036 12581 -13834 -15288 19794 -19888 -7780 9657 -10807 -12357 29914 12793 -1844 6341 14861 -563 4987 2905 -3371 -2049 3514 -3357 -19684 22628 12600 
-6306 18451 11991 -24468 27718 16180 -28099 -4721 12197 3394 -4225 -11860 -5875 21828 -1900 910 -10094 -12399 13173 11980 -6699 20668 10536 2755 24317 -3925 -19273 4505 -10307 -11896 -3529 -10435 -22454 -31037 19907 97 3170 7189 12927 -9849 25167 15490 -9833 3570 -30236 -1709 14654 -335 -7310 -20198 5041 -18023 -4387 5807 -22988 4169 2699 -10185 -2032 20261 -11665 -6632 18842 5213 7933 23045 9008 18148 -23497 -518 1075 -21125 -20318 -3273 12816 9635 3153 -1723 10042 -1361 -2086 21751 8750 -9038 19292 22374 21614 -2166 -19068 1269 12680 -22050 6777 -9139 -8689 23577 -27910 15710 -16739 -2188 
2882 -3995 -22825 -791 541 19680 10345 -17342 -6184 157 519 -21749 7498 -2390 -20884 -9320 4822 -8605 4955 -27639 1889 -11671 -12126 1346 -6307 8101 12050 -24077 -13377 11339 -20598 5519 6408 -301 14827 23382 -16831 -6913 -5085 -2739 -27656 15064 2339 17217 -9404 -11854 2025 -1590 -9016 -2268 17015 -18108 10153 7185 17627 17619 -3944 7076 -17368 22888 4300 8781 -31367 9399 9477 -19258 -8975 -9153 -13172 -10479 -21315 -3004 2094 21368 -1007 -2346 -18105 8589 -473 -1335 16561 -4823 -16059 15034 -16935 -17041 -586 19473 -4692 -17466 1229 -2565 10658 6882 -12313 -22418 1724 7613 12134 -27867 
5248 16024 6583 -9047 -17409 -2564 6734 -1722 16080 8636 24741 8723 22035 3059 -4285 -5138 -3726 4607 -5455 -388 5656 -5235 2179 27433 -8767 -28274 7765 9262 5546 -15047 20683 4999 -611 14099 -7533 20985 9960 -12826 9052 -493 -3228 -29245 -283 13099 13423 7936 -21519 8286 -5646 -2747 -1204 -16493 8542 5751 -14647 11380 -2903 460 68 7036 10577 14009 -8029 -3866 -4254 -9212 -18738 -2122 16489 1715 -10565 -18243 -8577 8475 10340 -3697 -3262 -3629 -10543 -21620 20187 17087 7944 -3370 18171 -22520 -16608 11612 13783 -6369 1333 4566 6449 -577 -406 -16703 20815 -14103 -14870 -3744 
3 -13338 -3095 -9021 1955 5960 11429 8384 10767 20458 -12449 -7947 18349 -10770 17763 31685 -16782 3004 -3833 -7839 26831 -17144 15525 2749 -17206 9671 18848 -28520 2790 6465 16230 -7562 -8907 -14083 14953 7589 -2481 11210 -9434 1085 -4013 1222 -2785 5145 -1047 2641 -8734 15841 -16575 -21226 -9217 15362 21776 -253 -18922 -30287 -5221 -17834 -7735 -1557 933 -6002 21186 -4488 -12415 10615 -5703 12004 12804 6689 871 24454 23952 -9242 -22640 6268 4875 15209 -10242 7338 231 -2158 -120 12478 16921 10388 264 4657 -733 -14615 -6558 3644 8972 21072 12161 -18200 -12700 6358 -16037 17407 
16961 7627 -2840 -2531 2374 8395 -14800 -15972 13462 17589 -23747 -1121 15078 -10572 -9440 -19687 -2197 13625 11513 -22595 -14106 -10496 -2325 -7927 -12132 -3577 1311 -6845 20831 -15717 204 4216 11911 29259 -213 2944 2804 7924 12417 -7433 2059 438 -20709 -16830 9406 13818 -4534 -18800 -17274 -24460 -13972 19926 -22944 -2533 13027 1490 -3115 -7374 798 5899 20467 -11708 -6259 -14387 -426 21279 -3667 -7377 -1510 -24094 -14845 20493 13543 19947 -5350 18447 -2577 230 -18300 -20830 22759 -6719 -6689 2043 -4846 -20548 -17970 4120 -3019 -16046 -9987 29118 -15967 -3247 13598 -25217 14636 -1079 7152 16554 
-4551 -2796 -6603 -9118 -7507 1237 18104 -886 -6663 8948 -18097 3793 5139 165 4562 -9811 -2947 3934 -21719 4954 14654 10213 13884 6368 7654 -11966 10498 17675 -6515 -22585 -12940 -6285 -303 -7157 -3944 -9357 14554 499 -20103 16177 11353 1960 28712 19101 13703 27803 23750 -14741 5153 8327 -22923 -23781 10864 -19857 -13731 -20497 -9148 -26727 693 -3594 3572 4759 21943 6919 -15520 -17849 17579 -24383 24303 8390 -25895 -3195 148 6784 -9067 21893 1219 9511 -10693 -11850 9085 -4427 19246 21204 12106 -917 -15139 23143 29754 -3630 440 -10307 14052 -2115 1085 7912 21352 17221 16878 -54 
-913 15565 -3495 -763 6694 18172 -496 8970 -14008 -23095 3504 -242 -1518 1383 14555 -18930 12109 8540 -10946 -17457 -8887 2929 -6771 -22048 26844 4792 10370 -18793 18025 -13686 18403 -13295 14550 12681 -22661 16178 12434 -1889 21532 9900 19093 -5635 4773 -11790 -4257 -4066 3831 -8126 4600 -17213 11007 -2143 3824 4085 -4687 -25632 11102 7943 4616 -23151 13283 -25708 13831 -9966 15269 23160 10684 7563 31573 -25883 24121 21480 -12245 27974 -2917 -12830 -9498 -17830 -4859 -6925 16076 -5604 -2654 12641 176 10972 -9818 -7877 1513 -10197 -28593 12118 13141 479 -5155 -1454 -21410 4893 -5985 -1135 
12786 -26289 7143 7748 8585 11043 -15598 -2466 5156 -4200 -3454 -10336 -25271 17643 -7004 3213 10761 1961 26859 11635 -5 -1629 29395 -26773 -9152 -14095 18658 845 12925 -18697 -11358 15555 3046 -8355 3236 -1734 1583 -24809 3465 -12567 -3430 7004 16112 19401 5358 -5968 10119 -21338 633 20954 -9470 13321 8470 -16656 2332 8521 -14813 -17336 11417 -14458 -2681 8581 -9658 -15197 16563 22672 12275 -10162 -14945 17565 -7296 23293 -12854 -14043 -3633 -11023 3387 -3865 -4661 13610 387 13552 -4247 -22405 -3911 -7279 8867 -28553 2174 10082 -2432 6778 -25351 -20920 27656 -2386 2009 -3991 1362 -20737 
10070 -26823 -11144 7712 -719 1137 10909 1683 -4687 -1772 26350 -13924 -24922 -9110 -6752 -16823 -2459 8966 3820 10350 15058 -10815 1559 -12373 -12205 14526 -1939 13925 6359 4709 3138 -3894 -3370 4712 -4112 7119 22609 -10046 2269 -3021 7631 7348 17011 3450 -11936 -3127 -729 -22285 -18022 14544 7540 -21323 -2914 -27931 15071 15001 -18666 7273 -4366 -6326 11053 -22009 17472 4403 -4193 12716 17768 -10357 13993 -11879 -21490 12622 1302 -2230 12248 9284 4401 9867 -2689 7161 -15913 -8081 -25154 -7995 19811 -21938 -2985 11971 -1855 13513 -16616 -4901 -2468 8907 11474 952 -6864 -3962 -7069 -11053 
-4165 -1421 -19538 -11929 2821 9300 -8546 12667 -10851 -24524 3624 19165 5788 -10909 -8377 2083 23712 26489 -28159 -86 15571 23901 22620 10904 12772 -6092 17778 -17445 6922 -13709 -9123 -26840 -9467 -8494 -16577 -6148 5916 16211 -444 -10081 5665 3135 1698 -5858 -16533 -11478 12689 -6578 14807 5611 -3239 205 10959 -3674 10818 1026 5444 -6717 -29275 11544 -10067 15093 15574 -24055 20486 2613 -4544 2190 -28451 -7226 15946 15663 -13762 5680 7787 10810 17343 5445 -7139 16068 -891 288 -2077 1453 -5580 -13021 9289 -9064 -10243 1782 1254 -13580 -6761 15754 5458 -1803 9794 2077 -8142 -14692 
-8250 11564 -12750 684 -5774 -5755 5381 -15948 11038 22326 18023 21768 -17363 -2918 -227 -7735 8833 -13483 -18958 -26660 -20081 14157 10936 2283 2378 -12874 -2738 8047 -19146 -7158 13460 13733 -5289 14088 -8839 -13163 -5313 12734 10735 -7415 -761 21627 10227 -4967 4171 -17446 26759 -5982 -1225 -14405 -12614 6474 -9865 -7607 -357 -9601 2885 26356 27720 -26378 21600 10618 2791 -5843 -25838 7386 -25694 -16789 -14554 6748 7338 -15941 16631 18580 -10177 18677 4196 8797 5027 -4681 7125 7637 -8670 17509 1850 -3223 15 13103 -19702 1225 2501 -5879 -9403 -7184 683 -2896 -10636 -1506 14377 -1108 
-2908 -12576 -21322 4426 -401 -4349 9932 11679 -11275 -3164 -8209 -15223 11227 -22235 -11350 -851 29267 -10705 -20845 1660 18454 -23885 23874 4904 8546 7914 -17569 27567 1278 -5544 25234 10202 -5317 -1338 6546 1333 15599 838 -7399 -8684 -3458 -1232 11498 16535 -11573 -15063 7892 -23133 -11704 -2537 2470 -14363 4588 -17361 -2495 6867 -457 -6680 -11132 -7763 3634 2310 19036 26229 8810 18833 8895 20732 1018 -16163 -9049 7638 894 1153 -9704 -19101 -18398 19809 12061 8899 -8557 -16730 4299 -5398 -10230 -13119 -7106 909 18756 17514 -4711 -5594 -9843 -3672 7942 23292 4530 -6462 1981 -22495 
-9461 -7351 -7435 -20378 7800 -9450 18165 -2455 866 7501 -3065 -10350 -12616 -25768 17281 -7411 -7696 -12314 -18755 -12079 -9717 -14861 9758 6299 -12654 -16448 4113 10481 12434 -553 2058 -16862 -13914 -23031 -14972 -9919 -9493 -13712 -11517 -10451 23562 4207 23826 10124 23091 -2130 8519 9163 -2274 16672 -709 1571 2057 -2561 -25195 141 -11074 3787 -13060 -3118 -2421 -17841 -7384 -14722 22344 -15202 -11309 -9240 -12202 7694 24001 11053 -5733 580 -9794 -2509 14473 -16598 10653 8359 24341 -25616 -14533 9984 10944 -8177 -3206 13691 -11372 -1461 1352 -8418 -9443 -14419 22678 -2888 2932 -1402 23906 -1060 
-27078 8561 -14672 -14870 -11370 -12721 22921 9989 -24265 -8886 -9212 -13025 -7851 -9261 9274 -18709 -26190 -28764 18256 -13594 12945 7615 -6028 3672 -10809 20847 -22570 -946 -4696 836 12723 -868 -15338 8216 -4785 -1309 16759 20493 19446 7557 -13379 15757 -18436 7347 -15011 -950 9146 -18077 -21415 4158 -18279 -11186 -9928 5288 -23039 -23297 -8695 789 4197 4288 1380 6742 8259 8618 -3734 -6780 -20193 7577 -9534 -7423 8322 15666 -4197 -13449 -17149 740 -11602 -1834 -10947 12772 -17862 -4773 -6447 -6862 12038 -1402 -4755 18064 -5276 2080 -11834 -6769 -9686 -1220 -1899 -20860 -19016 15667 29087 395 
18164 -7512 -14671 27018 17490 -3452 -5476 -3279 20678 19703 -14275 9204 6866 -19842 -3719 4371 7037 -5416 -4549 -26992 -2729 3087 11126 -20933 -3209 24951 2598 26280 10364 -3415 3664 -1479 11664 -21883 -20994 1552 354 7733 16452 -7909 1833 -3027 3135 4881 9636 -5339 -2030 -5265 1565 286 22505 14459 -3229 -17820 -8969 7747 -10035 2183 -23431 3484 -7878 -11933 26288 -9435 13844 -27114 17900 -2495 24137 14859 15741 -16350 -17069 -5641 12482 698 12846 8912 6683 1993 -10650 22745 -9736 -12332 23814 -16739 9673 -5848 -28245 11243 5899 -6436 -2191 9439 -9661 30667 2049 219 -517 7584 
4746 -20089 -7736 965 15044 10709 17732 -2448 6129 -6912 -2282 31134 -3114 3465 9190 24 10692 -15302 17770 17000 9618 1828 12638 13799 672 -18270 -14203 9136 -13610 -14763 17834 -8277 -10844 28709 11425 8067 18176 12104 22856 -3662 11884 15668 11904 21616 17903 15021 -6857 -4919 -12006 -2373 -1186 23941 -25598 -10831 17138 15934 6727 22568 4343 -19886 9747 -15869 3194 8162 24340 24936 7565 1760 10627 -2609 -948 30719 -13023 14060 -8229 11200 13361 -1083 19814 14694 -13689 417 1825 -4608 -903 21266 6982 -15515 21990 20211 4891 -2258 16697 -12442 -15893 -15930 -6561 -3886 13320 11608 
-22063 -1812 15824 3290 -13427 -8790 10919 4876 -23012 27730 3062 2416 3469 -28563 10292 -22697 -12678 15048 2523 2261 -13056 -6013 11886 17864 -15415 18940 -10884 10453 8961 2526 -4204 1645 3940 13339 11605 13250 305 -17171 11875 7636 814 10195 20583 103 4524 -12645 7704 15626 6530 -14252 -8655 -11757 5904 -4009 -15757 -3682 21822 3400 13996 -18285 -13186 6160 20400 1438 -24125 -23839 -9636 28725 17806 24626 2703 -8296 13034 18889 19001 -15926 -12700 26541 10317 -7527 -6892 14130 26565 25243 -13414 -19984 11943 -12750 7454 29895 -11009 -11140 6736 1765 -11298 7788 10343 16569 -11167 17846 
28707 21245 -8531 27608 -25394 -4684 10475 -3814 15154 1831 1618 19333 14509 17125 -2532 -525 540 -1843 21132 12032 -15641 23548 8177 24593 17404 16863 -1125 -15274 -5418 2343 10983 14275 22642 8397 19002 22037 10329 12051 7166 12757 20379 -10109 -2137 11086 7120 -22801 22706 -6250 21014 -28561 3490 -6260 -4585 7782 1796 16084 257 13438 -14743 -5411 12428 -2134 -4753 -13859 -10759 -10975 -4936 12752 15630 10598 -11534 10110 796 1860 -17458 13683 5626 -24884 -8438 -7418 -11510 17492 -16535 19283 -14800 6020 -1610 -11197 2270 19009 -19512 1409 -16116 1984 11125 -126 -16327 -1158 -6746 4742 
17004 -2001 -700 -2669 19765 16105 4677 -25227 -20817 -6660 -10078 -19517 7285 24575 -14496 -21031 -3406 8918 -6261 990 -27884 -4438 -15561 1984 25554 13548 -2946 -9163 -4432 -24745 -11130 -29765 -24590 -18708 -13703 16276 9576 10995 -17780 5842 28009 -18430 5370 7499 17881 12014 1287 -7526 6940 7133 -16385 12581 22305 3382 29748 -6884 -8093 -1364 -10234 -7308 -18207 -13255 -10027 12521 15647 284 -5619 10498 818 -2334 -3036 21773 22958 -12196 -7277 -7392 -6474 -862 -10273 15639 26350 -8680 -3436 16282 3208 4455 17988 4374 -452 -11135 -6768 -26432 -2487 -29282 4629 -27242 375 -3518 2947 -10914 
-8683 20021 -373 2981 -1285 -5493 5099 18625 5770 -27492 8039 4306 -599 -15096 -4407 4795 -5432 -6467 14565 -213 1245 -16918 11416 -105 -405 -4343 8133 -12994 21621 9692 -8615 -6108 -21103 -9107 6468 -4583 22736 16908 30085 -28239 -4904 16983 -17632 12616 1740 -21459 9247 3592 10591 -1866 19350 -23843 15302 -19865 -17245 7036 10436 -1033 -24217 -5277 7582 14186 4622 1239 26915 -13047 973 -20503 -1361 4709 22495 362 286 20823 2697 -3589 10712 -4347 533 5378 -49 -19755 -552 -4181 -5511 11641 9516 -4115 19670 16362 -18823 900 17517 17005 -10715 20215 2128 -13430 -602 -31594 
-6122 5905 2682 -9358 27355 3358 -4830 -22932 3662 -5870 -2004 2856 9623 151 20266 -9962 -10124 10910 -2632 106 16928 18018 -390 -22237 12390 -7579 -9701 -5627 661 878 -14767 8094 -22395 2962 -9002 25412 -15980 -16088 -15763 -24040 -9301 -2604 -2589 -11268 21048 -12929 16140 -11618 -13001 9561 -16956 -12172 24611 6879 6380 -4164 18696 13008 -12941 -1667 -12429 8247 7499 13443 17275 -21657 -24974 -9115 7362 -18184 -5656 14464 14704 28873 -5445 21242 -17101 1290 -13057 -12351 4162 6441 3279 -7286 -416 -14112 -23216 27347 -2606 -12495 -8277 -24349 -6551 -12954 -15849 -2363 16507 12816 7885 2641 
5098 -16374 17170 -17114 -12514 13684 17970 27557 7684 4794 -1918 -15358 -5866 397 -3492 15660 -2988 -9242 -15581 11751 7748 -11514 -16316 948 16118 13944 -3022 6628 9988 23309 -21142 -20340 -16756 8674 -21137 904 -15307 -24747 -2100 383 11311 -7665 -16105 -23841 7987 -9722 -536 -7971 6528 -8336 4582 19575 10719 22991 7868 -14989 -12130 1775 -3298 20831 -363 -7711 6598 4753 13348 10750 -30597 -8410 -16332 2536 -4346 -2045 7986 24200 9787 24535 -1511 7698 16118 21016 17765 24317 12570 23042 35 -243 10902 2462 4829 -5557 -421 -12105 20141 520 13157 29666 3125 9182 -19528 9087 
-5477 -12111 7007 -19787 11917 -3161 10095 -4498 16710 -14028 -15099 5216 -12412 -6639 -16320 -5620 2190 24127 4945 -3146 -715 3082 21863 19307 7888 -2300 18882 6146 24126 -9468 -29018 9239 -5397 -12499 27736 5394 4546 3305 -15307 16927 15420 -10519 -24685 11061 3929 40 -8490 4114 -21853 4839 2155 -22726 1829 6064 14277 -2820 -2437 -940 -21406 17004 -15934 -25873 -1853 -19348 -5980 24797 -11915 669 79 -27183 -1013 20078 12923 17075 -8671 6679 -9111 -18236 11355 -8301 -12833 -18301 14694 -14422 -22481 14520 -6924 233 23853 -12935 10945 13988 20028 -20707 -11887 10235 2884 -7867 -17872 24275 
12723 -1573 -12687 1753 -5245 2066 4145 -7035 3631 7012 18513 -5102 -9788 -5485 21953 30854 22479 6822 7282 8881 -9623 -23053 5217 -18391 6960 -7410 -1904 -11703 -1458 11230 5643 3382 -8846 -23412 -17688 -8478 11986 -23929 17728 -29184 -977 13193 -11718 -14067 13778 17559 3326 -8879 3465 -5896 -25150 3544 -2643 -16064 14528 2681 16412 582 -12992 1745 -8896 7213 21639 -3770 -17657 351 -16144 18950 -15382 3470 -29486 6662 -537 3251 -5743 2564 -13943 -7663 3738 -26232 -16164 -12497 -22430 -2597 13945 -9503 -6302 -3818 21632 -10174 12062 6422 -9317 3503 -6875 -4478 502 -1064 -8185 -17464 
-3509 -15189 -2462 3097 -5416 -19870 -21030 -15751 -921 -8578 2584 -12118 -5818 -1846 -1071 3642 9294 -20903 -4157 12160 -4130 12417 -593 -9062 7390 23527 14178 -6037 -5699 -139 -26704 -22620 372 17243 -28300 -6215 -25982 12307 -16751 1512 13806 -10912 12020 9784 -438 4426 -10350 2677 18091 -2269 8548 -30409 10675 -10618 6256 9432 18569 -7596 15039 17024 -22050 -2121 -6296 286 14565 1312 -4730 -20378 -7069 4426 -17606 26581 -8802 -7626 11442 -16972 -2202 17453 -1245 7693 -23278 -3901 19398 -15943 -26238 -27184 24288 -15021 1565 31860 -8514 24641 -1579 20509 -12622 15283 -8160 1403 6679 27037 
8189 -7802 -15531 -1089 23285 8320 -19758 15003 19481 -17161 9733 -894 -14592 -10569 15977 -25464 22215 14812 12418 4491 -743 1482 4829 9520 -28378 -3032 19723 19174 16034 16360 9899 5859 -23343 11333 -2466 -10971 -27272 11200 -3887 -16272 -3097 10019 6071 22866 -19465 -7041 -14131 23842 30981 3630 -4907 -8961 -11009 -9772 -14691 -2868 10062 20310 25077 -24008 -25618 12267 -23873 15286 19035 -758 -3112 1928 -2911 8052 5680 -3407 -6580 11828 -28742 -6143 29557 -10851 -17807 18187 6078 -8634 29527 -1233 13644 21522 -5764 -19821 -3120 19754 3313 13602 -16510 -12029 7633 -9323 26654 -8365 -9405 9830 
24561 5916 -11664 -2849 6858 -598 -12915 -9205 3326 25998 -7467 7616 -13713 -2656 -23668 -16482 17794 -12283 -5379 -15866 -20949 -9949 -12932 -2262 -3875 7854 10086 -1537 21914 -8543 19486 -15038 16108 11833 -10991 -5511 2272 -16123 4272 -5902 2062 -12331 4473 -23358 -22376 -24639 23790 -569 11552 10539 15004 1703 3548 24256 8984 -9264 -2175 5231 -12548 6775 -5552 1650 -6677 -2150 -1777 76 19857 -2304 10255 9156 6308 16947 27687 -12305 5598 8078 18871 10277 -253 2349 5032 -17655 -14369 -7180 19047 18817 3397 -10607 6895 -21052 9232 16506 -578 -7607 -14296 -12049 -2598 -22318 -5260 15858 
28629 -11928 -23318 6996 -16183 8542 16259 20904 17745 23117 -5816 -19120 8344 -7912 576 15724 6987 1255 2945 -9490 8868 -6611 -18905 28554 -6301 -605 4693 -6977 7374 17227 -8650 -7470 -10313 -2704 -2817 -22575 3442 -95 -8726 -368 13027 443 -1219 -10833 -1169 -2339 -9917 -2413 14343 -911 -25265 -9111 22050 14634 5309 -21719 -319 -7165 -7182 -14707 -10901 -5317 -10920 2334 -10449 -17571 -14235 6953 -9818 9785 16528 -5693 10733 -5652 5219 15818 -13392 -10281 15461 -3355 -10211 -25694 -15827 -12672 -791 8765 -12460 30416 -25767 8422 -9088 2518 1840 -17377 91 21590 -6720 -12626 -8550 -22306 
-21280 -12121 -18696 -10558 16880 -8605 5177 -16093 -18214 -8316 6952 5603 13065 -12812 -1637 9395 -8584 7396 -2708 -10745 5287 -16432 7038 16924 6556 -11913 3774 -6149 -1304 23267 -2272 1136 3748 -17817 4255 2318 4715 10909 -9664 -19656 -5525 -5786 25867 -15601 79 -277 -15590 21122 16976 9375 -27004 19528 -15824 -13251 -16274 736 -3022 -14653 12290 -6259 3627 2941 -11912 -7842 1648 7932 7432 17447 -19743 6684 17911 -6264 2020 -12035 2448 24038 -2196 6664 7721 -13457 -4112 -19216 -15844 -8935 -1169 -11858 -5427 -8288 -399 14211 -27736 -2421 5893 -29700 11551 -3288 7108 14822 -21583 -13428 
15052 -1952 14046 12693 14534 29127 -1995 -13845 -12316 2761 2634 759 11993 -13996 1973 3060 -26647 -9308 -17890 -5156 -24616 -16582 -5843 -18314 3320 2015 -13929 -4785 -10719 -14682 3097 -7490 -15950 4328 3191 -6944 9362 10055 8314 -5477 16690 15533 1786 -4963 18057 23884 -2354 -9124 28440 -2658 19933 -17643 -16409 -1693 -8174 -12083 26498 10918 -6559 851 15621 185 3523 19772 -8433 -20683 -22976 21734 -3386 -13060 -3616 -23687 730 6967 5051 -1057 -380 -5029 -24854 20943 -10109 -21731 17806 -7990 -14817 385 10200 -7408 -25048 -24621 -15622 -5965 -10252 9120 45 -12664 -21914 7877 -7239 -10966 
19169 15972 23526 -10237 19545 4581 -20467 9277 -25017 -3588 3971 28624 -21594 1952 -16208 -3973 6654 -3307 -4098 4800 10339 4835 7907 -12048 11882 27355 13016 10782 15155 11035 -23453 14634 -11161 -10494 -12786 -5191 -10957 3129 23405 -9927 -4784 27057 22557 14813 -16384 5800 24257 -599 -23799 -5732 -6138 860 -584 12120 14749 -4216 -14358 4589 -2748 9089 10490 8118 -14403 -11162 -18732 -3500 14293 16923 21731 -2640 5472 3663 13091 -12547 2105 -19592 -4845 25523 -16572 -25644 18616 152 16237 22629 5542 8369 21159 -2050 -21518 -11181 5871 -462 2873 -14315 11591 -1441 6569 -5158 2237 -16725 
750 -17971 23906 14083 -18624 -25251 12117 -8161 2655 -1466 439 -8582 -3437 -11383 9653 -19108 26539 -28048 10626 7631 -7679 -4724 26458 -594 -1678 -4168 -19325 -364 9318 7956 -20410 17638 -26928 -15348 13046 -14636 -16092 20560 -8974 17233 -4253 26075 -14948 -9955 2069 -531 19037 -16962 -5302 12306 -594 5246 29080 6426 13831 -6792 -29917 25119 -17169 13445 -371 -6269 7662 -18353 -14326 -15 5530 -20159 6224 -7335 -24433 -8047 -3169 -19978 10862 7997 28863 6983 -8985 5388 6144 9497 3754 3978 -7622 4732 -11659 30988 -10293 27339 9739 -4172 -12388 8359 -16072 -924 19997 -9989 1231 -5686 
1094 -11786 2476 -17571 -4459 -5613 -12364 -15270 5139 -14570 3280 -8505 -6832 7428 7158 -15758 15203 5427 3106 -1041 -2323 -10947 -12456 927 -16619 9728 2466 -2907 24712 15015 19 25583 -13180 -26713 -22582 -10442 14274 6582 21735 23537 -9841 -25384 2458 15981 -13640 -15531 -6892 -8011 1173 23743 12945 -20065 6 -4879 6229 17349 -2957 -11507 -6484 1170 14029 4218 1768 4914 14472 12268 2665 14233 9896 -13218 22925 -1655 -22348 -18417 709 -10366 -16456 17288 -22142 7638 17742 9375 5439 -8806 2713 -661 -8061 938 5948 845 -14377 4013 2153 17905 6351 -5359 4056 -27064 16647 -8180 
4807 3465 -732 12441 -5888 13369 10192 -12925 -17455 18722 -22335 11602 1298 10324 -31824 -15519 11811 21033 1889 5833 20205 -28092 -25437 -1676 3294 18060 -19130 24331 6639 17973 -9433 21512 -11361 -5958 24361 5288 501 -21285 10300 17391 -18813 -96 8782 -15699 19294 9053 -12961 9844 551 13995 -5009 -12121 -15609 -9362 21645 -23193 -1108 -564 -9268 25251 7759 15161 -6074 5907 16558 26990 7969 -18124 -9452 -17042 -19576 -8631 10059 4737 -10834 4450 8114 20794 -15920 -13738 7715 -2445 -4305 1215 6920 14924 -8422 -2297 3154 22320 -29723 -5800 -7049 -3886 -2073 11434 12662 6952 23688 -20037 
-9255 376 -1740 -16368 1455 -21175 606 19700 2446 28012 -20352 -3453 6551 -8961 28446 1686 -397 2655 11207 -11821 -2479 -16838 17675 -6487 13287 -7555 6535 6221 -649 -30361 14049 4543 -5176 5237 10433 3265 18729 -1165 -6178 10468 4210 13171 -5904 -7555 -29691 13774 19391 -22104 -27449 -22744 10772 6476 -3800 -24985 1731 -12777 21536 3006 -9047 -8834 -976 16296 -12887 27838 -3488 4583 -3665 -6175 -5827 -22396 17838 22703 -17439 -8497 -17757 -8766 3306 -13213 -7024 16758 1410 -5085 -13950 12529 13399 25399 -12147 4896 3235 -6124 20682 -70 1314 18799 16482 -10692 22302 5453 892 -2836 
23912 24566 -9392 4056 4950 11006 -2795 -22570 13256 -5059 6417 8578 -2010 13524 -1647 -958 -2209 -2001 8677 10566 9452 -3330 1390 643 -4147 -19908 11915 -7754 391 -17879 3499 22371 7469 19791 -6080 477 -25002 21377 -6201 1076 -26593 -7974 -14141 7497 -27596 -9031 -22080 24256 29120 -14134 -1456 1033 -7041 10235 -30191 -5799 5039 1419 -18522 8875 -9960 7159 16314 13000 8201 7180 11267 -7619 -7076 5083 -7622 13920 -11922 -2628 21285 2125 295 -16556 -13937 15339 23288 -16247 -9910 -26902 4826 655 -4556 14265 18506 -12577 31536 -21345 -15022 22075 18730 10905 23934 -2130 -6634 -7045 
-4885 10120 -19473 -32295 30517 -2461 -26695 -18929 26244 -18398 18558 -2237 -5493 -13587 -16811 -10907 -2178 -458 16728 -3799 -6882 6584 6315 4877 -21068 1141 -9862 25174 -13043 2996 -10759 -17386 -16508 -13814 11362 -21987 8437 11854 -2565 -1525 -5172 -23899 5646 -3001 -10251 -11403 10480 13052 -9749 5745 4860 6436 -15957 -3691 -20584 -5767 -1603 16928 8234 -639 -6604 926 -17619 7308 -7261 -18720 6934 -3411 -6610 26877 19822 -22587 -18309 -9637 8639 5751 -9544 17825 6300 -23758 415 18114 -3422 13099 -19088 -7688 -8333 -15519 4336 10947 -13123 8088 -24462 2797 -10959 -18080 24780 10634 -12404 -24820 
-8609 -3598 -621 4795 -3055 15046 -9455 16723 10835 3314 3289 6531 -18916 2727 -4153 -15681 6124 -2466 18367 -19387 23243 23000 3757 -5093 -3255 -13023 25476 17934 15997 23945 6466 -3402 8456 -27476 -6680 3693 -14831 8039 12674 22621 -442 5352 1318 -30351 16097 -8799 -26131 -13472 -16221 14920 2044 -12378 -16688 -5405 5503 -31092 -10695 -2631 9642 -2533 1080 -29091 -14408 -20179 -14933 -25431 -6675 -4515 -10760 -7236 -27499 16146 3602 -14076 259 -6533 25454 15150 148 20620 -30959 -18119 16297 10499 9339 -1694 4274 4710 16577 -20425 -9440 -765 -18053 -2171 10862 7663 -7228 21865 -8925 1544 
-13495 -7355 29639 22772 4406 5313 -16 -23517 -5306 -24878 13113 21957 -15689 -340 3656 -11298 29520 8405 -20539 -19665 10850 10263 -15514 3656 -6715 -11134 4326 -897 4823 2671 -21751 10481 -12925 -1661 -16740 2436 16180 -7258 367 -18971 -25113 1032 -16029 -8565 -13546 5668 4950 -7244 4814 -834 -24007 3172 2716 2269 7676 -8854 4248 -7981 -13666 4187 -5533 1850 12063 10902 1059 501 -7026 13375 -12406 -24275 1278 3909 -15667 26194 -17782 -4514 -2130 2849 28244 -5113 -5517 10394 6028 16773 -10002 -506 10852 7655 16756 -10247 10005 7427 487 5961 18662 -8585 5805 -10211 -10973 15527 
-1608 -18214 2590 9153 8574 -16076 11826 2237 -24577 26915 -16699 86 -7742 16363 16192 30227 3288 -19690 10267 834 -39 -2702 -2609 -6663 -3869 1565 22494 6164 -21343 22391 -40 1595 -2753 5673 4173 -6437 374 4135 11226 12583 7046 15272 9253 -19422 -8135 -8655 -14121 19853 7643 -11383 -10588 -16134 -11450 -2878 1607 11962 20184 7989 15239 10990 -4741 -9336 -11219 -2949 -1634 9375 -26865 19471 -21960 -12623 17156 -5344 -15928 3635 -16906 6891 -12968 -24853 25547 -5259 886 2783 -2692 2701 17210 4452 -22526 -17719 13125 11794 -11424 -5498 191 16331 -15964 -5399 15956 -12359 7646 18144 
-7359 -1971 814 14884 -5566 -5053 11190 18479 4255 -25191 -16478 -3255 -19158 1180 17444 4988 -10439 1755 -21891 -12893 -19028 -461 -279 10841 3562 -8252 14265 -13052 -1307 759 9280 -13616 -3053 2175 -1063 8629 -5004 -7850 3304 -12431 4496 -2628 3032 2185 -21897 -5060 542 -28854 5823 4264 -8905 10954 -4726 -9446 7586 -16919 -17280 5872 9711 -439 -6450 10714 10674 19290 9262 -1338 15491 9554 8158 -1810 266 17454 14249 -15660 -2064 -12618 -9509 27968 -4375 -20108 2382 -5559 4018 5565 -3487 4163 3853 -1867 -19460 -16173 -1081 25147 -18032 -20510 11700 -17406 -17647 19104 -11089 18556 
-9214 -16757 -22627 14825 -5526 8287 -19608 -5810 -16935 13098 -13820 -21127 13925 -12482 4461 20990 -9295 -5838 12967 11837 7138 14568 10431 -9125 -21847 141 -20536 4166 61 -3184 21467 3763 -1954 -16981 8223 -15327 4435 10719 -4673 -1068 -13585 27000 21230 -18725 9605 -1272 12777 -23796 -16135 -20123 -6157 12801 7088 -9548 7255 -12249 -3685 1886 12137 15270 -17615 -3820 -13944 -1162 19570 464 2579 -2476 5094 -1323 -10632 10693 -1635 -17492 18729 281 -8658 10533 16549 19555 14776 13404 3694 22404 23270 435 -14832 8479 -14874 -20526 11294 12707 13165 -16723 17716 4677 12222 5754 1271 -7164 
22944 11966 7440 5796 -16028 -10941 27702 -16460 -6177 5400 3363 4489 23921 15768 -31333 -3518 262 2407 5482 12995 24327 -6804 9571 26044 -20365 -10279 -10654 -10590 -1596 1832 -20404 -24399 -13820 -7907 -3830 26095 6595 -7746 -1133 -22996 18967 -1441 -6431 13820 -15452 -26470 -21256 -10818 13708 19791 -1564 -5994 -2940 5033 6839 19313 -1600 14362 3216 -13302 514 -8357 -21615 16345 -13168 11631 484 -17625 -1477 3229 14015 -6144 3162 5243 -25248 -710 973 4319 -7163 -10892 -24578 10476 -7426 9746 15831 -23027 2972 -10683 22229 -9487 -2242 30205 -24584 10898 5702 -11010 -14140 -20682 -225 14794 
-9652 355 -8899 -18256 -18907 -24852 30 -21818 -19087 -3607 2627 17639 -6187 -2115 -16328 -12610 -3451 2067 -2157 -1612 3893 15322 -23058 22527 11046 -2993 4075 -3168 9760 498 6202 1371 12660 27530 -20851 -13379 -12552 -10961 -8547 541 -4085 1846 -207 -2152 -19305 5442 276 17939 18953 9533 -8679 -22209 -5540 -10662 10269 -2674 -1267 18447 -18429 12095 -13274 -16094 -842 -16039 -2251 -2407 -5589 21670 -8621 -3384 2140 18113 -13537 7241 8783 -16123 11712 23804 -27376 -4200 -1049 -5875 16048 22630 -20531 -23059 3405 21031 -6355 12627 -20982 -25765 8788 2118 -9198 4418 8975 19979 -12390 1773 
-5193 13110 19676 -17358 -8661 -864 -11489 -2898 -1326 -21908 -5205 -20793 -16482 -16637 6359 -1365 -22779 9749 -6915 29006 -14586 15261 4481 19312 4138 29406 26062 6295 11393 7521 -24998 5647 -349 -11784 -1123 -23056 16558 -3140 -3809 -6636 17228 -9968 -2967 -6365 -13140 4762 -5105 908 6020 -11695 16046 -10621 -3562 29290 488 -11515 -727 7276 18795 -1318 2828 -28643 5609 13710 -24936 2702 -7137 -14471 2604 -13027 -9265 -5962 11951 -15257 7878 -980 -9581 -12456 14295 -6519 -14130 9761 -22048 1346 -16416 -7874 7873 17813 20687 8301 -18839 23432 -18896 -11844 -2614 6378 -11498 6265 -10783 -7089 
-11742 -11199 -3408 -12267 25722 18418 -9660 -11935 8403 -8006 -1104 5922 607 7430 13841 271 2017 5013 1930 13986 -3424 6757 -9145 -8667 9579 3520 -645 -3166 9115 14137 8290 -16398 12303 -11094 5440 -4176 3119 16179 5730 19011 22249 -19903 -18662 2265 3002 -19838 -3388 -12953 8603 5360 -9276 -18004 18968 9679 -5499 9772 -12224 -4183 -4995 -1737 -26709 8782 4901 -25119 -17546 6616 -23805 6920 -12980 1449 -15711 19025 13403 12139 -5740 -20692 11356 -7664 -4233 -4659 -7026 -3888 15086 -7630 16057 -8656 4260 -10463 11820 8949 591 -8920 -18751 -27337 -600 16795 3028 -4278 -1163 -23140 
-12463 -2349 -12672 -19187 -3932 -15429 -28001 -612 11207 10034 -17493 -6722 10297 12981 -15224 17332 -18430 -8444 -476 5250 -18765 21286 -399 -11530 2144 -13452 12140 -4444 14507 8320 -488 -7444 -17985 -4559 10624 -4621 -15546 23213 12729 -6233 -11909 -663 26333 -18242 -15331 -6627 -26604 -3661 7540 17355 -7548 464 -7856 11197 8292 3616 5128 133 -2064 -6023 -9859 -1796 2667 9849 13331 18243 17183 -10105 -7232 -8249 18019 24782 -6921 24628 146 -5560 4025 5771 -10993 -81 -10609 10249 27972 -15734 9606 -10184 10152 -15833 -7880 -4117 9908 -3430 1477 -15300 -18 -15421 -6701 -8821 2785 -10168 
-30317 16002 -12255 -9067 11707 -13546 6216 -545 -7538 -12419 6906 295 19153 -22725 19941 -1488 -1323 1047 21435 8841 -2190 -10970 2874 -12152 -11002 -12864 -16861 3658 -2438 3206 -4030 -12108 27709 25187 -12691 -12682 29512 -18037 -17026 -2301 5147 7283 2391 2459 -7748 -8991 13286 -13245 -10052 23258 25632 -7479 -8654 -5195 -2817 -14909 24254 -7927 9351 -9844 -29301 12214 -7484 9549 -15551 14058 -16183 -22028 -737 10003 -77 -9932 -1055 2286 -16475 11404 -32047 -7045 -12598 23618 14011 2051 -26538 -18842 7420 -4327 -19578 5577 -17806 18837 4765 -1781 -11647 -23908 -11801 14739 -14819 10132 -22857 -7539 
4797 3890 -4503 -22543 -3744 8302 -8863 -647 5516 -9846 19979 -12881 3156 -18672 -20515 -12066 15183 6864 5708 1051 -100 21223 -6173 16454 -4895 16565 11561 -3835 11346 -24604 -76 27587 -1117 -4764 6432 -6470 -13290 -4494 528 4067 370 -10355 -7889 17414 20741 4992 -5582 -6734 -16214 -21922 -4908 -11204 -14913 -14211 985 703 1067 -6781 -7155 -20699 -21152 2902 -13500 14616 -174 -17108 3927 6416 -7291 -390 19757 -2230 11774 -1531 -18509 -7475 -945 18646 1753 10340 -19314 22846 1691 18855 9306 -2600 17919 -27659 -16419 -4987 -6640 -10385 196 21869 2274 15879 25930 -1529 -8048 17009 
3885 -9209 24124 -14547 692 -9102 279 -12930 -31311 656 17743 -13198 -24967 -7436 13091 10208 13038 9847 3543 18277 18294 12603 -23882 -12952 -8702 -5717 14352 -4588 -2806 8054 7240 -6558 -22899 -28007 -11075 -27891 -6382 6738 -4901 10140 -6997 -5073 25878 1373 1517 766 16876 -19867 2298 9690 -17697 -3949 17016 3878 2425 29834 -871 13195 22608 15549 -2541 10491 20992 2140 294 -21073 20524 -4503 -15718 -12503 -21887 5286 4286 12593 9647 1699 -3477 -2852 630 11446 -16897 -16508 11414 25340 -10139 -7737 2527 -20387 -27639 7825 -5854 7554 12259 4628 4410 -21531 -2441 14536 28684 -4927 
-823 -27022 -5754 -18402 361 -743 18071 967 -5264 -3056 -15296 23124 -5763 -16656 17023 -3548 12471 -31588 4964 25688 -9264 5691 -5630 996 -5634 -10687 -5771 -11143 -8703 -16536 -11297 8598 -735 2993 -9876 -19070 -20947 -1179 1873 12359 -1922 15383 -10550 -320 8947 28576 23576 -3705 -3340 -11485 5515 -3068 2927 1545 -9612 -7325 -5152 -3837 27182 1434 3907 -13044 6943 -24472 11041 -13725 -22093 12368 3721 -10346 -22693 -16475 8467 2163 2452 -8841 481 7446 -10013 13478 -14696 -22303 -46 -15654 23144 -9860 14837 12156 -757 -8743 8937 -15672 -7747 27954 -6830 -843 -4534 -4597 2521 19469 
-26113 15658 -6603 -6819 -4941 5283 11295 14842 -25143 4817 6237 3843 -11482 24914 -15942 13403 57 -1005 2056 23475 -6914 6211 -23770 3968 11504 11103 -11788 18943 -20964 4647 10592 11318 -14325 -10331 863 -11021 -7461 7209 3563 -10293 3624 7247 -1529 -11236 -16357 -10247 19136 11276 -19357 22862 -15316 -9335 -5319 7107 -1439 -4281 -14243 4880 135 -25656 -11755 21047 14281 -2996 4145 -11646 -16805 -15899 2826 -9597 -392 -1432 -5504 1298 -8861 -10383 13560 -6061 2665 3432 11877 23726 -4641 -23942 22333 -7209 -18403 -6757 2944 12229 4235 1418 16823 18876 -7022 18381 -5649 -9915 22181 -8268 
-4925 2865 19779 -6831 19024 6298 8686 -4989 -9921 -4637 -4046 15343 9663 -3660 1186 9222 -3958 -5121 -5158 -2566 -12834 3328 -24192 6858 -7038 -27593 -8389 -13763 19654 5996 3010 -7714 3972 -5708 18897 -9210 -15079 8806 10027 -6447 -11153 17445 -5220 6948 -11789 989 2038 21422 -352 -20547 9495 -23578 -6413 13886 -11549 -4345 8692 19747 -10428 7960 12342 14455 7470 -1050 -1331 12682 17310 8712 -3494 -4617 19607 6619 19974 18078 -5083 3717 -5505 -341 -2213 9460 -14082 -21873 -3242 -3362 -20927 14081 17463 -27200 24976 4102 -977 27103 3006 -6169 -13715 -7861 13855 -25033 2605 -1321 
-5740 -14644 -3660 -9949 28036 -12084 24911 -1644 9955 19869 -11695 2903 5923 -10252 -6636 26210 -1210 -25911 5373 8820 2772 -1955 -647 19986 22237 -11972 -11526 -14965 -14086 -5322 -4868 10737 16967 -1946 -2557 -2010 -9617 -16851 15001 -16434 -16736 -9164 -26537 -1450 12433 13166 3283 500 9605 -4844 -6988 10406 1345 8617 2723 -4301 2326 8181 -2472 -9176 -17699 21514 15242 -3367 5105 -12731 -18175 -13721 -17344 -5566 -6266 17588 -5835 5615 18669 -6798 -9015 -18307 30482 -14061 1148 14692 -11557 -17450 -18344 10088 21295 -3903 -26135 -109 -3065 -10078 4935 -27595 17754 6414 30229 5095 6703 9059 
14968 12428 -10350 -5177 -8670 -6577 -7276 16424 -7351 -7520 13394 -16579 -4180 2873 -271 -4224 2965 9501 1691 -2502 210 -25706 2949 -4489 -9797 -6350 -9749 -8177 49 -27442 -1777 22172 -869 -4981 -1474 -26488 21736 14547 -6197 -515 2960 11608 -11245 -6157 16020 -4589 2168 -10456 -6533 -18874 -11159 -23776 13652 8059 -939 -11989 5559 2179 -14148 2908 -13882 -25478 13598 14225 10789 -1602 16139 11891 1287 -1796 21779 4718 -25310 5156 -6700 18102 18612 -4751 3825 1612 12426 -2460 -5099 6898 12015 14022 1525 -19398 20156 -19541 -7859 -8586 -5549 -2454 11742 6596 -5479 13221 5495 4364 
9726 4681 10987 -3845 -8326 4741 -1771 24326 -6769 5331 12761 4204 20801 246 -733 306 25889 3318 -6170 -13531 3146 9253 29469 -25380 -1704 -4578 -15664 20659 -6796 -2622 -4858 -23598 28493 -4037 -5932 3365 6684 9210 7511 13411 -4960 -4165 4274 2313 12321 -3716 14096 -1699 20333 -12918 -7769 -13970 -10784 5493 19888 -30193 3670 -12520 21360 12254 -15815 7059 -19148 19011 6261 -431 3662 -9620 5254 17412 -7654 19019 -19093 2469 -13573 931 13480 -7305 -13985 9973 -6829 9218 -19783 -7535 13055 -15590 -16253 27020 16588 -6955 16194 2758 -22427 152 -8829 -6174 -9993 10252 6871 -13234 
5689 -4573 -10531 9281 5997 -4587 54 5048 -14758 -3481 -7282 -21126 7759 15327 6810 18962 -21722 -5999 6934 -295 10299 -1321 26052 -19222 16249 82 -10893 -8147 -6064 -10004 3570 -10674 26291 7637 2848 -14908 -5592 10378 -12319 -13108 -13133 14794 13597 12395 -3611 16544 -10034 -19599 -14890 16734 -21269 3441 -9180 -9058 -22919 458 12023 -2496 3201 5796 -511 -912 -6371 -5142 -12936 -12643 3684 12881 1308 -15229 -9861 -15782 -20682 21795 -4722 -11448 22418 -8760 11472 -11734 -30066 2305 -14978 22741 29698 -10839 -7973 17640 7773 -16925 -3534 -4409 -11893 -488 -23079 161 4611 -1031 -4056 -4756 
16328 19840 15494 2022 21854 -8207 15454 14737 18136 -16686 -10715 -9791 206 -1289 13395 9350 1883 12665 -2961 -11838 13611 12986 -2557 19479 -26001 -13979 18851 2038 -1064 -24214 -16403 -1388 -3667 -12541 6275 12525 9906 -2638 -12016 1737 14135 3905 5192 -588 -20457 -11583 18663 13316 -21075 15244 16562 -1064 6883 12358 1908 4628 4136 -13866 20991 -2712 -11658 14958 3378 -8888 -3510 -11127 3311 -12046 2733 -19992 23329 24171 8239 -1387 9917 -3708 8168 -13344 -11586 -13618 32373 16229 -23256 5802 -2302 4614 5638 -23490 -5572 27370 -16787 -17289 -8868 -15736 -6280 6408 6432 27027 14667 -1165 
-5935 -20462 2579 -7172 -1729 11340 19714 26798 -10302 8659 8531 11365 4408 -30589 332 -2630 -3830 13179 4408 -6636 -8152 6182 3691 -12127 25609 -19147 24126 12629 -16978 6563 15641 -15376 10397 2992 3430 -17672 -17944 20456 -14696 5815 -8412 4124 1067 -25527 -653 -7579 13474 27781 -20356 -4060 26763 -17641 10605 15620 -16007 9574 11775 3575 262 -22097 14196 -4041 14295 15849 12690 -8124 5273 1759 -9816 4330 -11522 12061 -17009 -11719 -13629 -8712 -9563 6283 7849 -12658 -9004 9090 2942 1732 -630 17671 -10472 11850 704 -14257 -8370 1428 -8715 -1841 -14073 -800 -5328 18764 -12499 -5323 
-12286 6863 12724 -6817 -1406 9130 -15206 13555 16464 -2442 7903 -4269 -25194 10515 27026 -21344 5119 7088 20165 -8502 10695 -8262 2197 18566 2219 16108 4133 -27564 -17162 25160 -4959 2934 5236 6425 -24003 -4867 7550 -16400 16689 -6980 -14858 -14427 5319 -23979 6719 -9125 -3513 4136 9293 11388 10245 10854 -5481 -12358 -29601 -2554 3868 -12786 11445 6083 3683 -14661 7284 2852 7806 14151 -7149 -1673 -20989 -7543 4106 -20270 -31982 -10344 -8226 15121 -1455 6358 5404 5340 -6667 25324 -7595 1183 3248 -27697 -1497 4497 -14139 12724 15924 6831 -14597 4640 3626 3519 -6751 -24356 14011 15950 
13199 18167 164 23731 3878 -3631 24486 3339 25932 -17913 16784 -25027 4211 10882 -714 -7948 -10351 10103 24943 -24918 3366 -2722 -7131 -20328 -12742 -8198 -3777 -18745 -7844 338 -9803 -4350 -19035 10426 -7555 -21534 436 -7731 -3168 -5182 689 7018 -6361 4041 -9397 28347 -2010 13029 4794 1589 -11846 -24370 13248 9357 15878 -4868 2977 -13367 30004 10681 2352 1070 3197 -16622 -17468 17234 1303 -7716 -3526 -3313 -1207 -21834 -1539 -26492 -2723 -13052 -517 -25829 21159 -4619 -31314 11142 -9595 7038 5137 19136 -5288 -7330 -6478 -3829 18828 2585 21660 -11024 3734 -7681 -12950 21054 14321 16931 
30775 -3820 -10717 -25242 -3407 3279 -9292 14697 12291 6940 3129 1439 30694 4844 -29871 4668 1436 -3207 2970 -22724 18153 -5309 7619 -1178 15137 7956 -24702 2888 -3560 4351 -13682 4151 11055 10078 -7251 5969 -27569 -11310 2475 -18307 10469 23108 9308 -4761 -20245 -18456 -3173 2181 -8224 10804 -16820 -13289 5067 21997 -24228 8479 13374 3614 -325 -4499 12623 15124 3177 -28776 8862 -7827 871 -5125 1620 -14071 28354 -21059 8222 -15344 6799 6346 -1993 5622 8934 476 -1445 -1419 8943 25964 13525 -13168 979 7876 -18571 -12916 -5177 16111 4751 -29697 19716 964 -2553 -5440 -27436 -4384 
-4031 -14349 -1413 -856 19759 -15359 28241 -1205 5450 -22372 -22348 446 11407 -4165 22786 1729 4488 -5468 -2901 6102 -17341 2270 9762 12365 -25255 -16579 23521 12349 15590 3799 -2193 -3199 -1639 -21485 7252 2240 -6245 -14954 7973 -30615 20391 -5293 5248 2990 -12804 -27258 7 -15471 4450 -13395 -23706 12245 14889 -5227 -4785 -2551 -9943 4175 2175 -10109 3776 6451 2747 19807 -13864 20709 -15411 13700 9950 -19377 11402 13217 -4404 22943 -2610 -23766 13857 -2221 -18564 -20643 7142 2859 -16514 2623 -22359 8497 202 -15455 19841 -17737 -23970 -16363 786 -10923 11831 20473 2175 4590 24678 -6537 
-15750 -1108 -27136 28790 14905 -4351 -9188 -13389 -17281 8358 -24863 -8794 -26478 17565 -1928 19095 -192 21808 -24551 -13163 484 -1550 -1797 10867 -20132 3770 16740 -12591 -8945 -13653 -7774 -236 -3602 1839 -9467 12905 -1680 9975 -10517 2247 14485 7422 -10826 -7701 -4378 4997 -558 5211 -19087 13077 2741 17509 -562 2433 -9254 -9442 12573 4323 9154 7524 -4344 22172 14076 -7458 -4934 16981 -1254 -4872 -3089 -766 -2631 -8728 484 -2086 -1156 -12370 1635 4960 -242 2827 17081 26206 36 -8557 -14142 -23321 6776 5526 6616 -22702 -19247 3893 26088 4417 -12296 -2732 -5537 6304 -2623 5027 
-3787 -4960 -14327 -12649 28650 -17222 12209 14955 -14712 -8271 11177 -11735 7835 6796 16353 20123 -5571 1952 1112 7514 780 7556 21519 -2110 -5839 -10724 7187 6648 -23970 -2672 19063 6635 14533 -3756 23895 -8623 -9685 -2273 4569 -19033 5846 5108 13093 3379 -16234 -1250 2418 18433 -5695 -4819 -5895 -18964 1080 -16644 -7937 10890 8292 170 2768 13383 -13261 -15195 -1857 -3248 4638 1691 17704 4248 6180 -19831 -16015 -11042 24267 -13394 17666 -8279 8231 -19563 7248 -444 20173 4367 6105 -23863 -19235 -10441 15134 -1264 -19713 27757 2988 10180 8034 -3747 23 -27822 17598 10231 3834 -5908 
340 -1417 24055 11154 1514 8794 4287 -4853 13522 -4241 -18430 9443 8417 11973 24697 10097 11385 12727 -15889 15570 18561 -2843 3625 -10258 -11415 -6341 -8192 28013 -26583 20712 -13748 -5429 -4803 -9623 -30990 19778 -3150 -19586 -14882 -10022 -2539 -9681 -25597 -4257 26495 464 -28067 1896 655 6652 21743 -15534 2157 -2670 456 10306 8136 4541 -26631 -2777 -11302 -786 1693 6584 13151 -8736 23514 -12944 4002 -25963 5083 -14698 -9358 8019 2002 4407 10789 -14928 -769 1579 -12642 -9339 -11359 -7667 6721 -13837 22021 -956 -17408 -9117 10113 7678 -16557 10119 21359 -1743 11065 4187 -972 -16487 
16697 -3298 10809 -9794 23653 -5540 15092 15851 -4013 13797 -4127 26425 -22492 16850 7554 -4988 9597 -12920 -1436 -18573 -8303 12973 -29155 -9359 8726 19510 -16317 3253 -21427 -677 1917 -18624 -4101 -10081 14456 -18990 -3981 -6455 -2841 10493 -15989 3565 -17787 -4587 -22877 -26522 -28138 13880 -11869 23505 -8604 -17074 -15877 29 19269 8447 17312 -6535 -9066 22471 3607 -20384 7480 -14366 868 -6510 -4584 -429 3863 16410 -2775 1514 9546 2379 11368 -8643 -7782 -21828 -28455 4777 17968 -12208 -3708 29011 6844 12337 -8575 25131 -5259 -3632 14313 24037 10266 13545 -8989 1281 25333 14458 -1384 22208 
12245 8656 31547 2101 8978 25467 5388 -1230 28809 17494 -1717 -10921 -21849 1666 -23739 -18679 8534 11881 -14515 4724 -7919 -5700 -7745 8849 20950 -27017 -6657 540 -2512 -5672 3448 -7525 18988 14187 18079 -7333 -15773 -10238 -15375 2163 27377 -20297 10990 -11840 9861 -9750 -7387 -3608 3401 -6586 1320 9561 -5130 18877 -5741 10568 -7476 -8056 -10229 -11596 9363 5672 22073 17760 21915 11370 5844 -13602 -30020 8796 2198 18816 -6060 15194 1347 -9370 -7860 9733 -24409 1397 5652 17223 6036 3674 21410 3409 -8471 -2676 12921 -24929 -11641 2632 -10849 -10001 1115 8852 -13918 11341 -21670 -3523 
