89
17594 15986 9452 -11880 -2356 20715 95 12714 -19131 -11941 3126 3711 -22284 8664 -11578 -4078 12142 -29692 15013 8549 29200 5 11706 -123 -25339 -3188 24618 -6011 13875 -7983 14185 -13694 5205 -6766 20784 21149 -2585 537 10882 -17401 14382 -1996 -6488 16110 11834 19003 13875 8081 6110 23055 -8706 23859 14522 -22504 -8663 289 3892 12866 -18144 -29267 -21640 -3319 -9582 3378 9852 107 -24965 16661 -18178 19183 -2020 -3901 -3451 -858 14590 -10065 -28579 -2008 -2059 14674 -2916 -2157 -26598 1588 15649 19345 -4148 -19234 -1392 
14928 4023 11235 1881 -375 -22065 20962 -337 -6533 6216 15485 -11374 4846 1194 -160 1991 -10702 11961 6974 732 -19683 21387 3283 2342 -1007 -19334 -1052 -11581 4597 -16860 2618 -15719 -15559 20340 -15699 15701 19154 8351 10260 8303 -4283 -13796 -7082 -9949 16789 -5205 -26786 7030 -940 -3239 17951 -18120 666 1143 27029 6396 -250 -354 7621 19745 8896 9392 -3912 -13617 1143 -7209 -11898 -16144 -24731 -17787 8006 3900 -3514 16241 -10209 -8912 15973 -14174 -6084 -12014 26256 -19874 6351 -6416 -4576 17974 7959 26526 -26635 
16903 -13482 -67 9588 -271 22486 -2384 -19056 -18338 22510 1446 17342 -3330 -14599 -12651 18176 -31794 -18598 -3270 28892 -18675 8570 -13286 3173 5957 -11566 -16507 -721 21578 -806 14477 -8613 -13770 -7144 15892 16784 -22425 -20713 -22081 3584 14471 -10903 -263 -158 -14964 11947 -7686 -15116 8877 8578 -20800 -16257 -11668 -3430 -20466 -6830 19858 13219 -2443 -18617 -5580 -11682 20297 -5702 -7513 18313 -9303 7830 -881 -6666 -14470 -15030 -12328 -13965 8296 6604 11695 26079 -13076 -15457 10129 -18914 9025 5319 13888 2840 8303 -5929 196 
-1338 16194 -23579 17263 -4319 -4270 -11887 -10531 21804 11257 -7165 -10514 -5131 13152 -27924 27082 13197 23923 -9600 -22808 -1005 4842 6786 7674 5288 25663 -10951 -504 -25990 -16195 3701 -9125 26552 -12947 -13683 7042 -23898 23589 11617 -3495 27775 646 -18086 4864 -20330 20723 11876 -3613 -27846 10652 2300 -21325 199 14197 8477 4455 23715 1340 -5805 -15034 -12230 13430 -12885 3029 14844 -11148 -19778 -21015 15466 22854 5290 153 -4860 13008 -14824 3144 9046 949 -12488 -11359 -6154 -1951 -4927 -17772 892 -16883 12018 3417 -21104 
6579 14486 10103 -9253 7965 7674 15028 12561 2006 -7177 13858 3055 10805 -24852 -13027 13880 4183 -20033 7747 13239 -20703 -21277 -1407 12609 15682 19789 19463 5042 10800 -25727 7504 9964 13608 10881 -16354 27867 -23503 -2334 5239 -29577 6934 26039 -4174 -8011 4718 -7260 9061 10140 -4454 9166 -23435 20793 14010 -282 20998 -4450 -5184 -3548 23696 16615 -159 -16825 19658 -6087 -5351 9877 -21832 12990 -6353 -12318 -15199 2987 -15949 -16510 5653 2618 -10890 -1450 -12558 -24398 -24295 17349 -1447 -5285 32256 -830 -14927 8075 -2213 
8897 -6225 6814 -16098 -4412 10058 4343 -12537 5201 711 23808 2971 8313 -2387 -4559 -20693 -1837 -6962 22528 14024 -1408 6980 248 -1196 14630 -1166 29085 -6030 -8713 -16127 17289 -11375 9896 -5918 12372 -3353 -31621 14414 16548 -2959 -9418 25545 6948 13556 -8150 22045 -3193 5887 6447 5978 6537 -1559 -1116 21466 -22546 20684 -21648 831 -11390 22928 -9724 12147 -9704 -3099 17751 -9304 4492 -26563 -10518 2903 5826 -4393 -7484 -5822 -25432 1721 1651 3699 -9426 -21326 10258 -5828 7760 -7595 5439 17461 -2795 29952 -15838 
-4798 133 13532 -22422 -885 -7497 -13355 -14768 15235 -12859 13471 15762 -21532 -19757 -11845 4730 -20817 -28404 9322 2774 19244 -7003 9151 11517 5617 13784 13197 -8492 14291 18412 15218 9403 5368 26665 -8748 168 5063 -8986 20192 -3824 1011 -2947 19341 4082 -23178 13393 -20326 -11816 -12400 -22575 -20087 -6960 14282 -12435 -20565 12146 -9989 12193 12562 -4129 -1481 -13 -2144 -1346 21987 -1553 -18439 6718 24743 18469 28808 3352 -20360 5430 24713 9610 907 15041 7925 2142 -6298 -28554 -11885 3042 -50 23299 1009 -18705 -4647 
-9429 -24988 -8220 -10528 -852 -758 -5206 2947 -23211 -22839 -21331 -12626 9206 9295 -7702 15504 -16528 -2287 21980 -11866 -6750 12366 7565 4527 -1413 10250 -2162 -12617 18156 -11243 -13578 4108 2036 -16637 -14749 6476 -25194 7984 7932 4440 23000 3527 -4235 18774 -4137 -8783 -18685 9149 681 -27994 -1946 6980 -11148 -2013 -1818 -5651 5473 -10130 8018 -12286 -11610 -11372 -3325 -1260 -31361 -10643 -17704 3326 16941 12692 -17351 17120 1792 -12176 6677 15398 -21686 -28624 21476 -7808 -4508 14022 -7000 -5144 9908 2549 486 2976 4263 
1598 -1361 -20685 -16975 13809 -18790 -5519 -23734 10276 -11066 -652 18935 1972 -5410 -1122 7239 -11705 -7154 -28006 -10805 -20661 15 -3754 4638 -6412 -3550 -12527 -1050 -1725 8206 4679 -25649 21754 291 6088 18313 -20821 7480 6561 -20268 -2137 -21586 13869 5234 -2800 21097 -26864 2350 -2358 1247 14384 -4387 11905 770 -12607 -678 9902 -1962 20540 -3190 -9843 -17696 -26268 -6570 -6109 10800 13633 -20555 -3776 11872 17446 -608 2167 -10484 684 285 19752 -26016 -3915 -17097 8568 -19447 6252 -2560 342 -23489 -2751 -16489 -1676 
20161 -1298 -21220 -16812 -17958 -17291 8126 -7367 -4777 13086 13743 -20173 -3697 -23168 22827 7700 -4508 11887 -4232 25469 -5570 -7152 10206 13780 10506 7884 27315 6981 11074 -8108 -6061 -7480 -13082 -9565 18463 -17641 1148 -26886 -2169 -5701 -15851 -17182 6395 8704 -4536 -1746 4857 -1026 2357 -31496 -16636 2960 27011 19615 14503 5981 7013 14033 19575 -4142 24462 2941 1807 -6617 -13757 31452 -7148 -7337 583 -15245 7471 -24790 8171 -503 6423 -2260 11273 -1360 -1402 26034 -16641 -11837 20288 6365 -16460 1507 -8432 10641 -15719 
-13318 6860 -3460 2212 -3527 11085 1811 7768 -6373 8311 19091 6842 -8095 -16327 -22779 -421 -24043 -2685 -7117 12881 25991 -8364 -24906 -22720 -8108 -83 24295 5194 27483 2714 20466 -10716 -13880 -10960 -26942 -4606 4107 -7029 -14068 -24410 -21794 7373 1101 13653 1603 4131 -23347 21729 21636 -4671 7319 2212 -2764 4322 -5500 -9862 -983 -20534 -20176 3787 -10103 10948 -4608 3464 7098 -1242 -12252 -10456 -8079 -15799 12175 10411 -11866 -1902 9218 -18022 -11877 -17298 15359 6915 -16166 -16049 -11304 -18817 -6861 -8527 3231 -4820 -3901 
16151 -7373 22195 -22293 12047 -6341 8260 11601 3115 4642 2966 -8469 -11256 15905 3562 -6415 -11447 -17100 3847 -8730 -2919 4128 18491 4754 -20563 -17035 17249 28934 6207 -14201 -1577 2465 3349 -14220 4996 14335 1787 7969 17880 -5620 1986 -12226 -11570 1786 10567 -1985 10209 -2494 19566 -7325 7452 -14682 -6107 17581 -11250 -2768 -1957 3310 -18738 21552 3343 -7749 5882 4675 -1723 -19343 -4930 -7862 8710 -1739 13767 15724 -4759 -522 -2995 21533 -11897 -7831 19985 2838 -31865 -22002 -13478 -22693 18064 -729 13815 5170 -9509 
-2620 6208 -13777 3232 7099 -9193 22058 -7388 -1366 2528 72 -4173 -9995 10125 4848 15520 3786 14229 -15914 -9144 -736 22521 -20239 -26610 9396 320 7043 16220 -8946 -6790 6936 5802 11127 -4291 3713 -6544 14856 -8021 8406 -21964 -4449 4714 -3972 -8320 -24094 -11604 22040 -2840 -2501 -7129 -13406 -9975 -12572 7450 -3250 10629 -6440 9806 -16734 523 2015 23059 13667 -5301 -7801 -15549 23718 -5631 34 15416 -16953 -21004 -7214 -21026 3427 -7955 14201 -4445 -3482 5568 -22583 -16000 -4861 22345 -9676 -2828 23984 22382 1017 
8710 11315 15895 8478 2888 3730 6202 19313 7119 -4061 26322 12679 1597 -1925 -12828 11711 953 12927 -7301 -705 -19725 21335 7849 5874 5921 8568 -6515 -23919 -18682 -1129 16711 3990 -9242 -71 8966 -13238 -3948 21030 23803 7353 101 1138 -21402 4538 -10693 7284 -5754 8171 -17539 15184 -10583 -10575 -10469 -7058 3874 14136 -21364 25729 5711 11128 -17712 -10109 1681 7471 15214 21684 -8108 -21278 375 11167 -1779 -30497 -1916 21781 2616 -7110 17329 -2766 -8104 -29229 -854 853 10743 10063 -28004 4393 -6483 -997 -14018 
12703 -2543 -1937 -10286 -14 18122 -16314 10271 -14683 9603 -6553 -19083 18043 11247 17247 2986 7567 -12340 -4986 -6623 -12747 4570 19190 -4417 -6641 19686 -11623 7412 17672 9414 -9957 -19271 1107 5461 -29455 -6771 -665 8565 3160 2424 28935 8722 7255 1034 -12738 -19165 -67 -16038 6491 -13153 -4578 -11000 -3333 -8819 10967 14652 16125 -20745 -17391 11685 27532 -14094 -15945 -18819 -10214 921 -4993 -17535 23647 -18928 -27416 18169 28511 1411 -3531 -6984 -4508 21540 29046 8466 1021 20531 -21373 -22551 12038 8943 245 930 -5728 
16295 -14539 -976 -4043 -11603 10606 5641 -22409 20573 6809 12589 10333 9243 -4750 18468 23852 -172 2943 -12546 -11665 18552 -13298 -19885 6388 -22007 -5324 -2496 -12842 16771 -24368 -2703 -16008 -4488 -10363 16402 16001 -16006 964 -25890 -3866 -29917 6849 7698 -4897 2839 -22149 -2953 -10769 16132 2997 -17826 9694 -11874 17152 -868 5054 10653 28080 -10350 6889 -26424 24036 -18904 8707 10985 -12158 12493 -15885 5333 -15307 3194 -21268 17255 -3979 -9809 13669 2692 -9089 -19597 -2780 -3050 5721 -25003 5169 12050 2512 1901 -20515 7794 
-2181 -7333 -7741 2109 3000 -4793 -6461 -7045 5547 1506 -6647 -13245 -8637 12896 -10235 -30546 7989 -17530 3440 -15902 -26111 -4970 -10672 -12791 -12567 -3483 18664 -24488 21500 -9658 10449 -10231 19473 12573 -4640 -4254 -569 16975 -5320 2733 2689 -2355 5699 -6336 17773 -11249 28082 27252 10882 -25837 128 -12113 -2691 1890 5358 -933 -10012 11788 -4218 -6931 -11003 -855 -17894 -23071 12021 -10152 2753 -21064 1939 -9024 2785 3328 4739 15122 15905 25932 -4812 -18171 -5771 -1989 5595 20441 6676 -10643 631 -5288 19585 -20849 -10291 
-14130 13191 -17325 16489 -2540 -24778 22390 -7259 28809 999 8893 -869 -7143 -24257 -9484 -28365 2606 -14043 17900 -14057 10436 -14644 -15997 -6974 12632 -6739 -3429 -11154 -11 6282 5153 -4318 -17881 -16275 -6646 -13908 19974 5030 15438 11681 4406 9426 11764 12383 -38 -30254 25607 -5619 7077 8909 2202 -13160 -5428 311 21962 6836 5905 -4406 -15173 -287 -21317 5253 -9067 16994 -1639 16822 8593 -23478 3075 -11539 9190 -12182 -11814 14593 -20772 -2463 22403 8215 6076 149 9970 13977 11482 -5325 -14691 5174 -15213 -17613 22656 
-16149 -5046 5456 22824 23543 -18582 -2799 -349 25316 11880 964 -18552 6278 -8768 3966 18933 3061 1267 8734 4759 -16492 26000 -18359 -7270 -4086 12841 6252 948 31562 -25251 18877 19753 26512 2249 11068 -4929 2653 -11232 10923 -16186 -12423 -13295 -25700 -10220 8181 14680 -20895 4363 -5842 -28740 1816 -10094 -15421 15622 -2903 2328 15007 -26612 -14398 -5738 12788 -4187 -13866 -13173 28218 14778 -11227 -12545 -17609 -7627 1715 14209 -19727 14856 -24753 -2775 9400 1586 -3953 -16743 7210 -20811 -1841 -12042 2087 -29283 -26312 -12560 473 
-8708 -4940 16319 13233 -13584 16121 11812 -8085 -24932 9097 26469 2565 4394 11430 -9643 -18228 -18478 16990 5703 -7600 5068 6537 -5601 -3989 -16034 -13629 -23742 -6080 -14638 2417 27807 12598 892 -1343 19889 -1021 16057 -21332 -13961 18844 -10515 11498 7543 4680 4225 -16377 8385 -29555 1259 14411 17134 -27588 12711 -4911 11036 12656 -22727 -12174 -2314 -16498 -10199 10454 6569 -19398 -30705 -6804 -9491 1642 -9595 -27031 -2558 13653 558 968 -10065 -4224 4024 -7085 582 -9806 -7978 13460 669 30203 12098 11748 6420 -21828 16322 
-8866 -3181 -5745 12576 23273 -29302 -2463 -5327 8244 12015 20068 -21040 -77 2885 12049 -16415 -17501 144 15659 15952 15627 -2461 19386 2832 -5445 23764 17169 -9185 8260 -13436 10185 -5508 -15096 16536 -15931 -16072 809 -60 -7379 11364 7831 4411 20339 18460 -5111 -8000 -15789 -20604 26617 -870 -26932 -13368 -4686 -2919 3625 17179 3644 22804 -18692 1978 -30862 -9749 -3043 1767 -9492 1415 9135 -2064 1301 10197 -6626 -13528 -11239 -14000 1304 14568 -8468 19956 -1384 -3945 -25521 13388 6113 -6239 6595 -2969 -13188 -14217 -11621 
-291 3385 406 9961 23499 23348 -2940 -3442 -5667 -5425 -15158 17453 -17087 -5453 18171 13364 -24916 -5424 4022 -9253 10849 -7326 8859 -5090 3879 -9237 16729 -6974 -4786 -19917 23203 -5290 21933 332 6452 -15824 26788 -22383 4816 24428 -27363 -3421 5955 9202 -2173 23659 -24736 12910 22736 -995 -9213 -6569 -12922 2096 -6896 -5398 -2901 -407 2163 -3539 -10546 -5426 -18144 3054 -6904 -12621 -25070 7361 6135 10161 16716 -2809 11971 5803 -8483 2019 3614 9929 21459 -15804 -16576 -19329 11600 480 3812 -2940 -10379 -21452 19542 
-25893 -5010 -6779 -22426 8654 -23698 -6175 -19350 -20241 -8271 -1504 320 9239 -8326 1758 24147 12903 2839 -11391 14482 13643 -7206 22326 6516 3956 -27872 -19979 17914 13274 6474 17272 -597 -13118 7367 -7607 -9834 690 -9973 12978 19283 -7298 11662 -25140 -17405 -5824 -13096 26737 -13492 8537 2929 -5557 -20896 -3214 -12560 -6971 12020 2174 7406 -1515 19017 20918 18960 17465 -4057 -20578 18690 3065 -7713 14587 -26246 8159 12614 8675 22317 -13501 -8258 -15697 -5914 -4798 -25298 16126 -12435 -20541 -22779 19645 5270 -8591 -14533 6941 
-9666 -8764 -3247 -9833 2375 -15879 2893 -8467 8350 1557 14528 -4054 -23496 25320 -4670 -22627 -21490 -14841 1009 -1055 4901 -5938 -1161 26328 -14711 1893 -9726 -21330 -19379 14264 10698 17104 -9587 -8066 6288 22267 -2449 -12236 13978 -2510 -11493 -3040 21945 -11333 -18233 -20656 -30650 12330 -1107 -11880 -16354 -8104 -21740 11927 3496 -2968 -8123 -11083 -296 -318 11668 -7139 7714 -1256 11613 1477 4488 -10906 -20218 620 -9839 4330 4087 -1642 12363 3889 5797 14481 2130 -2292 5518 -20107 -21566 -17516 4147 4638 -1212 17194 3105 
-1231 19718 -20869 -20 -10466 -5181 -16523 -7633 20759 -19015 24658 -10099 27678 23471 -13671 1716 14840 -16393 -12787 -682 12848 -2713 14275 -14032 10526 24158 -9964 -24060 -6432 -5178 11938 -18017 -8614 -1011 10072 10964 1083 -9684 2917 2177 17911 -9054 838 3206 8399 9334 -16710 -6446 22727 -966 15308 11350 20395 -10491 11725 -6639 -1003 -4236 1113 -16379 94 1714 4687 -10179 -7761 -15507 -11046 11725 -8459 12510 -9620 12242 -6171 24004 -13891 -5009 -19459 -25752 2257 -8240 -1661 -9066 1009 -7384 -15227 13481 5293 -17484 -4649 
-2430 2274 -13898 -19942 -3194 18863 -10373 -5967 -9562 8831 2135 -9525 14168 10245 -6235 -17826 4254 -16583 6088 -18137 10239 17499 -24273 -16469 22666 -11783 -7863 -15303 5592 10209 6550 -15897 2824 -19920 7831 20369 22978 12356 9945 -10528 -1738 -1078 14832 -5314 -19173 -4172 -16520 -16157 -13135 -4296 11794 -15412 -20032 3291 -9619 -12608 26519 20837 -6597 586 528 8938 20281 15298 17543 -13374 7721 -21434 -7960 8591 13784 4026 22174 -13254 16922 973 -3674 11510 18123 -267 -5763 25915 -12595 -6289 8233 -561 -17650 19007 317 
-21064 12670 12855 207 -16057 -21475 -24853 14974 -24294 10220 7094 12404 -1780 -3079 -2366 -21919 -178 8278 6137 13434 -9395 3359 -2029 15999 -21306 6520 -18546 -9541 12983 -3443 21932 7418 4718 657 1921 6550 15992 -63 11998 1135 -589 7008 -3741 -4116 4672 -12102 -4235 -21508 134 -11231 6977 -15082 -2503 8691 -20545 9020 20819 11667 -14423 -14090 18196 12397 5256 12880 11015 6389 -19031 21479 -10753 6565 12064 -17960 -21229 -10237 205 18121 -14169 -17510 -8875 4845 15203 23804 294 -5381 -1734 5320 10613 -4303 24164 
10911 -21694 21079 -10650 9262 10829 14528 -23800 13353 -4052 -18624 17241 -14004 -7378 29239 -1353 -17064 7539 -9071 30657 9243 9186 -26951 7012 14953 -17112 -4696 -8241 29980 -5959 -1569 -8324 12315 -2603 -8604 -980 -688 14977 -22584 9706 5038 -5493 -13534 -15862 -8655 -29047 -15086 12832 10972 -25897 -10048 -1261 -1602 -22884 -4387 3082 -5145 17092 5277 -23176 -11661 -3830 6851 -8169 -8822 15078 -11112 -11289 -5293 -5983 -2329 -8397 -2301 22599 5899 3468 10199 29870 -13852 7885 18 19572 -7464 -20968 -21504 18689 21208 -1836 -3852 
1407 10075 -14922 15434 17893 10593 -5194 -11673 3571 7283 -1771 7605 -10195 -25184 -1441 7592 -4896 8829 24932 30140 -9950 6190 -29632 7288 1489 -23975 27728 -21917 28307 -1491 19778 18705 -1833 -4766 15367 16929 -5424 -711 3545 11828 638 7544 1849 -15368 11429 -27791 8944 -14561 -9259 -2823 -1775 5989 -159 18289 -14859 -8306 6761 -16702 4414 -7066 -1326 7257 -2857 -3137 4170 11825 1007 -3207 -7355 -4664 20993 4211 11268 16165 6609 3483 2442 -12326 1125 -19738 -10074 -27139 4114 -9140 -21778 -4307 6000 -22315 -8770 
24467 -1951 -13942 -11970 -3873 -9458 -3969 -16550 12616 6378 -8239 13000 21135 -15441 6306 7687 -5893 19549 -21984 4699 -13733 19007 8316 5844 -29431 -7704 5108 8005 9953 -13264 -10293 9039 -21426 -713 -14002 21844 12093 -5269 -16689 -1658 -16855 -2438 5801 23766 783 28255 26177 -5113 633 14942 -14076 -5478 -1419 8190 20323 -13857 -7779 10770 3549 8171 1549 -20557 -13324 -16739 19568 -1214 21298 -5478 3827 4459 -8657 -19889 7249 6174 10113 -6925 -10551 -8810 6353 10626 -3296 -172 6601 13763 22440 -20190 -228 9541 6969 
-23534 -26233 -4003 9266 3450 -6964 807 -6277 -12797 -10568 -2933 -14460 14481 -12770 -8907 -27836 -1705 -24100 -12646 9529 7376 20434 -5638 8815 -18754 19438 5979 -9868 10537 -4315 -9078 16734 2915 1648 -11237 -26416 -20216 468 17517 9454 20726 17245 -10585 4202 -13221 3615 -4682 -5507 5540 5429 7503 -14876 14223 10947 16623 -2073 -995 3828 -19745 -2216 13205 24318 9001 -9331 7051 9242 3750 -1179 -6695 654 22000 -21429 24479 2212 -2959 -24276 -18359 7600 -10412 -5761 -6009 4367 21647 4165 -18092 -14044 16865 -9464 -5392 
-28068 11214 10452 -1050 3624 11429 -3773 4103 -15867 -7299 -7307 -2193 18038 2865 -23280 21884 5643 12647 -20156 26587 -942 -29297 -10295 -4738 9450 -2083 23520 11675 19062 79 13136 -24904 1442 -23124 -6807 -21093 15393 -21376 2562 9304 -20560 5665 -6021 12616 -21230 -18514 14011 3598 -9453 -3830 -1995 18066 10629 998 -803 8200 -8122 2742 51 8167 20025 4025 -6078 13042 -26549 17396 -23401 -3019 10348 -10699 -21174 5116 15516 -5616 8699 -8472 5596 -20762 2258 25812 -14534 5849 11646 -16401 9416 -21029 -24519 -1112 -11613 
4253 -11072 7096 -3092 929 -7845 -15581 -1582 10793 24027 -1230 4743 23878 25241 6775 14408 8909 10098 -13365 24663 -15269 -15664 13646 -13821 1621 2208 -16528 28058 -278 2396 -1061 2942 3344 12547 -21361 -9456 -4220 1565 -5432 -9798 -1076 2235 -4588 14834 -2762 12657 -3260 -3531 982 -28572 17265 -5116 -13427 3126 -9473 -11541 8957 16667 12435 895 -5480 -55 7203 -26020 912 -4992 -8729 8995 -6428 15880 17761 -6269 -9125 7345 -1956 24111 -11903 8530 -9753 14818 -12116 29771 4446 -26528 6138 3205 -20125 20852 -12205 
3694 -291 -6668 -7072 19198 -10239 3769 30618 -8522 -17594 -5207 -704 -3940 -4497 -11603 -4266 4416 -14969 16059 9640 -17988 2526 -8496 -13106 -5458 270 17644 -731 27452 5114 13597 -3628 10266 5578 -27527 -8249 -19844 -21774 -2025 -4940 24355 20521 -11235 -14823 1368 370 -13640 22588 -8727 280 6936 9516 558 -16725 12414 -17475 2824 -8700 -11990 -12659 -12323 -8632 28008 -5374 17821 24796 3726 -12215 -574 4216 -6667 -6567 -15030 10256 -1022 -11025 -7236 6633 -222 14992 -1495 -10612 12998 909 552 13257 -404 -7944 -4902 
-3138 7320 -8271 25060 -5175 -5677 8027 7802 19347 -11340 10599 -2991 1042 26579 -6134 26791 20092 729 -17087 -3255 -11435 -24723 -17966 23937 -3739 -15035 -2998 -16084 9406 6172 0 -22618 3515 1717 1040 -14121 6142 6622 -3486 -5585 -16016 -7318 24226 -8792 321 3380 -2744 -24384 20204 2078 4751 7038 -14027 -9448 -1666 -141 -734 4627 -21788 -14665 -13048 19723 23635 21223 -2177 -4348 -28882 11312 15976 -4853 18325 24636 -21008 15665 -7301 327 900 -6765 4498 -15088 13537 -21673 26713 17371 5897 -7771 -25319 22396 9540 
-10061 -9510 6731 -6107 -4932 -18060 1572 -891 13571 21637 -19597 -17784 -11561 629 14371 -877 -8056 11118 -22864 1628 116 16489 11543 3034 3070 -11742 21473 -10158 25232 18461 23838 5451 -10078 14252 -15513 -20072 -14675 -9503 -10023 -6062 14387 10140 1565 -6181 15043 1666 -22173 6364 19695 -22015 -27295 1353 -4779 1356 -20392 -8359 -13931 -7322 -19694 10384 -29346 7696 2010 -1866 20834 -2853 -13940 -6946 10845 1051 25220 1633 22547 -9233 -13392 -24093 5201 -18629 -5255 -4535 489 -11603 5337 -1079 15286 -7235 9809 15067 926 
-20570 -14104 9025 4491 -15760 -12498 -1274 626 -14873 13369 15737 -6321 -1886 -17749 -24009 -3036 -15106 11178 17438 -12545 -2016 -18967 -6053 -271 6391 -4965 -6817 -1256 -8391 26242 -22045 -9832 -13724 -792 25575 7834 -10053 10905 18361 11091 24141 2799 -2327 19713 -1036 -1847 1871 -5146 -18871 -12912 10766 23117 -21326 16432 -3439 -15477 -4003 -7130 15752 -17669 -1214 18541 14318 27392 -14564 -18799 1539 -7160 1139 -28258 2642 2949 -3693 21805 -13139 10995 -11885 -19360 301 7895 847 -10020 -20683 9659 14447 -15919 -1940 -12492 -13216 
-15624 -57 2782 15191 9104 -3970 -10405 14673 -8863 -23277 4439 -5864 -1093 -4529 25223 13108 6772 -1467 -12121 15614 1262 23374 -4999 -108 -2800 12046 8395 -294 -3510 -6804 8558 8319 20626 -22630 -1471 8952 -12436 24337 15909 -19323 22745 -9066 22022 10792 -8080 -24782 -4134 -10574 25155 15154 3482 439 501 -7882 13388 -363 -13905 1308 -17669 25457 2332 9487 14777 -8133 21622 12417 -26458 -19032 9087 3883 -16672 -13260 4220 18447 -7785 -5338 14141 18550 29436 3980 13339 19187 12623 25402 17142 -8607 -10800 -11310 -460 
3295 -7221 18869 -16954 8919 6037 -236 -27100 5628 -2678 -2334 -2229 3144 -1780 -27680 -5178 764 -7288 -12400 -2140 5537 11121 4418 6012 -6902 2884 -23283 24429 7761 12419 21195 -17885 8662 2748 5414 -14392 19012 14977 -3960 -8937 -11379 8302 27177 -23984 -7701 3111 7943 -11718 10461 2905 -1305 6435 12848 -10059 3925 5093 -15115 -5383 2730 28383 -4987 -23576 -12541 9465 8065 8013 10563 -8540 1750 8701 10266 -3883 25777 -22316 4861 -1011 7056 6067 300 -21675 -10956 2186 4265 -27845 -13915 -17846 -17082 -20265 9779 
8174 22420 2248 5245 3965 7156 -6599 -7837 4350 -5748 14806 -15348 19850 6471 6362 17642 7738 -2850 -9213 -15172 -17615 -12851 -8552 9086 2717 -19366 23914 1916 4015 -12654 -2607 -15288 -1627 -12469 17579 -7749 21185 3364 -23199 -15625 -12463 -18046 4323 -4762 -17240 -18541 7337 -4167 -28639 4938 6577 -5909 5663 -26517 -11388 12093 -16112 2421 -4302 5944 6244 30392 -5549 23215 -14437 13646 -17914 8124 -13000 -2544 2546 8128 -13884 -860 6983 -4508 -4394 -2439 -15425 -8036 3591 -3644 3223 5022 -14339 -2940 -3687 5104 -9374 
13182 -16365 -23461 5098 -5825 5597 9452 22866 -13026 89 6658 -8610 10807 -17557 -11458 -4136 5746 4229 12935 -7276 -13955 -10849 4882 10094 5066 3127 -12201 -4021 -2661 8278 27928 2325 22001 18316 -9632 16832 -9823 -15 -8578 -437 -9670 12067 -25586 -6731 -740 -7860 -18191 12555 -5522 -22501 -23216 6754 9243 6598 -32098 -5161 -803 -4081 10900 11913 -20690 -14531 -10699 -1622 5204 -738 -6966 -7832 -1185 12300 -15645 1539 -24541 24039 -3748 -15684 -15810 8982 11350 -800 -9194 6537 -19908 -27965 31191 -10313 10941 -5441 -20356 
3999 11733 8761 -19267 19914 -5434 23709 4642 -10167 28439 12896 505 -21070 3485 -16388 -7593 -23515 -6800 -11021 -13029 10312 2290 17107 -12566 7247 17612 19505 15921 -10513 1778 13223 -19929 -15768 -6756 -5415 6600 7041 17994 -7820 -3363 20619 9418 -3031 8432 94 -1492 -1100 -7079 6488 17352 -1060 -3786 6243 -21950 -3478 -22933 26606 -14206 -14798 25766 -8464 4795 22033 1374 -8215 23910 -22550 -3631 6112 1094 14248 23043 -8857 12642 -6591 3012 12179 17422 2222 -5721 21766 -10267 -26891 524 6887 -5178 -1249 -14824 13286 
10459 67 -8007 14137 -13927 -7813 -21084 16290 -24395 -1813 -12201 -21911 -16332 3775 -5352 -2469 -16289 -14294 -2572 17105 -22841 13928 13762 -4435 -4793 1470 21278 -10412 10494 19574 4465 14261 -11941 -1563 9702 10059 9994 -6810 11892 14612 -17655 -676 -14120 15000 5526 5685 18838 4839 -705 -9884 4864 -15976 -8749 21602 3113 -565 -12436 10168 14319 29991 -17043 21996 -5128 -21793 11644 12950 -22606 -2393 -22894 -3760 2898 9151 -18463 -11073 -4394 12273 -24593 -627 -26363 10892 4996 -9874 -27030 13158 9395 12830 12380 6625 -13866 
-9118 1019 7141 1166 1796 14634 -15136 10436 10713 -9831 27849 -15444 5307 -14405 -10461 8893 7825 21967 29170 -1350 -3004 -803 13513 11949 1992 -19536 8126 14056 7961 26076 -9614 10244 829 2756 -3317 -9756 -12484 -9077 -17094 11952 24363 12060 20789 -1574 24359 -6350 -21825 1821 -1452 4423 -6115 -16005 -22052 6306 -22241 -1477 -23564 7761 3614 -12302 -5418 -4055 -10503 13687 -1080 8137 8728 -26385 7700 14741 19307 10944 -11761 7100 27496 17566 -8171 -4812 -2541 -3965 1927 13498 -1553 4016 -12843 4052 -242 8622 -4753 
2512 1543 -21679 25809 4803 9978 15791 -23164 5771 -12145 7470 -7411 -19506 -22794 2165 515 4858 742 8054 9985 23875 -28512 27244 -6740 -11349 3817 217 -28753 1522 11796 -12155 -23621 10667 3831 1155 -9072 4392 25074 3115 -8208 -15735 9710 -15838 3494 -20813 1880 13134 -4472 2131 -8405 1507 17263 -17695 -11803 92 -19391 407 3724 12406 -24856 7805 11699 12865 -31144 12642 -20366 5897 8589 11994 8036 -5012 2701 -2236 -13898 -7350 3423 3524 9236 5836 -26851 -4279 18360 -3227 -15139 2440 4450 15821 4805 -11776 
-8103 -17910 -21759 -779 -2709 -3487 -11067 21621 -3598 -24986 843 12120 -2354 10737 1242 2107 -7322 -9177 -11845 13441 13480 7791 -1214 15195 1039 -7301 -17716 -13123 9881 -20922 8378 -10138 -5171 14608 -7300 -15143 -836 -17306 20098 18022 -9474 -10730 -11958 -10715 -79 4155 -20904 -14097 6782 2104 18997 1644 -3947 13749 6775 24585 -9298 -11867 13497 2047 -5881 -8894 -608 10311 -26518 -14068 -2090 6570 -17627 15310 13072 15028 -3312 -1638 -9462 -6468 20875 -5431 -6522 3295 5758 17149 -6575 -6397 3930 -14303 -3011 -12074 5652 
14691 16936 16075 12334 -10685 -14089 -10970 19886 1404 6034 7910 -22489 7196 16879 -6946 16811 -15245 -4086 -23391 991 1307 3300 10123 -279 -6153 5516 14790 -14216 -16079 2069 317 -1339 5687 -3431 -2905 -11378 -23352 8765 -3456 -3299 2529 -3538 -2032 -17600 2254 15005 -1948 20047 -3551 -8247 21328 11819 10931 243 -5003 -1221 -11609 18280 -7626 21357 3173 -10883 -6975 20796 -7264 -10870 11533 10917 21583 10485 5080 -4045 29113 -18645 -14170 27634 11620 23709 -22329 8316 -16861 -1590 -18866 -6160 9998 8756 -20709 -19722 -8566 
-5274 -15406 -6212 -27330 -9228 28385 -7939 7451 -1413 -5246 -29448 28766 -867 -13140 -21390 -10105 5640 13352 -20035 -19104 -6290 10629 -16463 -7174 3467 -28391 18604 17839 -12252 -15619 -12903 -6366 -3837 -15845 -17180 -14533 -25859 -27871 29061 15916 -3860 -19583 20992 1136 -17226 12412 3929 -9782 -16826 -8679 1056 19518 6798 11808 -19601 7973 -5491 -22738 -6174 21011 -5564 -1125 -3420 -14353 18368 16527 2659 3548 4629 17656 -13736 -15790 -14242 -30577 -11966 7175 2239 21193 105 -28416 -8348 -5644 -9572 -25212 -19071 -5607 820 11044 -8113 
-17391 -8944 6076 -12266 11383 18839 -9105 -8417 8881 1979 -11101 16574 30703 -19725 9484 4176 28197 -7619 17058 56 -14573 -6367 6571 10465 -1221 -21327 21675 -2110 4333 13954 -15495 15953 4927 -16457 -7638 -7912 10510 -1548 36 9885 -13312 -5012 1806 9848 8066 -3371 -7718 -10172 -6196 23663 963 -15709 8409 11009 3914 19009 -19087 -3618 -25287 8403 -10721 21721 9120 -11243 -4037 -22698 -803 -822 -15133 -21702 3726 3517 8186 -4107 -28515 -15676 -20685 20863 -3011 12215 -1794 -26790 27367 -4227 -3173 -19572 -29345 -3327 -17391 
-24156 8874 28725 -4820 -6727 1822 -3815 5763 -21651 -19628 685 21362 1255 25387 1021 546 18902 23759 5405 6782 -27019 -10315 9770 -23236 -5506 912 9800 -11558 -6083 -20633 -11615 12958 13184 -28543 9577 2455 -3935 10608 -6947 -13928 -7299 -12017 21055 10304 -20866 -9857 -1827 -10762 -20078 -10455 7433 -11033 2351 1984 19231 -4089 11610 -9922 1668 21013 -20328 -28444 6305 15512 7926 4666 -20 -8483 -751 -14826 -287 19705 26372 8589 -13564 5834 20347 -13050 -9250 -266 24226 -5338 23044 -11796 -3788 -32 11795 -8993 14190 
-2192 -20560 1230 -3046 -12970 -2941 -641 -9338 21338 16192 8320 -28021 6288 3751 -7129 19846 -4014 -13192 -3440 -28829 6465 -25472 -8028 2190 1095 -13422 1292 5634 15253 -8567 -4286 24636 -5722 16715 -382 6725 59 -27195 6353 24748 -162 -23833 512 14475 -9120 25516 -11615 11903 2267 13852 -28908 5554 6578 -21950 24188 -6446 3597 -3794 -7734 -16617 13918 -5120 10930 -191 -17567 -9511 -11597 -30054 -15083 -21529 -19949 9709 -15930 -5541 14043 -2410 19715 -12941 -9241 8561 13991 -6286 -16430 2538 10710 -2909 23553 -20241 -3081 
-13732 -9307 13301 -5187 -6666 4783 -5120 -2015 7126 5344 11413 14180 -6552 -4930 8901 17937 -10976 -3436 -11224 9723 -25734 17274 15835 -15045 -16392 22605 5002 9519 -5337 -17228 7778 -24186 -10599 26139 15387 22319 -9235 10936 -522 11108 9156 -10101 26553 -3416 29899 27733 20149 14275 8887 -5974 -10045 8904 7488 -13094 -25792 16 7981 11270 -9708 -6339 -695 -7149 -6480 569 5479 -2898 7947 -3018 -8860 -2481 3237 24748 4643 -20175 9095 4704 1679 -11172 8511 16984 4765 -13156 -29722 -279 8776 15238 -12005 -19797 -7020 
3706 1285 -13440 6797 13726 -16042 401 1607 -1314 9283 -16814 -1571 -1807 28556 9081 1650 12884 18300 -19955 -13516 -14259 4577 4435 -7083 -11799 29969 -2594 -1520 -11520 -2322 10377 -4180 -11476 15327 -21129 12913 -27434 -6700 2830 10422 -5077 4930 12545 -16171 13856 -466 -181 8241 -4237 -17636 -4818 29239 -5206 6172 20529 22364 11284 7110 -15575 -3047 -10556 9275 11566 8179 -12902 9761 -5982 -19338 -6853 2986 2606 -970 15379 13195 18373 -15922 12635 4102 -95 -287 -1009 -6686 -8381 11037 -7690 11118 10868 -21707 3738 
1923 8775 -8222 2646 28799 3094 21738 -11964 -5300 -10110 4124 2635 -5543 -5516 71 -8679 -13155 -481 3143 -4572 -872 -20484 16897 27559 -20654 9165 9570 20139 -15526 -13412 8029 -21249 -16439 -12613 3308 12595 -3267 4290 28179 -20053 13024 22676 13537 -6263 14688 5981 -19352 17850 9718 -12404 -20543 -4105 7009 7130 2322 -11843 -279 -10676 4232 -10928 -10402 -8408 -3242 -17729 -13289 1026 19125 3806 -15372 1715 19181 -15794 9308 -15265 4679 24689 12353 -917 6168 -6535 1817 14221 15291 -17831 17379 -12610 -3180 -15921 15401 
4670 7183 6495 24313 4249 -6496 -5285 13292 -610 -5951 -6443 -1503 -18070 19191 22189 -6335 -2213 6095 -10103 1658 1311 -21797 -19500 14211 -20059 -16458 -12090 19870 21541 8454 20316 -12653 -3290 30581 -16803 -11857 2925 -18246 -3500 -308 -2290 -18804 -871 -21174 29794 -12878 16970 -23794 19724 13557 13131 -3190 7413 -5075 -24244 -330 -18097 -13518 -18751 4113 14225 -20247 3559 7587 5249 -11714 -6203 9980 -1241 10532 810 13362 11220 919 5033 -2840 801 -19811 -10078 -189 -24332 22845 -11206 12020 -20622 23439 8799 9265 -13809 
-4691 28613 -7491 1155 -15684 4333 4317 4562 -9242 14618 -10653 2885 -2209 20827 -9309 22381 -24732 -4217 -6016 -20186 -9928 -4809 9057 -12658 -3034 7894 -4042 10258 -1917 10895 -4233 -8350 13994 -167 7457 18040 -2560 -5135 4031 1687 17390 21980 -10399 26439 -7445 4202 -868 13659 -9872 21422 8081 18925 8451 21384 14055 -20130 -2769 -2402 -4399 -3498 -15736 -21155 10243 -2869 13734 26871 5822 2290 -5580 -19854 458 3665 14806 -7796 8567 15022 11079 29652 7836 286 318 933 -20070 6393 27006 24343 -7849 9440 -13351 
-16620 -7612 -1601 14618 7749 5464 -31288 -1500 12324 10003 -10383 16087 -2066 -12674 -15233 27936 -90 -21465 12538 4084 12060 -14041 -2507 -6581 17126 13851 -5686 4652 -7326 18990 1178 -6238 -9292 528 -22065 23487 -3893 -266 3545 5026 -10147 9632 15731 4973 -12313 -8870 17569 3403 -11346 -4369 -2645 20592 -2623 -31816 -12255 22553 -11019 17556 2015 -1398 13289 6382 11270 -18420 12290 1460 -4608 -22026 6254 11355 2174 4513 -6878 -5657 -14724 1907 19931 5597 10808 18901 290 -7857 -19392 11325 -1214 -10798 -13727 -22999 -687 
-2936 16056 535 -23506 -2793 -2393 11414 -24707 9392 12758 9019 -30547 -6902 -3783 928 -9741 19302 -505 14952 1357 -8310 4291 -11711 11138 -1337 6200 -7459 -3297 -14603 -24458 -24584 -136 -8845 -9769 2134 1965 1576 16380 -19261 3491 5765 -7981 -14574 -19192 -3966 -15480 -1761 14928 8605 -4200 19406 2492 8672 5060 22028 -2480 13017 -13034 13259 4312 -8544 3551 5383 7916 5845 9402 -4923 -19990 -3167 25478 -16370 -8714 4786 26225 5369 4351 5697 -1301 415 2491 -15346 9900 -9433 -4441 17501 -12616 1209 1289 259 
-425 -8566 2030 9300 -12771 -11049 7981 14385 -5407 3811 -2461 -6909 -17210 -16901 -3082 20664 11829 3183 4116 7625 4835 -21344 -13390 2613 11973 2030 18318 11907 -8926 3525 -1234 23748 22397 8857 3040 8081 7342 12007 17337 22790 -2099 -12749 -22375 462 -22727 7687 -19677 2071 9119 11512 9668 -12645 1775 2464 949 -13417 4964 -3675 10226 18386 -9601 -24398 -959 -16991 1033 -16517 20527 22485 -19179 -3398 -12268 4308 5884 2611 7179 -3711 -415 20404 -260 -4017 -19923 -2544 17810 -4044 -11631 10274 13637 -8273 24582 
-18482 -23724 -2102 25167 -4865 11200 6931 -20615 -2901 2140 -11101 21200 -4149 1978 -2279 5105 8804 -23493 -9315 7613 17026 15104 16606 -15010 -6342 -7427 18964 -3771 6051 -7198 7681 8237 -1561 -13008 9706 4119 8750 11564 -4961 1357 428 -6173 7544 12639 -2659 -20947 9047 14890 -2490 5285 -6239 -7986 -6671 -13645 12614 -14155 -14 29057 -23616 -8561 26533 4875 24074 24408 -10383 14600 -17998 -174 -4164 9220 -22076 -20218 9725 8775 14807 3140 21423 1772 -21234 -10968 -6825 16588 -17138 8979 -22144 4497 30982 -22608 16316 
25764 17585 5613 10153 -14784 -2226 10504 -4118 -1441 -25948 -13438 1323 -19512 -13823 24098 8479 -5367 12605 7932 22914 -10888 -21571 -20373 -12518 -975 866 -16370 -849 -3301 20384 -12849 -23016 12260 -2963 4832 -6355 258 -16055 2236 -7467 9393 12347 4134 -28164 -6 17621 14371 -19821 -2649 2861 -23286 22166 -8880 14051 6000 -27891 6737 -7648 4923 -12545 -11565 27793 9874 12929 -14655 -1423 -12056 -19023 18128 4988 -30217 20400 19328 -7682 -5954 17834 11286 4548 -5494 6613 -2655 -12506 23018 6763 -7692 -6652 -10820 -28495 -4433 
198 -2018 4079 5174 -30884 7546 -7042 7352 -25027 19331 8884 6955 17768 -18380 -10757 588 5991 -3893 20410 -9311 10314 8404 5737 7799 1190 31009 -2945 9957 20636 -18739 10115 19655 1748 18997 -20736 6854 -10370 7687 -17527 -23218 10065 -460 15802 402 -20850 -24842 5431 -9068 14331 17355 -8275 12823 -23 1667 -6194 9131 13102 -16851 -19370 -4188 -29138 1568 14087 2079 7115 25856 -25678 -13820 5241 5048 14117 -11265 -8913 -7047 5696 -634 9834 -13892 -21275 -4647 11062 -702 9470 -11526 4128 -14569 -12927 14522 -7616 
-7029 10602 -83 -18888 3897 7868 -3022 -6357 9216 -14973 1389 -2611 27150 -10542 7245 1876 -1581 -17466 4743 1152 17414 15488 -13926 -10086 -18258 -12496 -7734 20591 3599 1798 4390 -26277 -22593 9024 6787 24632 7573 15905 -7039 -28556 25269 -25610 12418 13049 3208 6671 -3657 -4798 -17983 -16948 17427 8271 6485 -7281 855 10149 4491 3522 518 14424 1772 -11299 24686 24572 -15545 -3753 935 9139 -841 -2888 11404 -16604 -865 -29048 -20795 893 -6488 94 -14401 -10631 -24637 -21548 5549 -11946 -10966 -15987 -20847 -37 9055 
4149 -10449 16217 -8915 -3198 -9708 -16984 29347 -7378 -362 -26586 -2019 8702 8148 6844 -12995 3259 -7245 -24868 25578 2363 4577 2680 10073 5466 2771 -4331 771 -2565 -8505 18616 2471 1545 1220 -8973 -17326 9593 -20074 14810 -3755 18501 20178 21777 -9399 9588 4569 -13633 12303 1552 -19761 15504 -4141 13354 -15454 20671 19460 2531 -22778 -12019 11871 -24485 -22661 -5697 24546 7869 11845 2212 -12323 10560 6771 -9193 -1318 -4065 14298 -3594 29110 -8549 -10726 -2392 149 -5628 -105 5150 -2593 170 -12163 -3888 2372 6378 
-4667 20156 -7488 24616 7209 -13715 -15979 2513 -2253 14830 -15541 -16808 18477 11227 -13643 10807 -719 1618 1771 11507 16408 -14853 6736 -22503 11658 23812 24975 -4550 11254 12841 -9575 20978 -7536 16293 -21593 21737 -12202 -11709 19002 -2361 781 -6063 -15842 -23487 -4539 12456 7267 17936 25169 -22104 26210 -4101 9042 -8139 22720 12237 8235 20163 7781 -934 18827 23625 15233 17532 2280 -1209 5265 7705 -10370 -5949 5459 5404 -2731 2893 -2091 6776 -16327 -3586 -21658 4905 -21824 29555 23455 1845 -11446 27865 5988 28834 -17671 
8412 6111 10891 7357 14003 10111 7 -7092 -9952 10495 23354 -15068 30057 15971 5203 -3704 6752 4081 -8063 29064 -2212 -19650 -7932 6651 -1221 12833 -11746 9084 4965 12733 -9702 -7822 -30003 -18051 -1972 6411 2277 6673 5137 -1987 12466 -2957 11212 -21307 -8261 24805 -23574 6952 3341 13809 -18980 13749 18497 -4246 -225 -3198 -10119 -19097 -20424 -6292 -1190 842 -9295 -2279 -15340 -4417 -6882 12790 6752 -29000 4125 18489 22908 620 -20657 8674 3892 6237 -3232 5556 -9518 -27305 -9722 16445 27696 -25749 -17158 -1322 -23888 
-20238 257 -3432 -13257 -6259 -6936 24427 1077 8999 -3967 -9474 12963 242 935 22468 11008 -8600 1345 14333 -5291 73 12855 1198 -1233 22943 3200 17572 27303 -3393 27157 -3210 -3744 -4032 -23555 6273 11644 -17917 -6848 -534 687 -15821 6643 1953 6447 -5054 -461 10842 -836 5096 19748 660 -9314 13353 4079 2963 26020 11854 -29492 -2458 -13528 -20246 -10766 8418 23558 -16685 -1880 -21338 -14678 -10707 19512 13846 -2303 14179 -7945 11106 5507 -13274 3904 17277 -22991 11886 9847 5415 -14447 20350 15368 19940 4531 16096 
6758 2309 5424 4455 20494 -14692 -1497 -6101 -8573 648 -16574 6028 2385 -5266 6316 -4551 -15093 -17985 -4320 -25569 17996 9900 -291 14712 -20292 823 5803 28103 -6655 -4317 -2342 14039 -2861 -20480 -12222 -12358 -22547 10273 -7359 -18489 -19184 -4698 -16703 -9824 3082 372 7983 21041 17838 -22984 28036 -10325 13018 -10391 -8638 -16249 2927 -8124 12399 10886 15706 4814 3226 -15948 -9328 7895 986 10081 -21238 2292 11986 -1753 -9267 -15999 -4952 -2072 17379 23461 -15861 -12593 -7580 -7090 -10189 -1460 -7063 -9935 7135 -12518 -10731 
-16435 -934 8504 -3691 -9114 -13711 2804 3612 2316 14204 -11300 12007 11410 -2980 -2099 -19909 20887 -3976 19940 -24481 23938 -18241 -12399 6825 -6272 -2391 -126 -5514 12165 3894 -3920 12330 -19117 -7697 -4768 12847 -4246 10210 -16871 -13317 8732 -3417 4268 -762 -10626 -13473 32565 6103 -3732 -3664 -18664 -28422 27276 15051 -16392 28158 9039 4199 25291 -11130 -8729 4036 12492 -18128 -11180 18603 10874 11946 -4262 -25493 1697 -11096 -25207 -17190 6481 -6426 18996 -13478 23267 -5083 -2948 6097 3837 1333 26178 -80 2947 -9242 2874 
-4881 8107 -19946 26580 -2804 -25874 4263 12370 -26607 -3061 5766 -73 8076 4111 -6233 11987 7573 10570 -17402 19256 3021 22102 3748 11848 2651 12567 -4975 13350 16109 -25164 -7204 4802 -11329 -20065 4773 20687 5772 -17773 -10738 23757 -18529 -6769 -26301 17409 10437 1505 17525 -30343 7257 -1000 -13338 7434 9273 15629 -8492 -3502 -3891 -1818 -18803 14262 -20476 -7673 1380 -21145 3159 5158 1461 -25512 19396 6971 10469 -4795 3797 6792 26205 -8265 12184 5015 10901 24827 16549 19770 -6650 807 -21474 -9590 15411 5143 -3417 
-15895 -11607 -11148 2674 17407 16380 20134 -8648 -15677 -25913 -12822 -5067 18537 -22354 -2759 1331 11894 11612 -2470 11139 25777 -9850 -5926 4602 -10191 -9753 -16112 -17669 -1463 1603 -6374 14186 -6240 12391 -4644 1465 12061 4900 27140 4320 -18188 -7848 -5878 -12449 -12900 -2842 2089 571 15576 7609 -21655 -27641 9394 4294 -11114 6104 -10117 -2296 -26041 -6064 -6194 7300 16088 -6507 -14963 16196 -6287 -9895 3807 -419 -3329 -5166 -3527 26857 28981 -13120 -18861 -21233 14742 -4757 -7889 -6408 -23963 24737 -234 4056 22446 -9794 2459 
-29460 21064 19357 -4456 24181 -4397 10153 -18642 -4414 9394 -17199 20165 295 -8939 13963 -5613 -16132 -5649 15322 3598 28839 7424 -20924 14073 -18281 -308 2262 -24736 5689 9635 -8404 9999 -5362 11415 -924 -9690 11158 -13684 -24025 6146 -20894 2337 -6238 -9648 6912 7111 14478 -25598 -1777 -10571 -3028 -8114 -8397 -14874 -21436 -9799 -15850 -7135 1059 -20212 -7316 -3597 12195 -5032 24816 -4940 4643 -2568 -7318 9599 -629 17292 -4703 -1988 4426 7424 19306 8855 -18086 900 8354 15110 -12999 14482 6189 -14392 -12562 -6931 -19723 
-2590 -13815 -8291 14061 -4063 21154 5365 15893 -10723 -23461 3470 25964 -11471 -7847 5451 7168 -10877 -3763 595 4581 -6909 109 7195 18230 6757 7803 -23972 -17640 13863 -577 -3051 -17739 -10353 -11770 -10605 -12223 21419 -12373 -9113 -11783 11344 19082 27752 4383 10013 -2801 26813 10497 1142 16166 -2612 -4623 -10612 -10934 -7864 -949 -1968 16248 -22231 -6285 9346 8249 8882 2262 -21334 5021 -16018 -4379 20497 -20932 -467 27677 -19758 7219 24072 17923 -2873 -8147 -26266 1058 -5993 -19878 -7447 -8435 -5456 -146 20103 -12447 -10169 
1965 22649 15551 9818 7643 3140 -13097 -26448 1611 19373 21080 6357 -2604 13766 23553 11551 -20268 11757 -7273 4013 18996 704 7394 -6812 612 13610 -6982 5361 -14756 -8355 -12298 15818 20121 -17455 -9603 20270 24102 -13237 -18887 -16605 8594 8400 14877 -7819 11765 -16713 28968 24249 8173 10133 -13988 -13488 -9564 80 -7483 -8611 -6456 -10224 -394 -14129 -3695 3909 3467 11355 -5185 -8532 -8151 12927 -14180 -444 -2950 17282 -8973 27736 -6733 -8848 24095 -11141 -1266 2848 256 5763 -10543 -1233 -18179 -4715 -15032 14082 5892 
14106 11203 31176 18574 -9789 6049 10103 -18785 19595 -4794 -7219 17590 15794 -18659 18766 -20500 -9787 5272 -16311 3537 -19821 -14026 -2605 -5237 17972 -5257 -3381 3261 9742 13290 21204 19096 -16951 -5087 7008 4821 -17834 -583 -19806 1716 4335 8532 -2409 -17924 -23016 11679 -3065 4604 5270 1614 15741 -15219 5246 -21731 25170 30476 554 -6450 1443 -666 1340 7725 5460 14597 22428 -16624 8467 -26650 11388 -12463 20823 13187 14167 7123 -418 4073 -11538 1923 -6355 -1370 -14260 -1451 2191 2512 13760 -4028 5151 15112 5605 
-22444 1847 12918 -6498 -3183 -7681 6603 -4076 9230 -413 7996 11192 7144 1817 5260 -13499 -958 3744 -20993 24507 -3001 -14786 -7832 -24474 -20436 -11010 -6884 -11819 -6099 -12616 -12547 -13083 3979 -13559 -11407 9653 9109 -25513 -23446 -3407 6814 -22832 -4003 13192 -3327 22376 331 -10186 25120 -17695 -1091 -6148 9067 13499 15809 -14236 -6316 22087 24048 9279 -7595 -10851 -13719 -3416 -1037 9366 2003 -25087 -25157 10202 4191 -13582 8765 -29222 -11578 -16531 -7142 17859 -11963 -5716 -4878 5788 -8028 1841 -15247 -10714 1844 -5176 -8372 
16367 -1075 -6018 -20930 27726 -15154 -11599 19722 -6303 -2274 11007 -11904 -6132 5423 25686 14957 -22786 3574 19172 -333 -10836 -9226 2854 15410 -19115 17458 22747 1750 -12803 13632 -18928 22419 -14988 17970 -9711 -25751 22092 21931 14460 -7595 -6425 -14125 10292 11877 -16278 -5545 -21919 25263 -6720 -5776 20850 -11698 2720 -1825 -14298 -4254 -21878 3563 -1926 6684 -16447 16227 21178 4013 6739 17568 13433 -1710 -10472 5250 -4209 6989 30378 -23441 -3811 9195 5235 18263 2191 6784 15773 11442 -12652 -4504 -6111 -127 11304 9732 -30276 
9547 397 11714 -12559 7455 -4789 -14568 29199 -362 13109 -26755 12846 -26416 -15515 22390 -5590 12658 -7878 8595 -14423 -7248 -5535 -7838 8729 7997 15819 -7549 -3665 -14499 -15695 -106 -6551 -3628 3989 -3766 7949 17909 12607 -17071 41 -1130 4550 -15000 -21742 31253 -129 -2479 5350 5983 -11252 5849 -17012 -2335 15192 -18731 1712 2192 6806 -16866 10952 10223 5949 7064 21523 -9466 -16879 5170 21397 12642 18969 12764 -2018 -15586 2987 -11628 1346 -12330 -4258 22364 19039 -587 9490 -3262 -9828 14441 -6412 6743 24291 12331 
-8075 4281 -26896 -1861 13646 6539 -6598 18527 -22398 17913 4107 -10520 25431 -7112 3441 -9043 -9115 3712 1087 12686 -8576 -9704 -8683 3059 12236 9801 -169 -8244 -10059 -29844 7732 23952 2792 27093 -18013 4416 10339 6383 12381 8545 -5530 -18909 -2066 11782 10362 -27676 -3169 -12346 16242 -14163 -5240 -18753 6247 -8700 9094 -5734 -12356 8051 -28096 -23417 -999 2446 14369 -10179 5488 -9996 5729 -14084 -1027 14659 17917 19851 7999 5164 11963 11837 -15102 95 24106 9190 -4011 -12134 -354 -2329 -5996 -15712 -4556 -16854 24671 
-12740 -2604 -16869 15522 5187 8234 26545 -1138 -4720 -20307 30576 -17508 6663 -17766 -19360 -7539 3988 22519 20236 -7059 -5844 146 -8048 10892 -2616 256 2441 -25979 -6292 -28257 -20191 15672 8742 3477 -7163 1488 11016 -13872 -11408 -18240 -18641 3078 -3041 -3393 23228 8626 15706 -12336 -10273 5919 2036 -19906 3528 3669 3393 10648 1973 13870 1571 -1607 -21526 24902 -5631 -15931 2736 15619 -12854 -15581 -12963 10386 -7434 18565 17740 -21525 5765 11494 6882 3785 -12288 646 -25462 -28749 -12171 23025 -21065 15094 12667 10488 21988 
-7766 1077 20914 -4200 12458 4169 -13945 -2213 -6242 13030 -8166 -1340 12272 24004 9823 10091 5083 13859 -2670 -1543 5466 -11315 5682 -29419 -6861 8205 1802 2164 -17932 -11073 -7123 12243 18161 6976 28145 4597 21321 19321 12284 22437 -3867 -13604 18485 12985 -11411 2907 -12849 -4853 -14502 10875 -10174 6015 -14103 -20414 9810 -9984 -17631 -4545 -6904 23938 16077 -374 5813 -6909 -22138 -7483 6644 -3452 7335 17171 -12122 6930 -17320 -13015 -6411 -2880 1668 13114 -17838 9643 -13852 -13557 -8073 4854 15604 19679 -12696 12236 -19206 
12936 8042 -5021 -765 13917 -1005 17651 -13082 -3520 8507 -3901 -8127 7829 1797 -20193 -21128 -3761 10201 -16296 -17222 7395 -6294 -7989 7931 -4269 6577 3037 1276 4389 10736 -16135 -2496 25707 -7759 -2927 -22505 955 20421 7972 -2925 -7884 20294 -5069 -3690 1408 -20839 2379 10179 -4403 -2462 5375 -5750 4052 -12137 11756 18974 -4396 3950 8629 13439 -7019 -11155 -17402 8817 -1179 -10404 13714 -3195 -4577 -12980 17172 -7155 -14558 -4200 17491 -23512 8019 8927 4888 3772 -731 -16881 -3527 119 -11378 -3753 -25458 -12593 8460 
-13007 -3074 -8448 -20820 -5792 20594 -8942 -4358 11243 -4382 4816 -755 -20440 71 -8493 -17529 -12884 -10076 19318 5006 16220 15878 17888 -11308 -5535 -10367 -2816 12175 -15059 -17359 -20341 -8833 -8584 -24009 6141 22251 -31674 11713 -13923 13989 2783 -8188 14712 -18429 13270 9785 10341 -10779 13573 2213 -17662 2482 -8307 -1644 -20300 10844 -6441 17497 -17752 27480 18326 7250 -3373 -1111 20163 19424 -3338 17620 -16222 880 2965 -13846 -24648 18549 6908 9857 5083 1131 1092 11706 -3805 -19496 17993 -22208 24305 -19132 12977 14397 7922 
-18363 17641 -12692 -3052 -13195 6440 -11508 10643 4218 876 24547 -17935 255 -14727 -24505 5621 -6216 -5409 20487 2995 -5537 -18959 23178 19844 14776 16589 -26187 6411 -8045 12124 -19209 -462 -19777 1865 8263 17958 -9191 9994 15143 -1432 3973 -8993 3998 -29771 -10770 7626 12603 6422 -694 -9061 -17384 22239 10130 232 -3118 5547 -1588 -498 658 -5798 -5373 2612 -10233 -4075 13129 -2747 10346 14671 -9539 8185 -29829 -13119 26751 4814 -17536 -11923 -20033 13575 -2999 21660 -14162 -23626 -3537 12514 2951 -22355 4370 -27368 -11376 
-11892 2904 11100 -15341 -22856 -9998 -8162 -18075 605 -20905 -14069 22496 1908 7047 -21473 -17684 14520 19209 9881 17391 -20557 -7952 -3065 2400 -3156 -1584 -10951 -6724 -3906 18889 5959 -22908 -28986 23430 14995 23363 -6041 -4299 14793 -15215 8722 -1652 -3877 -7418 24826 -15669 9215 9799 -7647 9660 9915 15359 12616 -4433 8918 -283 -1 -9607 -157 1457 7323 13690 -6213 -11736 2364 6813 -3457 -24554 12996 -11696 -5988 -11187 18403 -11895 11328 2988 12303 -10039 -16409 -13804 8837 -19687 -4782 -13966 23883 5382 3210 -5958 -977 
7082 -5406 15078 -4153 27555 -11789 13820 5230 -4067 11936 518 -5810 14786 -10223 26649 -6319 -562 -2375 24912 30767 13566 2897 17872 3430 -9572 5595 7107 -10437 19317 -9054 -31137 7098 17636 -11466 -11044 11708 967 8560 12673 989 901 19059 -3943 -4220 -8945 -3156 -137 -3108 17884 -13369 -3208 -17186 -20755 4545 14590 13891 968 15322 -7562 -15721 2430 16030 5972 4643 23974 -3106 8979 6656 5473 -24141 9270 -21750 -938 8573 23371 -22298 -3148 9962 6629 -7933 -3789 -22806 -11873 406 7699 -8523 -15588 -20322 5661 
-1329 19721 -15648 -14688 -8705 -9445 4840 -4751 2138 -2806 -2033 14323 7736 -4707 23921 527 3899 12703 -1804 13616 23884 14051 8773 -14510 928 2886 -13860 -9741 -595 939 4084 -1766 -4553 2813 -1132 -1448 -6587 4401 20873 -1083 -13268 -26045 2923 768 -7549 27956 -4458 15408 -4306 25363 17199 22789 598 22002 11045 4025 -8852 -20498 -26321 -17909 -1493 6698 -6201 -27584 12690 -13359 4149 7210 751 31000 392 4129 -1327 -7622 6036 3587 -17901 635 -19976 -11718 -25386 -8409 -5353 5812 385 -2414 -4317 4585 12235 
-12522 -3315 5595 -8276 -23014 19350 20238 -8092 16133 9284 9108 24445 -11696 -10653 -19963 -12341 7283 24585 -3969 -3994 3315 -1259 27563 -3152 5468 21547 9659 18002 6210 -7749 5475 -2496 -1984 -9479 17635 14769 18169 20194 4357 5673 5147 -9410 2071 10096 -9128 922 -5902 1690 6252 -22452 -15883 20733 -5092 7534 -20472 -12480 -2767 25068 -16998 -17336 14978 -2447 24995 11337 -17687 -11151 7844 5052 7242 1322 -15964 -4509 -1391 -10074 16690 1608 22192 15533 15463 23228 9638 -19494 -26141 10075 -140 -4986 -14644 2820 -4568 
-2087 5585 -12574 23762 8386 -16850 -12953 9875 25332 -1378 -1717 17802 496 18539 1169 8678 -16390 18022 -22651 217 -19169 -19482 1972 5023 17971 4040 16124 9853 -17446 22390 637 -4162 -1676 -6686 27039 -332 -11215 29310 -10984 -13635 -30202 12368 -2593 -7620 -10063 3292 -3020 -18019 13496 3891 -18779 6738 8298 -10516 -14079 12762 -23845 15142 -7327 -16200 -8471 2443 -28373 -5772 -13766 -6837 -2045 8102 1083 17946 -16674 14056 -13020 -26820 5366 4574 -25359 -2442 -10036 -3788 -9626 4887 -8406 -7523 -19948 11515 -9695 -12330 3406 
