100
2
11494 -11416 
-16224 6374 
12918 -13928 
-7725 8723 
14239 7353 
14457 -8141 
4083 -6727 
-2898 9503 
7009 -14881 
-6968 8290 
-4386 -13818 
-8814 -16308 
-3673 5377 
1567 1304 
13613 12056 
-8890 -3002 
-4714 -1888 
-4434 -1539 
4325 -8770 
-12913 9887 
-15681 2375 
2812 -10632 
-11566 -2888 
-536 -3704 
13274 -11432 
-11603 4469 
-3765 -2443 
-1974 -1131 
-13938 -5948 
8506 -735 
13039 7899 
11749 -10371 
12580 15057 
-2373 2731 
364 254 
3046 -5162 
-15528 15316 
8353 5635 
-7116 -4890 
-2000 -7460 
13064 -14088 
-13707 14749 
9029 7499 
13860 8745 
-7165 -9227 
-2404 10798 
4587 11611 
13146 -13699 
-5699 1240 
-8429 6765 
374 -10638 
15461 16245 
11798 11199 
15922 9937 
-9212 -2592 
6548 14165 
-16360 6812 
-146 -13991 
-6341 -9563 
5036 -11582 
-13643 -12560 
-10223 -10947 
12043 -9418 
-8016 15488 
13196 5008 
-14335 -1345 
6257 13111 
-1895 -11976 
-7770 -7582 
638 -11552 
7216 10561 
-11745 -12493 
11314 3615 
16099 -3295 
10646 -867 
1902 3613 
-3762 13329 
-3739 2377 
12605 6918 
-7438 16068 
-11073 -2603 
-5167 -227 
-10296 7785 
-11251 13017 
9907 -1255 
-6577 9768 
-12125 4775 
-13348 11437 
-3449 15197 
-4062 -5260 
-7996 848 
502 14069 
13691 0 
-14234 4941 
2413 -11928 
8493 1158 
15743 3204 
7887 -764 
-0 -11996 
-9140 -10217 
