100
100
8347 11274 -11129 -5417 4656 15321 10989 -12557 -10201 12587 -4880 -2202 10556 -11475 -5692 -5906 -10048 -13217 1993 -9050 590 -689 14874 -15411 13490 -13588 -8133 -8666 -1563 15995 15843 -14072 14882 -4813 -9998 3323 6194 15722 11123 -12284 1215 16242 14296 -3449 -6439 -4083 11582 -817 -10353 -9599 -5665 -7372 3759 12367 -13922 -14624 16038 3212 -12617 -1738 15740 14548 -11636 10200 -1808 -5663 3218 14156 -11334 2493 -8861 -3515 10725 -14942 -5146 -11391 -9645 13666 -15710 -12197 -11437 4749 15144 10725 -16282 5399 9640 -5447 5911 11195 14996 -10410 -7936 -6679 1145 14121 -16158 1375 4068 -967 
-12059 -12961 -12424 -4255 6134 -14972 -15852 10048 -3001 -14791 2345 12220 -1815 -15152 15650 -6105 -9075 -2764 -4617 15875 14175 -2237 -8750 2672 -4596 -6716 9193 -2008 -14381 15608 1381 -2005 -12849 11993 -3474 -5371 12621 6884 13663 -15182 5969 -100 529 4385 -14548 -9323 13129 -8347 -9664 5168 9284 14699 10972 6129 13418 -4494 -8133 4722 8984 5630 5535 10235 4495 -11888 14995 -12614 6402 -3363 -5561 -1135 708 -13121 6156 -1896 -12137 5301 3832 -9432 -7401 -9461 -7523 12184 11341 16285 3817 4240 -934 10566 9514 -1 5698 -6694 1059 -2125 -9504 14546 14670 -14451 -2065 -364 
-14017 -2218 10557 10837 15638 569 14835 1187 -3286 -7722 5129 12420 -12098 -264 -13361 7493 4834 15852 13724 10970 7285 -905 13218 -6426 16185 -2197 2514 -6049 7709 11740 9714 -4137 -6511 -2051 -5688 4706 16137 10122 9573 -10984 -5987 10218 3995 16190 12735 13275 10882 2319 -2012 -10542 8750 11545 6071 4069 -11403 -15793 -15168 3182 -14109 9377 -4326 4151 7111 4690 -4967 -16044 -14496 975 -14205 11673 7207 9279 13868 -79 8521 -3931 -15169 -1584 -11737 9126 4618 -5107 -14837 13296 -9586 -937 -4106 -13504 -7023 13834 -15218 15366 -7070 -2265 13353 7088 6067 -3802 1792 -14454 
-2531 4977 -13961 14917 -2890 -10890 5775 14371 -1322 -2464 11894 -2121 -14863 -6038 -6354 3401 6804 15831 9569 -282 -16246 3467 11086 1786 -6128 -6854 11220 11166 13884 -192 12197 -3971 -10634 4637 -1394 2390 3861 12165 16105 4902 -2269 -14057 3373 -1555 2867 4275 3476 -12014 -154 2675 12787 1132 -13178 -14787 11681 -6169 5697 -10502 8582 -13368 10383 15725 2636 -9322 -5592 7339 7850 11677 -15834 11819 -5164 2329 3776 2947 7687 2293 -5330 951 826 -7882 8863 -11722 -2584 11519 -12703 11626 -510 -13509 15633 -15628 5624 -4135 -7927 -10374 8687 12223 9168 -8154 -14585 -4792 
7362 2995 -3894 11112 -14134 -11986 -3391 -4741 316 14911 -11237 -5727 4061 16171 -3204 -3124 -8713 10848 -12051 10080 -9060 6579 -5143 -2690 -7164 -11470 -15475 -8729 -6134 -15463 9951 14464 -55 7274 9032 5503 -8611 10149 -233 -9686 -1348 1818 -12749 -8129 -15173 13663 -12566 -516 -6875 15978 -8994 -828 9981 -14906 -6125 9315 -14369 4193 -482 8439 3442 -6127 4977 10612 7701 -12644 -9525 -4917 14995 5748 6340 -5201 5895 5905 381 1276 12499 -11553 -12690 6845 8133 1238 -9648 -10798 82 11189 12594 11827 13554 -14124 8864 -548 -9053 10393 1015 1102 -894 10899 -3891 -8009 
-1396 7976 -2171 10421 10107 -3853 16374 -7739 13764 -4171 -9659 -15556 7094 13036 961 -14602 -331 10766 -12285 11931 -6755 4182 -15343 -15485 4154 6720 4525 14138 -3603 -11619 -16180 10926 -4767 15690 13588 490 3955 -2679 7579 -13691 10025 7661 -854 6818 14545 6140 5548 -4452 -5565 6494 12097 11078 9785 -11084 14185 2774 -11052 3087 -2095 -9626 10032 773 10306 3614 5167 -6550 -13007 -11784 -15284 -8287 -3992 -8921 -13666 10645 -7718 -4579 10484 7504 -12659 -2767 15639 -13264 7081 5090 -10971 -8775 5031 14019 -14069 1810 5020 12284 5929 4632 1708 -10126 8721 2577 7571 -8820 
-12959 -15354 -12201 409 -10306 6328 -10224 13529 -4101 -14795 -4384 3359 9039 3855 -15369 -15847 -7494 -13006 12741 -3019 -645 -12713 -7091 9257 3763 -4063 15750 -7914 -987 4555 -6662 -11439 -15346 4484 5988 -5690 -2010 11105 -12407 4097 -7232 12277 14624 -3372 -1274 10376 14565 -1640 -11946 7913 11457 14872 -2879 -8471 2845 -13031 11435 10092 12365 2422 14725 -7898 -14303 -13324 -11345 4328 -7795 4506 -14478 -9314 -9599 -13629 11296 4575 -3636 -4933 -11177 -9944 -4814 -6134 13651 10412 -7785 -13991 9081 -4141 -13493 -5386 -7700 -9145 -15236 15614 9038 -10835 -14397 -13792 14752 -6914 3277 16129 
-11459 -8838 11570 -9655 -15623 15676 -8355 -13504 -3745 -9351 13720 9499 13583 6727 -4288 11490 -4033 -3549 2576 -6161 -3758 -13061 -7793 -3813 13468 -14612 -13668 14978 -15042 2705 14624 488 6948 7936 7643 -8769 -3036 7515 -13744 -5937 -14790 -7160 -14124 12921 2278 -635 14011 14752 13231 4323 -12629 -10193 -4166 -11818 -3839 9528 6794 1646 6248 -3130 -10268 -10131 -14206 13369 4291 -14274 9398 7762 -8833 14213 -735 10708 -1789 8544 16288 -1074 -1229 13874 -9468 3712 14436 12576 -15786 -1568 -15361 -8925 -8624 -7487 13365 -8256 -9499 13975 -6929 -161 -8465 -1566 6070 15165 -9216 3886 
-4380 11016 -15283 -836 -7721 15374 5307 -10552 -6062 539 -16107 5229 15099 -3610 12364 13616 9980 -1234 5878 15649 4794 6254 7628 11682 -3655 2610 -7581 -16177 1433 5132 -12 -12929 -5583 12591 -4530 -9742 2770 -10592 9439 784 16031 -1780 4074 -429 -5615 11329 1485 7244 9103 -11707 2673 -11832 -1741 -4091 -12580 -4716 5536 -8782 -1318 -16150 8711 10422 -4401 8303 -7358 7495 -13407 -15390 12303 3486 11977 10836 -393 3279 12417 -14049 -6592 -3267 -11758 -5282 5780 8881 10811 -14307 -9027 8206 15822 -2794 -1537 14508 4688 -992 9885 2375 10444 -1747 16369 -9061 11969 -14600 
16300 -2153 -11467 -8128 14900 2354 -12842 15290 -15835 5094 -14761 2195 12005 -14656 -5677 -11890 -7053 -9191 7265 11478 -9677 13291 -11070 15965 16119 -53 -12248 -3356 14364 -2440 -5075 -1633 -9788 9493 5341 8831 5685 5121 -11037 -6379 603 5448 13783 1046 -4767 12988 16049 10631 -5774 -11857 -433 -6272 919 -15811 12329 7566 2225 4174 10526 -11585 -10849 3113 -9633 -955 -12174 8357 -10112 -10049 -14124 11526 -2907 9751 7551 14446 5586 6164 9441 -2827 8276 5493 -2346 10332 -9899 -7744 -10873 12394 -11131 -1634 4967 -1829 6634 2027 -2988 -9990 -11822 -1706 10194 -4396 -6953 -11095 
6764 11792 7704 7599 -979 -1946 -640 10424 -1469 13746 2103 -6972 -13893 430 1326 -15807 -16033 9537 13263 -903 -8012 12672 10954 11155 -15847 12855 11523 9532 5634 3628 -7519 -11796 -6821 -13591 1080 15559 -1791 2618 9759 -15312 -7070 14146 -3626 -3874 -11971 -1745 15254 6575 -13700 8590 516 6666 -7114 -5049 1528 228 16072 1838 -14225 15973 797 -2246 -9064 -2510 5628 4445 7170 15438 -8042 -8968 -5397 8869 11290 -10766 -9555 7472 11894 9324 6218 -7496 1592 29 13600 4160 902 5437 -2128 -2806 15424 -7895 656 3388 2366 7305 16247 -11992 10923 -5832 7280 7981 
-3703 6570 -14048 9798 -5048 2059 -15816 -10457 13445 4850 6406 518 7153 -2631 1312 -6396 5699 -11665 -4561 7984 -8613 -7309 15331 -7123 -2942 -5464 -9730 -9095 13253 5191 -385 12882 -9097 9053 -8200 -9410 4550 -8741 10738 5677 -6010 -12724 7557 -14778 -15100 4398 -5122 -4028 -6648 999 -1615 -16252 6901 -13477 -10523 8100 -15611 -14304 -8987 -1070 -11354 11861 -724 3239 -15366 5917 -3919 -2121 -9357 429 5466 -9296 402 -9723 -6268 -6109 -13111 15176 9655 -14357 11887 -15437 -13199 -15313 14826 -4054 14352 9741 9442 5501 -9494 -801 16040 11567 5489 3866 15534 -13321 -8569 -9248 
-9688 14285 2537 13083 -5944 13225 6846 2634 4255 14036 12360 -11291 7448 -6692 15019 16223 -10985 -15569 -14878 -6187 -969 11596 -14135 5963 15144 -8031 1612 -7018 -13007 -11531 11957 4579 -3902 -8568 3868 12762 14658 -11577 15600 14694 -31 8349 -13396 -15330 -11876 -1935 15004 -3776 -10153 -12365 -5930 -8345 -8930 -7142 -707 -4925 8580 -3467 -12105 519 -4579 -2269 2168 -12819 -11233 -4567 11887 -2215 -16354 10471 13781 -5083 7148 -4240 -1570 4737 -8809 -15491 -7040 -15618 389 15108 2919 4399 3508 2161 12546 2291 -9195 -6535 14255 9817 2575 15758 13579 -4567 2839 -1795 -3234 11524 
-907 8600 -12501 817 -2021 -3048 -293 765 -15193 -14068 -3438 -14395 -8064 -15250 6675 2969 1556 -7457 -299 -7802 -6343 6776 -16334 -9607 -606 -6844 8107 -1340 -4470 11087 -5275 1608 8037 8805 13482 -14025 14793 -9886 -8032 9083 -922 -15063 -16113 15551 -10462 -15044 853 -6383 -4004 13805 -7310 -10711 -11957 -14785 12599 -3758 6004 -6323 -10860 9706 10577 -13460 9728 -16239 3083 2778 -3053 -3358 6229 9241 -6360 -13335 -5007 11745 -12750 2331 6470 12473 14248 -14844 10406 15914 15764 12423 15014 -1127 5055 1999 6175 -2376 1536 -13369 14410 14750 13483 9032 -10366 13442 -738 7903 
-8935 13065 7278 7730 -4508 13120 14903 15875 11466 5172 10634 -11044 15631 12833 -12808 9294 -10839 9810 12995 1246 12864 143 558 -3450 -5551 -4044 10979 -36 -14107 -3349 8585 -10790 -7311 16127 -13200 1602 -12838 16211 -14500 5796 -5750 5879 -12938 -13817 -4685 -15777 14169 -12503 -6482 3128 6977 6506 2675 11231 15704 -13740 -8127 887 7714 12728 -9904 5023 5392 2686 6329 -9529 1320 14852 -14223 -2524 -9765 -2006 -1695 -1458 6631 -6673 11437 6509 -396 14529 -15343 -13035 7220 -16288 14164 -9803 -13125 11612 3317 8629 9701 7752 13280 -8660 -4754 6520 -946 -3285 5780 14695 
3522 13760 -2064 -3648 -10197 6534 1883 -3326 7707 -9253 2564 -11577 -10706 -7500 -14696 16041 -16001 9498 -6254 8139 13643 4922 -9303 13561 13745 5147 8799 -13964 8075 -12551 4783 -12715 16236 5683 -13864 15506 -11324 -5653 4173 -14932 6167 10289 8902 -1820 5985 8419 -4759 9013 9102 -7395 -6375 -12339 -4065 14929 -9496 -4298 -4640 -3844 3488 -13538 9676 3836 -12939 3257 -3830 -5750 6606 15310 3080 -1337 12601 15446 8894 5885 -3210 -3899 5127 13677 9634 -14610 -13791 8905 -14706 5517 9803 4934 -16096 -12181 7558 10839 -5395 14624 -15250 11777 -8990 -11647 10295 15310 -11249 -865 
-3372 -2712 -5989 16239 -2004 15051 2254 -5611 -5509 10271 -14782 -13120 5072 11562 9002 -3272 4782 13414 11723 -6652 14274 -4164 -10238 6184 -15668 211 6385 -14440 -9071 -11506 1750 13871 -13308 7449 14063 -16028 1148 8232 -11891 -383 -13542 -9531 -6079 8598 -11974 1356 15403 5370 -15839 -12803 -15769 -14483 -7761 -5453 -11111 -10525 -1471 13886 7072 -8726 -2127 12116 -7584 -13906 11633 -12504 7857 16028 -6708 -12897 7789 12724 -1986 2346 -6498 -929 -15110 -6086 -3379 -12033 4993 10836 8814 5650 -3480 16075 -15759 -12805 -10708 -10480 -16149 -11933 -10954 2734 14568 -15804 -260 734 9309 15752 
-5066 -15429 8746 -3748 -14779 -14053 -8620 -8700 9130 -13054 -13748 10097 14251 11707 -3234 -673 -3318 2447 -6845 -16355 -11290 -14829 9931 10223 -15685 -9945 -340 -10978 -1411 -13943 -12688 -12653 6615 -759 -3710 5410 7050 2658 11870 4466 5097 -6994 -6174 -15744 12666 -10627 -9039 12993 7856 -7542 -7475 -9740 717 -16365 11583 12666 -37 -14134 -13850 -7830 11216 -12684 9571 3111 8906 -4587 814 -8523 -3991 5837 -2117 11158 11858 6731 4813 -2477 -10805 15588 2021 -2653 -7560 -9398 -15668 12844 1084 -9252 -2494 2033 15923 -15963 -11566 -4014 -3884 -10517 13237 6833 -4819 1386 12268 -1601 
-12481 4647 7524 2907 -639 4837 13385 -16101 -13447 4927 8308 3952 -8835 -167 -4359 -13965 2959 2618 -6704 3903 8543 -6718 -3156 13570 -1693 -15813 1505 10398 4378 11158 12919 -1043 -11161 -1475 -15274 -9811 -495 11656 -10350 -13568 2911 9687 -11300 -11369 -7974 -11196 13073 2675 -8669 5626 8677 -2736 16122 4397 10417 3240 -14502 2479 10851 -4519 -10066 -15580 10125 -6933 11837 9946 -11379 2424 7839 833 10722 -6608 -8100 -9477 -11880 8065 -4181 -9832 15569 -13863 -11437 9191 4733 12816 7842 -9739 4125 -402 11922 -16236 12727 11853 -16379 10399 3559 7779 7454 -13876 -3067 -10328 
16326 -6374 -1416 3799 -6326 13044 -13532 -9572 16141 2270 7157 -14767 -11141 13006 -7788 1900 14833 4130 -5589 15233 -11028 5173 11866 13544 -2758 12949 -14780 -1019 -3227 -4389 4282 -13526 13348 -6624 14989 -5343 3844 -14320 -3077 -2478 13853 -10842 -15814 10373 -8968 7035 -1242 334 -892 15811 6424 7948 12863 -13345 13510 -10090 -10133 12688 4957 15225 5486 -1065 -10583 13543 -16300 -14497 -672 -13510 6248 -12646 411 -4591 -4618 11640 856 804 -1500 4280 3375 -2652 -15368 9954 8479 11836 4202 -14115 -9351 -1599 -1102 -4066 6641 1133 -1642 12425 13515 12239 6897 3042 -2005 10572 
5713 5342 11135 -14524 12722 -2077 5391 -11559 -13474 8019 1964 1113 -8218 -13938 10364 6205 2889 1659 15085 726 9003 13001 -8006 -6003 10295 9920 -9184 8396 -4968 -4425 555 10629 -4708 810 11042 4438 -400 5745 3865 -433 511 11800 7319 5976 4588 -8753 -2195 13882 4279 6661 -4704 -6078 -15115 14366 -12172 -7291 15279 -11706 16288 14026 -12315 -6936 5275 6674 -10971 7111 15362 -6730 843 -6992 -5325 -10701 -7835 -558 16365 -7536 3494 -10828 -2004 2913 -8048 13000 4108 10351 2344 14505 13275 -9472 -8102 231 5195 -5450 -11916 7554 -13640 -3299 -10810 -1277 7066 -6195 
8542 14378 1303 5424 16106 10573 10154 -7190 -1872 -8889 14069 -15140 3248 6672 -16209 -13364 -13854 -6410 14253 7850 -11118 -9617 -12005 -134 -4128 402 -7747 -10541 -13732 -10455 2406 -15095 -5177 -8083 6788 -8204 492 9558 -13365 -7341 -5466 -9579 -7674 14806 -1804 13096 8194 -6974 4927 -4207 -5468 -6095 -5963 -8021 12043 515 7110 13345 14566 4446 -8252 134 -14621 13524 10143 9987 -13515 -15064 9159 -16199 -6582 -3400 -4829 -4694 -13928 -5249 -9417 -1188 -12154 4029 9051 -1786 15740 -9409 -226 -4249 10520 -14018 14273 4671 -11919 6381 5337 -7835 6026 -1892 -13307 -12422 6372 15738 
12245 9279 -3291 -4604 -1083 -3950 -8215 1280 15189 2553 -2382 -3284 -5550 9184 755 1408 3113 15469 -961 -2538 6255 13045 -12648 3499 14967 -494 -16165 -9268 531 5979 -6320 11158 -15499 -11591 12374 -1246 1062 -2215 14644 -9339 -3285 4170 14596 16248 2623 2733 -4158 -8542 5683 -10356 10106 -3209 1131 -6320 -2665 14787 -3205 -2854 2638 13263 9446 13877 -974 -9176 3584 10479 7642 2560 -6685 -12277 2998 -4549 11923 -9828 16376 12047 -10433 -15880 6823 -14257 13719 10893 -5177 -2483 13392 14939 11690 4450 13503 -504 15714 -8172 -15973 -8812 -184 1500 -12076 -8785 -594 -11126 
-3433 692 12203 -6578 -5269 -13510 13835 1628 -10386 -10164 -930 3636 5297 -1730 -13280 -636 -11589 -3803 15 12979 -15070 -5143 9618 -13819 5963 14593 -1458 -13987 -8372 452 -11315 -8534 -4641 -11936 8014 5865 -1649 -7056 -14407 5067 -15640 -10698 -4190 -6660 -4130 -7830 3458 -11767 -952 2742 6144 -6684 15741 10952 4187 -6899 5909 -4597 -9984 12631 7875 -6 -6606 -2483 3415 14361 -2340 -711 -1319 16010 9082 12232 968 15938 12591 -4268 5496 -9506 14058 1734 16274 -16355 -15686 7454 2222 -16142 -13000 11929 -7148 7228 -5863 12919 1688 7454 15578 13152 -1892 -4880 -2928 -16278 
-7385 3286 -1584 15551 13867 3324 -8253 13287 -6690 14181 4435 -1879 7478 1124 -4233 -2928 -7280 -12622 11683 11798 -11421 -8926 -9643 11113 8229 -2052 8642 -2098 -14008 -8212 -1881 12710 -1964 7325 -718 10013 10285 14576 -1001 10083 -11415 8907 10168 -12643 2001 1176 12149 12900 -8960 3668 1308 -2832 -5089 -15288 15985 -6951 1734 2398 8421 -4221 2807 15131 1372 -13283 -11715 -10962 -7649 -6835 -9750 12970 -5910 10098 -7561 8925 -14569 -1650 -7171 10181 13808 -14649 -10792 -11227 10524 7825 -6300 -8391 2345 4466 -6185 9234 2110 4203 15174 -7542 16107 13559 -9539 14290 -8430 -2118 
-642 -6986 -5386 0 10594 5991 -405 13415 2134 3832 -10204 -13339 246 3696 -3808 -12185 12365 13698 4152 -12830 693 -2844 -6197 6770 -13871 -3005 -5230 15202 -12880 -8233 11398 -5934 -2300 13215 10486 -10757 -12151 14899 7855 1047 15737 5435 3404 1512 -7371 -14974 13988 14811 -7177 -14160 2906 8402 10426 671 4487 6020 6196 -14253 -3189 -10101 14577 648 1273 -13055 -9062 -525 11177 -11827 4677 7952 15073 14215 15875 -12389 -4443 -7425 -11406 7077 -10971 5213 -11905 5196 5196 -1296 15684 11791 6510 -9330 -1525 -3899 -7918 12187 -929 -4302 9446 -15695 -2471 7228 -8758 -2845 
15092 13255 10236 -6234 13966 3364 14185 -1196 -1401 -13016 10781 9047 -1538 3557 9930 14056 13743 12801 -10884 1147 13553 14759 -8092 3520 -13867 3872 -13622 -3505 15968 -7928 3092 12007 10481 -16345 -772 -2212 -14921 -10526 -15144 4372 -11438 12372 5386 13365 4243 9478 8335 6502 6486 9024 -8787 -1481 131 10500 16316 -5594 9516 -6754 14110 3655 -7990 6369 -6845 -9847 -13159 -6663 4828 5016 -999 -4128 5674 4203 10926 13687 -2202 7779 -1448 -15556 -16040 -12010 405 -3943 3068 -4434 1629 -280 -4265 -6663 -7100 4089 11361 -11513 15281 2645 -1516 14449 10310 8459 1178 13125 
-9134 -10964 -13155 3972 8056 -6435 13486 -15538 -12693 -13296 10976 -2398 6600 -7464 -921 -8756 -7653 13662 369 -13212 12022 -14979 -4338 1783 -8395 -2578 15682 -1715 -12202 -14551 12081 5967 -9476 15824 11115 -12659 8843 -5935 12895 3680 -10778 7440 -7964 3257 8011 7367 3305 3453 8536 116 10821 4756 -224 -10380 -14942 -1402 3439 5689 907 13257 -5340 2077 12701 -13661 -8524 6873 6099 14255 -2365 -1633 -10252 -2809 3045 3529 -14048 5 -7812 6963 -8834 3502 -15438 -12748 -16368 -10315 8349 12588 -1897 2079 14971 8130 936 -5743 12556 -4683 -4902 8747 -16362 5972 6416 -8423 
12540 -3692 3816 -2387 7557 -4155 11086 10034 -15948 13545 -12254 14409 15042 -14676 15116 -6926 12618 -10255 -11670 5166 3191 -16107 -10664 1616 -5013 -9283 996 15573 -13890 6219 -10147 756 14355 -15620 -15686 7360 -5661 3730 12588 -15633 13135 6837 2257 12604 -5592 -13338 13688 11639 8450 -5362 8086 3360 -9347 8893 -2476 -8269 -1636 4095 -9288 908 14406 15563 8438 2927 -15133 -1503 -7966 -1365 537 12217 -6538 -541 15276 -10397 -4729 -6541 10108 -1554 -5234 -12686 12705 9166 11930 -5280 12714 -6328 -16293 13669 -14596 8777 6991 10556 14925 -8735 -8168 2740 -7608 15696 -10017 11738 
10564 4810 14567 -4930 -3547 -12355 9792 4055 14940 9938 15242 3853 -2300 -10879 -12305 12633 -13542 11072 -3290 12563 -11034 1127 11176 10961 -3986 3734 9470 15600 -4833 -13096 7211 -8774 -11136 -3762 -1987 3627 23 -15727 7416 12119 -9115 -7522 9642 -8075 -10490 -4753 -10733 -5254 5608 1331 12147 -6550 13749 548 14270 -12488 -4795 7161 8421 2127 5186 768 7748 15285 10984 -302 -10703 -13611 8412 -14165 -597 4319 14641 -2213 -13272 -8747 2434 -3355 5503 12331 12849 1452 -2050 -11501 3527 -16051 11405 10075 13677 3349 9993 -772 -10096 -11241 -11099 825 1433 -5918 -6527 -2711 
8658 -11051 13909 -13734 -4515 -5864 -3264 -13221 6230 1840 -6989 8156 -3566 14134 12674 -8516 4983 -15955 14610 3624 16259 8949 11429 -10972 3298 -12695 14025 -1615 -4177 -10486 7912 -13677 -7596 13277 -2317 15283 2948 -2592 303 6960 -8354 -6757 7208 -6921 -9819 7774 8892 -9455 3874 -8944 -12728 10378 -3036 -10073 -14090 -2829 -10730 6721 15918 -4471 9798 -5419 -10460 -3843 -11329 3214 12671 3800 4676 5566 -464 -7294 3189 -7309 5723 13286 7942 14768 -2969 957 -9436 -14525 7977 -6803 11753 -7370 13622 -5484 11014 -1557 -6576 15149 6265 16336 -14097 -1706 -1683 -8266 6646 14260 
-2505 -1345 5248 -6018 8055 -4093 12233 -13542 10835 440 12608 -403 -7209 3600 8372 -579 14704 12717 -13147 -4556 -11119 -13900 11432 -15606 -6298 -5240 4100 -8631 -5956 2078 9812 -3020 7418 4336 4186 5965 -5568 5271 -14611 -3333 5542 -5886 -14845 -9523 10136 6470 2533 -2970 -10922 -4839 3194 -7681 -4720 -25 4277 -3190 -6617 -632 10786 1153 -14073 14995 3734 -13245 -8663 -421 -8196 1821 4269 -2947 15425 -522 11548 -9190 362 4744 14020 10927 -11337 5717 12853 -1914 5109 -11744 -7455 11473 5106 -15333 6617 -165 -2301 15018 -11349 1506 -13129 4556 863 8973 5023 -1765 
2201 -13058 -3514 -14217 -4399 -15988 5172 2380 13238 -8680 14628 -1420 -3414 -3839 9296 -2876 -3233 -1347 14811 13863 14743 -2930 14436 14705 -11261 -11561 7345 -8003 -14278 6418 -8831 -10128 6624 -2712 -12941 14570 2784 -1564 4379 3266 -11573 10571 14124 433 11088 11667 8392 10774 12262 11767 2028 -10979 11903 -9554 4608 9091 10090 -7107 -892 7936 -9644 13430 4573 14922 -8609 -8442 13382 16315 -7321 -8275 -4900 -11111 -9635 -9194 3272 -10505 -7483 16203 3736 -957 -1197 9420 1441 13925 5035 10564 2452 1417 15678 -10527 11305 -893 -9911 837 9968 -8746 -15887 5412 3900 -10408 
3200 -14475 -462 635 8906 8260 15094 -4302 4515 -3788 5373 8055 2689 -10360 15478 -1681 13880 -11808 1755 -10702 5851 8589 11678 -3278 -10569 -12917 13558 11325 625 15631 -14128 1065 -13240 -58 -551 8724 5741 -1629 1201 2382 8839 -14246 -717 -3618 -7092 -10122 14311 -14427 5442 -16373 -11373 -2520 -14435 5391 -15138 -14601 -10696 5459 -2518 14509 12221 5651 -12930 -11106 6874 -11986 1678 10513 12707 -14851 -4364 11832 -3571 969 12916 -1117 -7791 -11294 1393 -11150 -7707 -9903 7028 12311 -2851 -9165 -2076 1471 -12950 5803 -14647 -16301 11185 -1669 3009 -7904 8788 -458 5389 -2273 
711 15644 -16195 12506 -12591 7308 -15873 -4365 11562 4120 13453 -8892 -196 -705 -5057 14509 -10757 -1084 3757 1911 9190 -14434 9486 10840 10792 -9581 -3049 -13284 16080 -15506 2065 -10776 10804 -3887 774 11810 -1682 -14927 -9458 10233 -15370 -4763 -10565 10629 612 1378 13740 11924 13392 -11634 4918 -4598 13131 -10185 12597 2026 12542 -14680 -1797 -15873 -405 -10401 8279 -1768 -9655 -13083 205 3323 9345 -5054 -12578 11490 -2866 -6636 -140 2723 12921 -15035 -13959 6776 -5317 6494 -11910 9571 -14540 12931 11644 5173 6159 -6907 3816 -1741 8513 -5483 154 -420 -10400 5923 -14579 -431 
-2906 14156 4265 11737 -8048 3698 -15306 -9206 2199 2675 -9374 -4345 -6123 -7425 -10379 -7311 7484 -1394 -483 13412 2360 -2314 11356 12837 6510 10142 11670 -4768 -2091 -4262 9409 -752 121 2011 13741 1292 -1514 5322 15482 804 12249 7289 289 2283 10811 7229 -2782 10269 -6912 3684 10580 -2139 84 -10296 -13870 14146 2829 13060 3593 14286 9220 -12460 10983 -12763 -12139 -1797 -2777 13989 1598 -16023 448 -4257 1373 15587 12917 11984 -15605 3046 15486 15700 -16356 1553 -10402 5922 -13504 -826 -7738 -8970 -13252 11093 -5459 14677 -10678 2781 11385 122 -8296 -8263 10320 -3887 
7140 -2407 12161 6693 6205 10045 -14055 4452 -10786 -11581 391 14083 -15828 13217 -11657 -2552 2518 -2756 -3916 427 -6891 10524 -4546 14240 6913 -12350 15989 -4867 6683 -13537 -13721 3003 9186 12456 -7365 1764 10645 4371 199 -13487 6161 -5214 -9674 -3307 -3893 8992 1753 8578 11764 -5512 -2792 3534 4020 16100 9593 -7589 4231 9677 14294 13976 -8515 1081 -1883 2448 -9961 1506 15464 -15609 11395 10737 -2243 -7868 -12031 11086 7815 6517 -15466 6810 706 -12099 -1163 8131 -4242 -3124 14390 -1733 -230 -11471 -6344 -4403 12696 -13766 -487 3605 -3511 5756 -14244 9874 -9082 -6662 
-14814 7011 11318 -15896 -9719 -16236 -6024 7186 9257 6682 -2449 -6940 2102 -3477 -7630 12303 -840 -8533 -13348 3534 -7826 -6516 1719 -8500 15050 9661 6284 2218 -12145 -8955 -6384 4393 -12915 2292 368 -14870 7812 13374 5124 14036 -4576 -9298 13337 -5851 15377 -9797 -11808 -14074 11604 -4159 15995 -33 -11385 8918 -11217 -2757 -13970 -15809 -4435 -8120 8842 3462 385 -4095 -13343 4146 15012 12277 7121 -5861 16167 -4181 -4330 -11423 12286 4777 -12059 -6400 -15116 -12518 -13273 9993 -5196 272 9182 4983 -1796 -10124 -12129 5285 6629 -14464 -16084 13921 -11433 14316 -966 -14168 -623 11446 
-7862 7157 -13859 5761 -6487 12094 89 -16225 -11637 -14971 -15382 -9032 3404 -1777 -13757 -11507 -13616 573 5658 7521 -5895 2044 -7821 4733 334 -4125 1548 10328 -13388 -15390 -11791 -11559 4171 -7272 -10718 -15038 1651 -10413 -8856 -975 7904 14998 -9922 5708 -10527 -11169 13026 8577 -11592 4849 3717 8943 7449 -16047 11920 16238 2509 -5033 -15074 2736 -9878 3434 8576 8969 -9167 12497 -14350 -8230 -3567 -4694 8548 -1908 -6719 9600 4460 10818 -16127 8581 -8111 537 -10254 -15519 1849 4620 -5732 8110 3195 -2434 -11385 -2038 15879 12896 -2439 10959 14331 2036 2646 -12693 -15031 5172 
16158 -12720 -14196 4827 10505 -114 -1296 -12025 5574 -15603 -4280 -2944 2266 -5288 -6350 -8799 15643 15391 10349 2520 10580 -1721 8261 -812 9724 7069 -15586 -10684 -3560 -7885 13859 -9665 -2760 3920 -3815 -11700 15508 -9203 9798 -13050 -11953 5506 -8572 -7580 9676 15522 -10388 -15717 -1994 -5709 -11867 -2646 10260 -4006 7507 -11911 7441 -9890 -11612 -13146 -814 -6157 -15235 -3100 3577 184 -9398 -6136 -14784 -6072 9706 -5461 8630 -4238 3778 8046 293 -15603 -15644 -14361 -4731 13682 -1699 -8163 16032 -2160 -5971 8633 -15661 -10337 -10167 5060 9696 15225 -9135 -4848 -2818 11411 -5800 12093 
15845 -5236 3673 98 -6375 8551 -15681 -5811 -192 -7069 -10604 15982 -7769 -6548 13009 6495 11735 -15563 14286 -5886 12380 1004 10186 15949 -1376 3729 11163 7088 2019 -10515 8065 11543 -4766 -14556 -2547 -4457 13201 -2578 7987 -6229 5754 -8080 376 -16095 2870 -599 13118 7068 2194 8595 -15819 11454 12491 -14895 -2333 -14100 6762 -4602 8793 8110 5699 -559 9217 4290 -3949 -2468 -2684 8118 -13506 12691 10974 11316 -12498 -12032 -2929 13543 4815 13879 -11808 2816 13231 -1288 -16037 -932 -16068 -295 -8881 6731 13982 -16219 -3449 -7431 -7748 -9907 16147 13161 13650 3712 10040 2092 
9272 4834 -12677 12950 -15432 10719 8914 -14160 4877 1315 2034 13750 -6647 -11856 -3908 -3771 4296 2706 -11062 793 4757 -14535 4127 6521 7656 -9364 -9483 6202 -1154 16093 10150 9828 -6498 -11672 -11067 -8069 8308 14554 -16065 -2715 6286 6519 -3919 5099 10364 -15866 3542 12006 141 16006 14609 15872 942 7310 12574 -16098 -3996 12344 992 -5025 -11024 -12096 5451 714 -4982 8878 -5512 1424 9150 9661 -14640 -525 8684 -9151 -13992 -14389 -10779 581 -10204 -7508 9127 -5565 -14368 -4178 -3774 13680 -12927 8657 -3893 15808 -6126 1796 9605 10097 4257 12233 -15846 12355 7761 -9343 
7667 -3501 -4990 -4282 8132 -3957 -3804 7552 6942 -7492 4386 -15358 16178 -10413 8434 9932 -11089 -8019 8002 -12928 10427 9232 -10298 -5802 8986 -16320 15397 -13872 9575 8626 -7924 1528 -3730 -1432 11601 8267 -2894 13154 -5808 2873 -2298 -12874 -948 5203 -13749 -14013 -14844 -9207 14671 -14577 8798 8213 5070 15666 -15047 16000 -10869 12918 15444 -2232 1679 6023 1379 4772 4748 -3127 -14790 12780 -2734 15314 -10983 12577 14965 -14467 -8418 7949 -4597 -609 6865 -3569 15488 -5278 5330 16254 8097 7475 -15193 -9296 5810 12129 14248 -5985 1967 11341 -16363 -1744 1959 -4543 13879 3864 
-6080 -9497 -1606 -9884 2123 -4513 276 14747 1424 11251 -6890 13706 3485 10865 -2407 7078 11216 4639 3146 -16367 4717 589 -10592 -10176 -799 -2926 10204 6982 -5858 -11363 15941 -4936 1558 7085 15983 -2004 -10909 -1369 11178 -15510 7670 1483 -13169 -8919 -4605 15115 2478 -4486 2550 9217 -2975 5325 -14696 4229 -15436 2710 -5054 -288 13684 -15210 -7862 -6232 -7839 -13895 -1676 -15568 11382 11175 -5993 16033 10844 9700 -2471 14002 -9482 2451 12556 11770 -11761 15331 -591 5351 -2266 11538 780 -9898 11106 -12784 3566 -11323 -15461 10951 11400 -14290 -7034 -4344 -8461 -12165 -4343 15361 
-9532 9882 -13657 -11145 -44 -7113 -1014 -14984 15382 -4597 5558 -11822 15515 -7972 12502 1548 -5719 -2550 15399 -1257 -13311 -2613 3850 -4726 6453 -4868 -12624 -4209 -15057 -868 -11419 7014 5831 14558 -9211 -13170 -8827 11746 -636 1410 1661 -16374 -9055 -14290 -4527 15851 -8276 -14617 -4535 6639 9854 -3048 -15722 -7809 13951 5767 1964 10205 -5926 10299 11461 15005 -14139 -6654 -9861 5560 12274 5524 -7034 11585 3875 10334 6556 -15679 -3894 230 11374 7202 -7195 -16178 -10552 4689 7394 9599 16329 3437 15030 6508 -5558 9373 15873 16377 2129 14219 -8091 -7680 12732 -2188 6637 -16136 
7156 -2591 -15711 -2376 4303 -4355 -8657 10212 656 9611 16316 -4370 15106 -14725 -11310 1465 -15431 -5599 -406 -11290 -14999 -5878 6946 10164 15471 -9613 -12926 -115 103 12894 -4240 -5598 15594 5452 3002 9019 6514 6027 -3381 13078 -4526 15923 5998 -2445 1236 14265 454 5425 126 -7641 -14759 3486 12135 -11027 3896 6745 8123 -15265 -6824 -10027 -1961 13508 2038 13953 12934 4880 -16340 -13675 -3358 -5833 16025 -7576 -8369 1062 12598 9863 -4071 344 -8387 -8621 -9673 -9718 14651 -1981 -12129 8723 -5313 7378 -1328 -12196 7969 12802 7784 1775 15612 -10879 6626 -3913 6064 -3217 
-4486 -5428 5015 16324 14115 -12431 -2735 -1958 2734 -10076 9906 -2677 -6402 12375 -8239 12158 -7314 -7094 -15821 -499 2124 4982 5148 -1725 -13961 -13522 -5633 141 -15844 10702 11268 3703 -4202 -746 1472 7960 -13971 12829 -4614 3860 13421 3303 5281 -1723 -4368 15771 9426 14590 13358 2395 -5873 -10507 -2871 -9031 -125 -14653 8798 15817 -4999 -1263 11341 13281 -1820 -2471 -5229 -9501 -5360 7759 -9275 -1991 -14481 14307 7988 1903 -6266 4589 -5080 -11167 -11009 1133 8509 -9963 -2351 2677 -8476 13616 16018 -9043 9211 13584 9191 4728 2964 -388 -9205 -4159 -5685 6395 -9341 9556 
9672 10192 -12311 -5645 -12577 -13432 -8227 -3600 2756 -16076 7952 -5256 6903 -2751 -15244 -14981 -10440 -8215 -12153 10029 6953 8525 -3642 7728 -15092 -3285 5429 10586 924 9774 12564 -6634 -12011 238 -2138 -14736 6471 -2436 -16350 -10823 10462 -13662 5059 12746 9142 -9811 -4876 -270 -8093 -9745 -10596 15472 9924 3277 14736 -91 -4144 -2695 -14816 15312 -7070 -13497 1985 -9090 -1723 -610 -12063 6277 9804 16281 -13103 947 -10605 12596 9683 1297 -12327 -9180 -12979 -2106 -4353 -9650 5133 -9053 14249 7131 -7997 8769 -11011 -7436 -3450 10705 -13961 11023 15749 -12678 11252 -11794 4055 -10913 
-4152 -2005 -13210 -13235 -10753 12153 10749 -777 -14919 11378 1146 15075 -5719 -11759 -4585 -3601 4276 3267 -12582 -1166 -4178 4902 35 -8184 569 -15785 -3492 -13324 -5952 -5144 2756 7209 -15976 2941 1885 2544 6973 -1540 -10499 6952 15794 -11163 -3207 7478 10492 -5051 -5131 4226 -14656 14290 -4784 2723 -4863 -10339 14003 13599 -4093 -6169 2114 11993 8514 -3175 14818 13840 14742 -292 -14286 8457 -13205 16201 -14961 -13486 548 14278 15685 15786 -2154 3574 14052 -2423 -16216 3923 10146 -9920 11280 -1053 16372 -5691 1585 -13171 9011 6934 14617 -13554 14192 5696 -14432 -3693 -9375 4 
-15964 10220 -3987 -7393 -4249 5219 -14629 1323 4625 -10703 6687 3117 14153 8083 -5299 -1355 15864 -14970 10144 10404 -13792 -1261 10539 -362 1504 3664 16296 -9755 11665 7406 3942 8014 1282 -10639 13397 8763 -3112 519 14132 9893 9994 7679 739 -7267 13697 3805 10188 3182 -6699 -3056 -9356 1641 -11477 -10168 -15833 4421 -12493 4974 12487 -14294 -187 -11206 13501 338 -11612 -6300 -12285 12883 4051 -3457 -2224 7940 -10467 -1937 108 14594 6185 7549 -12645 13783 6338 -16114 11050 447 -13650 8949 -10208 -10992 -12627 -5516 2824 -11716 8857 1218 7651 12924 6308 -3760 -7118 10003 
-10826 12694 12839 13620 13541 12940 -15371 -3445 3615 9664 -11466 10333 -547 -8180 -14207 852 -5114 -3095 5909 5601 12266 -8853 -3928 4934 -12440 13778 8018 -14024 -2272 1218 -3169 -473 -5670 -6887 -11079 -1502 -15104 -11422 8378 8290 6206 7153 11032 8042 -4544 -363 -14541 -8750 1165 15853 -4862 -5722 4232 -3998 9698 -12170 3982 2231 3975 -6670 -16334 11334 -7419 7993 668 3282 3583 -14151 -504 7164 3064 -844 2403 3677 -12865 -8083 -2808 -15304 7420 -12827 -3167 -12848 2529 12361 34 -7836 4339 -1803 16103 14524 -14593 13078 -2057 -5015 -1759 -9223 -6055 656 -12553 -14875 
-14182 1896 7403 -5203 1640 9551 13478 15054 -12463 -11651 8601 -1478 10909 -13732 -8273 5048 83 10364 14870 9713 2896 6958 8244 -6894 -11125 -15435 -8530 -4081 -2708 -1508 -13669 -8046 -174 -13647 3278 -1160 1579 8979 -9399 2045 -5065 -15117 3782 -3203 11486 13404 8808 2014 1209 -2121 -13431 6806 -2907 8024 -2140 14926 15880 10935 7785 297 5681 324 -2584 -11860 -4405 -11038 14045 -7102 -11896 -7177 16163 11107 -4907 12579 62 13401 4031 -6497 -14327 -13656 -3346 15137 4485 -15343 -13120 -12665 11209 -1223 -12657 5115 9485 7923 -14075 -44 2010 7199 -10845 -12535 6229 2103 
857 -8636 -8269 4717 9288 9885 -3138 8571 -1380 5614 2188 -7168 8846 6343 -1464 14730 14206 -13306 7456 -1474 -11721 -5107 -16040 -15591 7746 14230 -1683 3288 -7052 7215 -12173 -3198 2172 8775 15985 13448 6060 12010 -14079 2447 9938 -12008 -8722 9683 -8905 -3917 5645 15409 10940 -10974 11814 5065 -14563 6520 9218 -11962 14406 -15270 1438 15041 15834 -9884 8303 -9136 8140 -9650 -8483 4895 -483 -12904 -15932 9536 -8260 230 1068 11278 -8573 -8974 5905 14129 -4522 -16091 -15530 11846 -8865 -822 -8244 5926 -13459 7143 10599 1736 -2445 -8783 -5239 8908 -9690 -13662 -14736 14749 
-16201 49 450 5947 694 -6106 -1728 -9059 -11249 12688 -11888 16309 7206 349 -15573 14882 -2281 -3954 -5778 -13209 7697 3596 9157 7128 5337 14882 14075 -11996 6756 -11887 -857 15728 -1388 15937 3768 -5076 -228 9123 -729 -6295 -8841 -871 15300 5355 8202 8469 5666 12743 10338 -14001 6054 4786 2192 -15211 -2635 -4387 4522 14789 10754 7041 5476 -6298 2814 15876 -1836 -1705 -12191 6846 -10677 10794 4574 -14750 3158 1561 -4628 8188 14301 -14949 9912 6563 14172 -10853 9008 -2634 -2746 -15539 -7630 16067 -10368 -7771 3546 -8174 -11775 7789 -783 -6972 14991 7419 4218 927 
7069 -13178 -1185 15728 -7094 -12260 8770 -3049 -3205 11832 -7832 34 7201 -8708 9927 -5346 -8050 -6144 -4553 5239 -15624 -3890 -12866 9984 10519 8947 -8196 -6885 -3868 3772 -1346 -3720 -2959 13699 16295 -9596 -9491 5805 13571 -12698 13505 13369 13485 -594 204 9471 7975 -11627 -10045 -5509 -7998 -15644 8877 -8117 -2326 8826 -14972 15172 -15460 -905 -275 11813 7402 6391 6176 -5649 9907 -2683 -10276 -12326 9322 5653 12170 -13588 4357 13492 -16005 -6352 -5362 -2617 -445 -9079 -15666 -6411 14140 -7382 14491 11947 9248 -14421 14666 -3517 -1593 -11070 -6470 6344 -12280 -14189 14974 12385 
13490 11181 4276 -9134 -5710 -101 -5909 -11871 -5048 -9445 -13514 2145 873 10742 -8362 -6248 13121 -6539 -7155 -11841 5066 -15755 -11130 6123 10382 -10722 10728 -1641 -2172 2621 -14588 -2298 15629 5171 15388 -9145 15125 -1646 12506 2783 -16048 12619 -7589 10255 11410 6287 -15528 -2632 15192 4409 -4997 15327 13662 16364 10953 -14117 1118 -58 6707 11791 -1040 -15944 -9663 -163 11911 11640 2783 -1248 -12911 -1507 -8367 8412 12974 5198 13625 -9091 -12263 -14304 15822 3137 -6627 -15229 -6367 -14531 -1097 -4514 -11375 -5504 14418 6470 -12970 4829 -9047 -9263 -15311 -13997 14525 -10871 824 -14325 
7422 -9079 -4919 -8701 -7040 10415 10894 5974 -10661 12915 -8266 -4064 15403 7004 2876 -2048 11185 5654 -6056 -5052 8584 -7125 15114 -4435 11017 8018 5839 7892 -693 9327 -12956 -975 -2244 5665 -11329 5824 11487 3322 2836 13383 14769 11094 -1013 12351 14367 -5420 12807 -939 -9175 6497 1179 -14443 -12518 7167 15631 -3541 2671 11529 9752 5069 4045 -5062 13214 -1343 -988 13873 4270 10623 5098 -9797 391 -1796 1660 -8042 10184 9611 -14698 -15884 -10560 11369 -2567 -2933 -14889 -35 549 -2481 3872 14337 12340 -61 2057 1577 -2594 14578 8739 -12059 7572 -6649 8724 -339 
-11331 8573 6820 5408 -9452 -9732 14827 -3342 -14806 -5688 5792 2665 13311 15838 -13434 8842 11716 8870 -12551 -15138 -7242 -5047 5277 7635 10011 -12122 10030 13769 8039 -5908 2156 2228 -10127 -3891 -15065 8800 -6186 -1707 -13456 1372 1911 -6818 12517 -15745 8982 9641 14117 -14584 -2283 -13677 -940 1900 -432 8552 -6704 -13126 3360 13152 -3331 2715 6009 7214 -14798 -15358 -16347 -12744 -11829 9319 -4321 -1426 14160 5048 -13029 -3648 1739 10966 8731 -2507 11313 3777 13618 4510 -1808 -10152 -5282 10221 -10338 -12601 905 6958 -10295 -9594 -4697 -2280 -8222 14081 -9486 14919 -3252 2275 
-15030 -3310 6794 7922 -13392 1532 7053 -15458 -7703 5072 -12251 9506 -3784 5462 2182 -1458 10300 -7516 2051 10727 -10254 -997 -13871 -9547 -9267 2807 -9224 -3552 10999 12169 15974 10109 -12109 -11506 -11239 -3596 10706 -11491 5224 14079 -6820 -826 -13699 16279 -6589 -4795 -12075 6649 -15288 3672 -10501 11782 -13833 1074 -8370 -5548 -4667 790 -15631 4040 -7089 8841 10711 -15899 2486 -7123 1273 8620 32 -15314 14487 -9944 337 -13982 -15180 7565 366 11000 -9833 -12794 -7973 -15914 -6526 -2799 2866 7040 -12162 4752 364 9409 8006 13414 -4843 468 3673 963 -1360 -13765 4134 3333 
-9934 -452 -3752 10306 -9053 11247 -5560 2159 -7721 -9732 3208 5920 12625 -4632 6804 -7437 16194 -7150 -2148 1685 -14689 -12474 -650 3687 -8857 13811 9897 708 16379 773 6812 -8981 12710 -8109 -13852 -13187 -4051 -3908 -5965 -11350 -10088 -37 13668 -8203 -1270 -8868 6445 9624 -1086 14833 -12058 9102 16184 -1042 -5123 -10698 -162 8565 3970 16021 2038 -6570 2903 1098 -2024 895 -4231 6144 1741 -493 -4237 -9048 -5938 7202 489 -722 5469 13565 -13751 13548 -14258 13100 -1387 -3927 16150 15878 -1195 -12737 -12519 8420 -14431 8419 4859 9722 2899 -16370 3364 15051 12626 1788 
15711 -11199 12290 2774 -14443 10333 465 11641 -5718 -3176 -10268 -11556 7808 8142 13543 7951 -5101 -15652 15867 -15634 -1357 2766 12225 -680 13157 -12865 1420 5923 -15514 4934 172 16281 702 3472 -8738 -12383 -9208 6168 9944 6531 -3254 -3592 11770 2898 -5640 2531 -7656 2543 15882 -11847 -14228 2734 -7609 12221 2719 4512 -12909 -15505 9982 -9610 -8327 -11271 -3901 4613 6086 -8625 11906 9843 16195 -10017 -15172 -11274 16282 -7446 -1400 13371 2126 13686 1635 13938 -294 -13333 12577 1517 6130 -9665 -778 1384 -10274 -14634 -8538 9457 6138 -528 14033 -1940 3923 5319 -9878 5306 
15460 -11714 4406 -9857 -4616 -11463 11655 -4731 -14047 8341 -14330 -11320 -13731 11453 4250 7959 -8240 -12578 3459 -5540 -9564 -3648 -8834 -9341 5509 -13255 10773 5882 -12734 6470 6161 10721 -12153 -6719 9220 4296 12221 10673 -1801 8472 -4597 843 -4294 15129 3694 2428 336 -13673 12284 -13272 9473 15399 -4032 14329 5763 11540 -3402 13278 -15414 15322 2926 -4584 9717 -172 10949 -4365 -2334 -13695 -14265 10015 -12078 739 10921 -12380 -6595 -4205 2796 4467 8129 1752 12436 2726 3629 -8073 -15089 -6322 16049 4755 15400 -7187 7978 -8391 -12365 12167 -16238 14463 11324 -15518 -6773 -16046 
3313 -6577 -5357 4306 9367 12714 14665 7778 -11856 3566 2663 -9144 15282 15591 -2621 9973 5995 10122 -13051 -12564 -3975 -14992 -1677 9026 -2578 5090 10081 719 -6135 12952 11707 6632 -6889 -9204 16310 4815 -3215 3949 5790 7857 -14696 -7621 -7744 -8878 -8844 3958 -5506 -14000 14257 -1413 -1415 -4343 67 -1164 12769 -11229 11001 -5261 7137 5551 9029 1570 -4304 -7438 -13802 -10462 2234 6855 8402 2294 -12683 -3667 8062 2979 -14265 9826 -11277 10462 -8934 -5326 2111 15338 -15861 -13864 -12765 -7419 -13904 -6138 -4685 8325 -7794 12938 -10992 396 11171 5400 -14519 93 -15847 1191 
10327 -1966 -11510 -15742 -7103 8563 -7561 -8731 3918 10669 8276 6728 -658 8612 -8011 68 11956 4911 -7142 -233 3829 14182 15841 9422 9857 -7581 -14637 4872 -1525 -9590 10702 -2470 -2147 -3699 14488 -6565 -4422 -11015 -10546 13381 12703 11374 -5912 -12738 7579 15222 -10892 -711 -5996 -8962 -14754 -7292 12700 -12701 -1958 -15897 -3399 -8143 1658 10605 4539 -15755 16342 -8244 -4546 -15693 13662 -9114 -5433 -3714 -12858 -7184 3843 -14931 -12911 -5954 292 -3283 -7867 -2653 13405 -13442 -10315 2422 -13690 7621 -9614 -5825 -14639 11394 4692 3829 -12365 -4376 -14802 -1303 -8746 -3120 8599 -12852 
-10685 -9135 -3619 12624 11670 1013 -14580 13687 -11678 3217 1826 -6034 15532 9146 8541 3868 8331 -2086 12197 1091 -7706 -3356 -3042 -7094 1870 -3918 -16175 -13410 2562 -14608 -2177 3515 266 5307 -4211 -5420 -14988 -4141 12307 -5613 -12877 9585 3080 7814 7709 -6976 -12653 15519 -13173 -14099 -14990 1632 13587 -10014 6035 13336 7658 12956 -2630 8149 10334 14366 -11440 6495 3321 13321 -2732 -5915 -16199 3027 -15003 9791 -16014 13721 -2316 10968 -6324 -14437 11407 1071 14687 5962 -5294 -4863 -7306 -504 -13711 -3315 2787 -1676 -4889 3964 -8057 -664 -3256 6116 -4629 -4727 13228 3568 
15231 -11134 9660 -3161 3578 3797 4321 -5553 6356 16214 10897 500 9189 830 -3390 16273 -15831 -1055 15472 -45 -10348 -7162 -4014 -898 -13289 1752 14243 -9611 -5700 3716 -8941 -14750 998 -16278 -11819 -14857 9641 -8976 -6965 982 9554 -1794 -9772 -996 6905 -14571 12094 3966 -10167 -6661 -175 8982 8024 -5348 3065 4806 -2390 -389 8860 -9153 6216 -440 9732 2213 6662 -16360 11371 -1319 3291 9653 16301 -6052 -3742 -9312 -4717 -7469 -138 14105 -2493 -1996 -8462 -13856 1740 3972 3982 -7804 3542 -14269 -8739 -14242 -10128 -15762 -7316 15904 -15109 -10969 12286 15894 -1477 -9732 
-9748 -14093 12420 -11574 -11360 2118 15114 -12219 1079 -15975 8011 7965 -16064 12061 10399 -7737 -6256 -3062 1511 -8994 -3764 650 8026 -9171 1795 -5798 -3468 13907 10728 7924 -7680 5386 13621 115 2125 -14323 5287 -9731 14710 2204 11802 -4386 980 13222 7245 5950 7301 8331 -1863 10617 -14809 -9595 4755 1294 -8297 8873 4329 13630 -5909 -16234 7649 -16067 -5001 -14415 -9962 -8188 -9725 5905 -4332 -6703 531 -1529 -11269 -7882 -168 -4292 16184 -560 -964 15485 9831 -7523 -7534 5410 5454 -7690 9058 14605 -7941 -3812 -6948 4697 -11258 -646 1115 -2150 4585 -10896 -1374 -10045 
3971 -1330 -12259 15536 7861 -11028 -4268 5450 11036 -10147 -15490 4170 -6666 -9661 12579 10914 16152 -6837 5880 -4985 10516 1598 9410 -11252 -14735 9785 -2455 5235 15881 10370 294 -4082 5264 8703 206 4805 2340 8269 13124 -3268 4885 5745 -12281 -8036 16064 9526 -13863 755 -14449 5404 2197 13376 -4848 -2063 -5861 14360 8510 2054 -3747 -2072 -12842 -1271 -14709 2526 3799 7794 4964 -6032 -8156 13220 11429 -8066 -9153 8602 -7788 -9185 -13788 12866 1708 -12290 -10163 12659 -6028 12647 715 -7296 -2974 -1301 -15733 -5778 1522 -6747 -15449 -14129 -6707 7455 243 -4814 10523 -11299 
-15726 6461 16113 15996 7604 -8861 6623 7039 13178 -13771 923 3504 3310 13406 -14126 12070 4642 55 2835 -7440 14961 2811 9956 2901 13274 -6240 15335 -5442 -8319 -15029 1326 5433 8520 -2714 -12377 -1885 8339 10071 -857 8554 14370 4056 7841 501 -3312 -11800 -8726 8874 5360 8034 -3158 -16237 -13553 10042 10480 165 -15155 1864 -6184 -603 4381 6088 3290 5807 16164 1640 -14785 1117 -8200 -10492 -4185 -9590 10102 -7 -2118 15545 2637 -2020 -520 11038 -10478 11342 -2397 -4544 -6016 -3401 -15662 -14527 11993 12692 -13671 10945 -4509 4022 -14501 -5011 12546 9360 3127 -7912 
2300 15860 15001 7564 -7470 -3740 -3870 6121 -15293 -12536 8505 4528 -2462 11335 -8581 -12188 14559 7166 3397 -13612 15452 -13744 1830 4351 -15889 4641 -8725 -11107 -8771 -15828 3340 6207 -1347 10164 1852 11035 -8813 5347 11797 14192 1163 14517 -7703 -13942 -7490 16024 -2132 -10903 5193 -13413 773 -7926 -13903 3911 637 6474 -14244 15893 7112 14187 -463 -5242 13880 15678 -14760 -9775 -7862 11748 7443 -2748 5455 2362 8387 -11981 -957 -4136 -8703 7309 4275 -2627 1242 9241 208 -13935 -15051 6213 -7270 -2418 12358 -4961 -4561 9988 7482 -14614 -2246 -4734 12006 5077 13951 14995 
14512 -2221 -12660 -15052 -8056 -4469 -12668 -13368 -1017 6515 -1524 13258 -14673 -15866 -15008 11795 12098 -10473 4982 9655 6731 12488 -7079 -8299 6068 5284 -15989 -12171 10629 3917 -10600 -12332 -9786 -9765 -15415 -4792 -652 8393 -10009 -12669 8877 8853 1587 7166 -14367 15340 -3727 8764 6710 6024 15632 -4686 6406 -10336 12164 -14520 7292 12032 2215 6020 -8878 -59 -3247 -10669 15278 13735 8447 -12957 8996 12795 15784 4919 2510 16191 2469 -15163 10382 8792 1983 9146 10860 -156 -12956 -8343 12562 -6097 8939 -4535 11373 2636 -15860 -484 9063 4809 8292 8378 11208 -634 -11218 -1166 
-4300 9772 -16123 -8431 15174 4286 -9508 -12663 15058 -41 -4856 6711 5696 3704 -3220 -10806 -9971 9091 13259 3780 6756 13521 -6859 -13912 1761 -4123 -11376 -5192 2415 -445 3407 -10400 -3776 15207 -14024 8506 4849 -11682 -11690 -7241 713 -9996 -6138 -10400 9743 7823 8229 -2624 -1647 1193 -1696 3303 2875 -10530 -5218 -13932 -15139 14500 -7025 -8713 -14851 -8536 15966 2840 10979 -5702 -8579 -3359 16044 -9878 -13683 14523 13966 11321 8564 5856 13364 -7306 1675 11830 -4805 -16212 11493 -2340 -2608 12987 -12093 -10420 -13196 2196 3358 2083 -6960 8067 7002 2696 4026 -7376 11024 5935 
15954 5422 8190 3074 15935 -3530 9233 -411 11531 -5384 7066 14362 166 -14697 10646 1232 8958 9400 4639 -10691 16068 -2753 -5896 -6934 -1213 7071 6716 5019 1377 5076 -1233 -1197 -7232 3830 12581 9719 13302 7539 -9064 7576 3825 7393 5711 5720 -3473 16247 -4943 6383 11682 8992 12080 13264 -4375 3635 -2598 -9994 12465 1993 -3326 11838 -7308 8627 15635 13943 -11567 -5617 -8577 -9977 -7215 6783 6596 -4568 -5567 15102 -4188 5594 -3278 3672 5487 16227 663 15933 10609 -6282 -7681 -8966 4991 13043 15993 -3380 8102 11355 -3186 -4903 251 2505 352 -7227 2694 412 
-13334 -12315 3153 -11329 -7849 -7909 -7529 -12913 9611 -12217 -6897 11867 -8007 8285 1118 -3434 -12510 -6879 931 11151 -4107 -14987 -9178 10720 -3763 3922 -1759 -8077 14155 -11421 6584 1571 7260 7728 -14595 7177 10383 1283 -5086 7775 7702 -9138 16074 -14845 -10011 3532 -14988 -8033 8045 9268 -5628 -6796 8833 -15729 9852 3256 2634 -8918 -1598 -12383 3694 10804 -3440 -10487 14151 -8210 16000 -332 1606 -2430 -13501 13113 -7314 -15494 10207 4227 -12811 -6955 -3028 -14595 -4610 4543 -13220 -4785 -14982 1766 16037 1231 -8667 -7059 -1767 5760 -3420 -3193 -631 -4424 12484 -5718 -13925 7530 
-11561 -8347 244 264 -4559 -12073 -14456 -15860 -2873 7620 6661 -15078 2031 8014 4711 14795 -9670 2375 9886 3089 -394 -4825 3938 7739 8649 -11098 9504 -11874 -12559 2543 8454 984 -1890 -15497 -12237 -14663 10488 2416 -6399 14533 -11210 -13594 -15749 1123 -5027 14445 1506 11157 -3041 6781 8801 -6549 -4388 -1692 -2341 -1536 11193 3293 -10797 3622 2535 2378 -8320 10153 -3080 132 15866 3382 -3998 11346 -3705 -801 -15073 6278 -1272 14404 -13213 -15704 -11640 3417 14468 -6827 14316 8647 9456 -15057 3005 -6407 -3503 -2695 -486 15548 3012 10823 450 -6006 -11456 -12711 4422 10092 
4874 12938 -2987 -16253 -3492 -13071 -11479 7722 2846 7562 1558 5058 -8506 -4455 12089 5651 2129 -14698 -13241 -13229 10603 453 3700 -52 12452 10610 -6517 4135 14033 16064 -11499 12872 -11893 -12509 7848 -8227 -10037 -14222 -9126 -640 15786 8865 4167 -8834 12351 5400 4678 -6854 -3430 11683 -10062 15160 -10522 16141 -1701 963 1700 15703 -12651 -11732 -12022 15752 -12705 5301 -8573 -4312 -15940 -7909 -14520 1365 10775 10162 11043 9591 -15655 -3274 2125 4507 11533 -1240 12134 -7069 -3268 -4392 -11620 -11105 13133 -244 -12834 5762 -9060 -13244 -6587 4219 4130 -97 -8565 14758 -12084 -2970 
-8531 6118 -11811 -2004 -13146 -3174 -11899 -14439 -11188 -2319 3468 3529 -941 3810 33 -13220 -14743 964 12997 12818 -1938 -8321 5468 1563 -13090 -10394 -6309 -4622 -6078 4009 -7916 -3091 4568 11890 -5338 -11173 -12980 -11116 -11767 14160 5014 12771 958 7433 2299 2860 1436 -7440 11816 10186 -4033 -6333 10865 15577 -8301 -3746 -4815 3091 -6907 9370 1090 3133 10705 -7206 9636 4421 3951 11177 2611 2546 15392 2314 -10359 2367 8607 -3372 -2309 -3762 11242 -5183 -10312 13820 -6601 -3318 14851 -13025 1018 -5703 -15973 592 -9188 12932 11560 1134 1087 -3495 12525 8874 -9675 -2172 
4727 -12479 -5752 -4751 -15488 7632 15146 8983 -9745 4945 15686 -13830 -7438 15783 4392 13267 12096 10457 11599 13527 -10634 -6167 -7780 -3941 -12399 1864 -5223 -2152 7312 -8467 -5902 15190 10036 -9717 5626 -206 3287 -5532 -6562 3005 14194 -700 9709 2760 -15948 -6122 -4207 4619 -15291 -7530 -6065 614 -13792 -15190 -13183 458 -13801 -8745 -740 -2623 9064 -9125 -9436 1166 15237 -9764 -8395 -15623 -1301 -15420 -1229 -11086 1825 -2766 -3045 -6825 14297 -1898 490 29 -6869 1760 9139 -5104 -13067 -1443 13766 -11520 -4778 2855 -2045 6400 -11694 -13504 -11707 -5483 -2936 -1982 -15117 10097 
-6377 -10050 5032 -4126 12952 -1241 -10229 15058 -9410 -13198 -13645 -1420 12304 7236 12345 -2687 8527 -15152 -1943 6949 -1045 -13244 15754 14210 2088 -2586 -3629 3800 10583 -10040 10479 1351 15543 12828 3000 6457 5491 -14033 9209 5735 5053 -9482 -12699 1918 -2800 9038 -16227 3174 7052 14797 12644 -9431 10866 6201 -12049 -11916 -2616 -16229 -8376 7363 -7409 6393 -12567 7974 -1752 12972 351 -10589 -691 -11435 -13277 11583 6964 13678 4988 14246 13895 5770 -5734 2155 8711 -14044 16309 -8714 8071 8211 -10388 4351 7693 10666 -15838 -13884 -9012 -12189 -9063 8635 11204 5946 -11111 -2035 
10691 -14426 -6462 -8567 -642 1831 8822 9560 10192 -5500 8684 11068 11548 15516 -15272 14454 -3130 -12577 6205 -13742 -10796 -13984 -15396 -10941 937 4240 -9795 9138 -2582 -2414 10082 5985 -13198 3630 11284 13167 6264 5485 1487 -2815 12233 3528 -15791 8324 -14551 14340 8775 -13926 12746 -13913 -865 -1129 -15368 -11768 4081 2223 -2364 -6898 12303 9655 2803 -16001 -8778 6285 2292 -14086 -2475 -8418 7164 16266 -13823 -10997 -6579 -5918 1410 -528 3206 14632 -385 14921 -10703 -4232 4045 -13061 -7852 4078 -11297 14194 1847 -11417 11086 4725 12348 -15667 7569 10620 -2842 -11244 -15936 16065 
2537 -307 -631 -540 5494 -8610 2109 -15572 11154 6100 16379 -653 -12395 -9890 -252 4265 -1850 -5792 16160 16123 14366 -9432 -1739 16024 15650 8008 -12561 -15845 6115 -14967 11409 -9850 13848 -6528 12515 12790 14691 -13624 -14018 -9757 -6999 1490 4026 -12287 -365 -9627 6527 -15666 10026 -8537 818 1715 16023 -2595 10623 -5937 6913 -10819 7116 9299 -5240 -4763 -2298 -8041 -14745 9198 -2420 15791 47 1195 10560 5569 2598 3824 -10059 14560 13766 -103 -12164 2453 -9381 2577 -11376 8 445 5906 11752 14785 -15052 16119 -4060 -9196 -9359 -10828 856 12064 12976 -410 -7426 -2181 
-13835 -9068 -5376 13428 101 6394 -14358 2301 14795 4101 14132 13611 -10699 8169 -6730 9828 6827 11346 -9682 -15329 -14057 3523 -1548 16199 -15046 -15743 -10810 -13746 -15149 -10446 3254 16323 10450 7439 13113 -8794 15810 -7237 -13229 -9405 -16065 3255 741 16316 10900 -4484 -3809 -202 -11138 7467 -7158 1169 -14842 -12564 10549 -4645 -1921 12761 5257 -7859 6310 10654 3120 247 -7966 2728 2216 8964 -13669 2303 5868 5277 -2884 12473 2763 -12939 15700 -8683 12105 6630 11345 -13527 -7366 -7739 -4771 -5825 12263 -11847 14042 -9271 2016 -12983 7178 2807 -1047 12161 -6079 -7188 -11256 57 
-16055 -877 6836 -7175 -4385 -3815 -14303 11390 -15021 -3840 -9297 4068 -11965 4565 -11910 11366 632 7558 515 7885 13291 12891 6660 4460 3801 10888 -1957 -13875 -6390 -7835 -8170 -9485 -12759 3138 3236 -15805 15427 -798 -10716 -11000 -13462 -15478 13261 1177 9323 -14658 2693 7970 -9547 1680 -10873 -11514 5451 -7779 -10444 -9499 752 -11874 8195 -10169 14170 13727 -9842 731 12183 -8231 -7238 -3483 -9338 15646 -3569 -5829 10870 3070 -2273 9586 14569 14701 -13288 -8540 -8851 6438 8813 13901 -3433 -12391 -4694 222 -9174 -7292 4958 -4773 -6834 3368 -12501 12703 13807 -1757 -10000 332 
15681 -11043 -1250 13637 3924 6824 -6367 10716 -11303 13169 13805 -1642 1021 9238 8882 -9584 -10902 7260 11682 1156 -12189 -8826 -2841 9589 12031 3723 12712 2796 -15473 13291 -6333 -14875 -15340 8488 -3441 12114 -1825 -9770 -14513 -11454 -5035 -1962 -13884 -5977 -9790 -12244 -11693 7097 14689 8690 2393 4355 -6281 -10511 -5863 9985 1164 -9644 -11323 7275 -13103 -14847 -13392 -7909 -15208 14604 -1125 -2163 14323 -12846 -8923 -4848 11129 -14937 -5291 3712 -1001 8243 -4278 8118 3096 -2969 5387 -1146 -1214 272 5746 8811 2063 2830 -5574 -8757 -10224 16172 1329 15833 1385 -4715 -9343 -10204 
-4243 5351 -4065 -13134 -5022 -11537 -8098 14288 6744 -3849 -1644 -10638 11563 -7737 1779 -15557 14240 10031 9580 -11743 3493 13638 3013 12470 -598 2364 -11068 4365 16163 -13873 -1670 -15039 5160 -6300 -13894 -11883 15404 -11846 -12134 6977 -2590 -1723 13101 -1575 -4554 -3554 14157 4427 6767 11931 -16251 -1397 7018 -6263 12578 -7975 -6150 -6149 15715 -9821 7269 4805 -8507 -8944 -4863 6034 13679 -6877 -9741 -4714 -14906 -9855 -7664 -13847 8210 3544 4820 -6280 8278 14564 -3192 5792 5175 -5608 -5766 10849 13580 9183 -11427 -1738 1036 -8059 14791 -14458 13979 -6210 4818 4543 189 -1335 
14034 -13298 11165 -711 -15298 -12883 1598 -8103 -12125 15840 -8629 14130 -6967 -1911 -12543 -1741 -7695 92 -11200 6517 3629 13495 12217 14496 9704 8473 -12741 -10377 -3975 -9161 -1248 4084 -2585 3245 -12324 -1256 5064 -13985 -4691 2378 -12483 11107 12132 13153 -7667 1954 8539 2633 8425 -6652 11641 -13497 -1847 -5043 2408 16097 -7837 4751 5343 -14233 -15663 5956 -2542 11279 -5044 -14079 -7617 12743 -9717 -9270 8282 -5482 10302 8206 -3103 -356 12591 4407 15811 2500 -2942 -11802 -16012 11520 1418 -13375 7187 6707 -8493 -14094 7107 184 6326 -715 -15087 -8058 8478 5268 -2944 -5643 
12897 -581 10818 12328 -6332 -14868 11772 5136 -5618 -874 -10057 -4590 -9003 13453 -3348 7245 14541 -10015 13496 15234 724 11084 5668 -3943 -11515 -7596 15766 -14138 -12935 -780 -1442 -10675 -13782 509 -9885 -12305 2537 263 498 6377 -2428 -13560 10415 14237 3070 -1912 1694 -7974 10479 -3207 -7598 -8773 9220 -9555 -9922 12852 9368 13548 14112 2616 -9095 2475 -13933 4985 -8003 5468 15797 2516 -54 -4241 13822 -9134 4717 6107 -6614 -3884 -6629 607 9029 11346 -436 -10924 -2596 1480 2814 12830 -9140 2487 4685 -692 2859 -11188 -5319 15430 6619 10280 -14471 16037 10551 -6204 
10882 -5843 12893 -10376 -13402 6234 -13405 11807 326 12448 -11874 6754 -3266 4669 596 662 -3491 -14676 14474 -6836 -3328 -8770 5425 -8084 -14122 4177 1267 1284 -7751 -8540 12259 15787 -8784 77 331 11654 521 7121 5526 3566 9627 -9255 -924 12469 -11229 6147 -9035 -4846 1726 -6301 10549 -8929 -4212 4750 12975 -3580 -2452 -1192 1687 1210 9433 12323 10167 10614 -8468 221 -12541 11177 -6284 2958 639 14506 -12999 -10606 -4012 -8455 -170 11888 7163 10279 -6467 7502 2953 13148 717 -3575 -15581 -10624 10006 -4889 -894 -5130 6198 -14350 10414 4880 -6700 -3864 -5695 -14066 
-62 -5414 -11558 -7999 9272 -4775 -9174 -296 -6860 -2223 6433 -7999 8949 11131 -8510 -11214 -1633 -4998 10244 -6836 16369 -12662 9841 -5789 -10965 5336 3268 11365 7172 4218 -15933 9950 8399 -10493 -14045 -15714 2230 -6469 -12127 -11265 2071 -4496 -4314 3532 15875 3829 -15333 -10807 -3361 3118 -15148 -44 -10214 972 9759 5550 1812 -8284 -4107 -3742 7447 -9825 -5822 4167 -3464 1876 10709 9388 2767 833 -16267 3096 -931 -5732 -1278 -4044 11395 -313 -305 -1969 -8344 -2704 -246 4484 14506 -5573 -183 -3197 -5298 -13534 12349 10225 -2389 98 5243 -1419 -4456 -13030 15214 -10406 
-4961 -645 99 16082 -6047 6302 -9291 4838 -10990 -5121 -3043 9711 533 -6516 15908 4041 -9023 -9886 6058 -4211 -11980 -11236 -4712 -8192 10330 -3376 6572 1172 -7924 5024 -14742 13584 8770 2545 -14553 -4648 1152 1348 -3529 -13619 4169 423 11071 -3369 -4155 14286 -5217 -1522 -3721 8908 14079 -8071 6689 -11935 2562 -3207 9153 -9994 -3825 -2097 -6226 -8141 5443 8766 -11820 -10445 11643 1237 6932 4953 -7800 14036 10439 9420 -12941 7473 3921 -9340 -3338 -9793 -10773 4614 1795 1778 14707 -3142 10615 1610 -13187 5341 13536 -14509 -3492 -11746 -2954 3405 -11408 3529 11806 -9866 
2171 170 3744 16360 -9434 -2949 9713 3369 6551 -8712 -15963 -15800 6966 -4963 4979 3493 13446 -14859 12787 1630 -2009 -15723 8541 4171 -15631 8876 12927 -4437 12594 -12222 9674 11110 15120 -6909 8318 6391 -10748 -13890 8697 -11027 6515 -6794 -14553 -12011 1143 -3557 -13813 2366 8885 11485 -13454 11169 -4514 14374 5311 6628 -4791 9516 8154 -14141 10040 15144 -11460 9298 13104 12846 29 16106 14842 14241 -12089 12454 -5185 12874 -2822 11666 1737 -9203 -1402 -1943 11612 -6337 -8208 -2048 -5956 1439 3909 -10934 -10431 -14615 3844 10240 9116 -6903 -10448 -10265 822 13305 -10118 -1873 
6566 2866 -7277 1667 16217 7873 16024 2348 -14008 -8705 -10591 -15407 4056 3558 7017 14181 4830 -2805 13096 -8791 14515 3885 -11145 8913 -14723 -8592 13408 -15410 -12417 4144 5775 -10448 -1627 -13444 11676 -6481 5404 7974 6527 8013 9486 9596 -3562 15906 6020 5023 -5158 -66 2656 2678 -15193 -2004 7038 8006 -14671 -9825 -7694 12775 -12405 -12363 -12699 -14690 -5799 13658 -12142 14730 9246 2901 16356 -15930 -726 13667 9530 -9709 -15708 9226 9148 -15050 317 12533 -8482 1004 10747 5119 -9348 12927 15915 -2344 -1509 -7170 -4246 -12984 -14266 12559 -15915 14362 1799 -12181 -8619 -10078 
-7026 12011 -7403 6873 1767 7500 8197 7219 9692 -13963 -12913 -2824 4595 -9864 -5277 -13744 9864 7717 5477 12006 -15085 -3266 15547 -1998 6012 848 -11523 -12708 -2141 -15065 5500 -9023 -1547 10468 -14660 10523 14640 2741 -15370 14154 8513 8489 1228 16306 5948 15655 13080 -8631 -896 -11901 10456 -16329 10997 -10188 -15813 -2528 10341 -13524 4558 12553 -4351 1740 9424 -12321 -14090 3067 9626 -15466 -8909 14299 -13774 -4101 11078 10016 7408 -12528 -11179 6918 -12966 15638 12095 -10778 -10494 -3274 -14881 1388 -4957 -10562 -1699 -3984 13636 -7407 11195 15974 2444 5159 -5013 -12675 -210 -10315 
-14837 13384 12405 10992 -5305 4132 -12808 11004 8409 6431 10336 -539 -7517 -12647 93 6735 -7701 -6286 2737 5047 6847 13542 13915 12637 -8591 -12542 -7443 13766 -11982 180 -11023 -8989 -1838 2442 -10627 14040 6816 -5375 4574 9571 -14746 6015 -11158 -7712 3204 -1816 1895 4590 -715 -6958 -13023 4280 12007 13404 -12272 13019 10683 -10838 -3538 -5400 13861 -13074 10847 -11122 11431 15146 -509 -13218 1198 8323 9375 -9677 150 12338 946 -11212 -2878 11295 -12133 -16256 -14373 -8681 -14674 7021 -5582 -7009 -163 -14218 8760 10602 6796 5048 11299 -2186 1271 -13791 -13659 -14664 -13626 3629 
1740 -3209 1080 12116 -762 14148 2676 -5620 13622 -9844 -15756 5743 9207 11726 -5100 -5246 4858 5495 832 7450 -12669 -9391 -7870 14947 5638 -8551 -5070 -11512 -4633 9149 -15744 2289 4183 169 -3932 -11083 -9390 15041 -8467 -7531 14781 3192 -14992 3625 9638 10372 5136 8866 413 -3916 -9037 9651 10039 13927 -4723 4885 10409 -1373 -5747 3759 -7286 -15418 -13075 13144 8873 16099 -5154 -15294 11541 693 6489 9978 -16331 -5583 -15350 11288 4868 7363 -2211 -13190 8310 -1504 -12620 8493 5873 16315 2216 -1030 -5397 -8738 2180 9858 10921 4703 13257 -4596 -11999 -268 14819 -15899 
-2579 4395 -3085 -13719 -10121 12802 10940 -342 -7123 -11495 12472 -8523 -5150 3975 -8643 6260 -1459 13911 7632 -707 13733 13464 -10605 -12818 -2974 -2797 8914 954 -16104 -5211 -8016 -9333 11124 8753 -13576 2572 -7071 15672 -6137 7754 -15555 3600 15581 14591 -3524 -5962 -11700 -8586 8166 4937 14912 -14069 13237 -15075 -7369 -15778 9167 -13456 10177 10509 10730 2500 10303 -5855 13639 11217 7330 -13040 6093 -225 -5022 11621 3151 2613 -1401 9478 -11296 6008 13275 4123 -14246 2460 3381 15247 -7690 -4168 16361 -13506 -12786 -4351 12885 -846 -11017 14364 6798 3217 -4862 -8679 2352 9376 
-1894 1281 10828 -10138 -12928 -492 10867 -10635 -15573 1946 -12824 5202 9795 1627 -6165 -9481 3908 11957 41 14841 14904 13137 5192 1877 7574 12154 920 12745 7744 8979 -11555 -13335 -8543 -2516 5696 -10824 -14612 6713 -4260 -5385 1143 -281 11629 7174 -8642 12435 15772 -10387 -9092 5728 14704 -5634 -7827 -6674 343 15264 -3801 681 -3751 3764 1695 7884 -8732 10262 -3136 5099 9913 -6711 -5458 2352 -12801 -5575 -4574 7467 8552 8739 1766 -5807 9095 2845 15480 -11001 827 -16201 -4411 -12702 3901 -2493 -12540 7798 13260 9023 -10823 12112 12416 -14251 13266 14731 -11210 -11516 
-8988 -4219 11543 -14874 -6009 -9165 15059 -5226 10457 -13409 -12057 -1484 -3049 13043 -2297 11662 16222 11833 13750 -537 -14199 -13908 -8977 14676 11562 -4948 -3343 -6704 -4941 -9128 6447 -3627 -3160 -5181 -10911 -9813 -4605 4042 -13139 1865 16049 11401 7926 -11554 6706 4722 12366 10739 -7596 -16126 -12672 824 273 9495 -16195 -6943 8336 10473 -4241 -7245 15935 2972 -3549 8360 14102 5751 -3687 -5325 2800 -6723 -5137 -12758 13579 6941 2290 -4794 6055 -4144 -13170 14672 6339 15429 5460 8418 11770 11140 -2766 977 13701 -4074 4664 -12500 6739 -3931 -8819 -14358 -7859 558 3705 10795 
-8787 -6697 -4203 -7388 -5501 -8090 11287 -13415 10065 -7849 -5311 -5871 -10809 -12398 10224 -9324 5792 12734 -11702 15887 -7257 2110 -5753 -8348 -15157 -12609 -9239 -9723 -8603 15218 6848 12351 5778 -3612 -3939 13090 12212 -144 -14431 6658 -10739 5973 11748 -12125 15995 9329 1552 8693 5214 -6510 -3584 1417 5264 -3731 9625 -2678 -11390 821 -4173 -11417 -13187 -14127 -6360 283 -2049 -14926 -13822 -2797 -14532 13638 15561 11951 693 -9194 14324 4463 10748 -8591 4463 -13130 4753 -11573 12370 5675 9180 -6738 6313 7368 11859 1363 7527 14970 -1106 10964 9837 2666 -10673 -2295 6336 10719 
-6731 -1802 3792 2506 -8665 5093 12011 -10523 8550 6941 3530 7807 3731 -9930 11067 -2593 -8407 -9969 14068 2635 3868 -6554 -5247 8108 -4585 -9205 -4788 9177 6107 -2631 15314 7286 12732 -1142 -7441 -10880 -5314 15630 14919 -10641 -8235 -3584 8412 -15361 6082 13981 -15689 -2925 1553 -1638 5814 7486 440 -11847 -7555 7528 -10285 -12033 12929 3860 13570 2956 -11209 -7742 -15379 10255 98 -6660 -298 -4130 899 -12423 -11675 -2904 -11678 -11297 -12422 463 6338 11313 -13774 12124 -4054 -8497 -7164 3224 3287 -10213 7933 -1987 -12601 -2106 14368 -9137 -15128 -10065 9955 9106 -12186 14699 
