100
100
-6140 13591 13767 -10979 14729 -7017 -5474 -11928 14447 13976 15376 1802 2933 8778 -5803 10946 -2584 556 -14133 9643 871 -6452 15755 6401 12988 -6888 5916 -2933 -546 13912 2357 1437 15627 8128 2482 1216 779 14247 676 -14343 12424 15967 -6535 -8276 7314 -8021 -11184 1060 -12232 -9778 6752 -9799 -3256 2892 1167 12692 10288 -16326 1303 3355 13557 -3534 -6820 -13842 -2215 1518 -13101 -878 -15853 5498 3091 8121 -7889 -498 14854 -8666 9100 1920 -11981 -8913 -6276 7002 6954 3562 -14209 8596 -10214 10989 11296 14568 12405 10426 3065 8390 7882 -321 -1333 -13588 8101 -12546 
702 10907 5544 4694 6847 -2192 -4171 3941 4352 14805 16186 529 -5998 5916 3236 -1620 -14298 -3279 -10264 5048 14312 7664 -11468 -9899 3205 -7647 1466 9532 -708 -5114 9381 6256 808 7574 4127 -15493 16278 1618 640 -13738 -14454 -11079 8098 -5898 -11691 14177 12874 -8598 -5799 -15443 1461 -7007 -10522 6174 -5812 -1321 12851 4175 3177 -5996 1672 137 80 -171 13164 3831 -12749 -16174 -15344 -8065 12132 12259 7109 -4299 5543 12809 -2655 117 -11880 1935 -10954 -12139 -15041 83 9842 10812 12475 13099 -5469 16220 -14573 7663 -3956 14783 -9951 13335 13735 6473 1184 521 
11911 5570 -2722 11002 -11185 -9642 -6523 10104 -2733 4259 12810 -13686 -6441 -11915 -9152 13178 -10772 12569 10621 -3520 5486 15699 -5133 -15237 -6365 -7432 -10348 -3804 -8714 -12006 -13788 -5940 5977 4074 5480 -3961 10690 8487 -1674 15724 -14778 8247 7452 1732 11096 -2087 -3468 13507 9901 -7297 5519 -3585 1072 4674 -11450 1379 -6103 -7812 9764 -1305 12914 -15115 6008 -16185 10466 4801 4736 -140 -14660 2230 -10311 4628 12118 382 -8629 9642 -7720 -4275 4503 9435 -5101 -11718 -1812 13909 -1401 52 -2233 13268 -15494 13463 -3761 8139 -5317 -668 -14501 16293 8060 15379 12704 8366 
-14377 4110 11399 -4709 -13984 8387 -15599 6824 -1169 -8867 9575 3691 2937 -6121 6543 3374 11789 821 -3021 -13061 6898 -2663 -6257 14398 -3479 -777 5766 1299 -13946 941 -1594 -6366 15278 -4037 -15073 -15828 -194 1106 6890 -7380 6971 -7788 -1122 -6622 -964 -5663 -138 3703 -14753 -11951 2117 -2047 -7570 -10294 14690 9900 -7142 -16329 9143 6845 1880 15194 13292 12218 8929 7240 4283 11250 3534 -13191 14164 1694 5720 5503 -15367 2730 -14409 -2460 -2917 7195 -8935 -9581 5049 1557 -8246 10359 6467 -10368 3690 15792 -4182 -2994 -13486 3815 -5359 8548 -4087 -16061 8343 -3811 
1003 13184 -5173 5741 -3101 3243 4146 -15184 2373 1645 1276 -7674 -554 -14072 6348 -3487 10976 -12562 15277 -16090 -3723 -6671 -8934 -4237 6605 1055 -5075 11531 1987 -14794 10224 469 -15757 3511 3529 11780 -4875 -11101 -11256 -14625 -4539 -4921 -364 -10716 9779 188 15290 -7663 11661 -13192 -10465 -7159 16214 9090 12483 -11304 2343 -1330 -14785 3484 -16213 -13266 -1022 -1975 -962 -13975 -2868 -3376 -4947 -2830 -6859 11747 13840 -10689 -3746 14433 -14899 8123 -15681 9298 9134 15458 9233 -13673 -9173 -9486 4451 -11479 -15940 11457 -13758 -14334 -7332 11830 5128 6307 13867 -4384 -1458 5179 
4133 -4315 -1162 106 12804 -13920 12120 4777 15933 -495 5653 12880 6943 -11270 -8958 2363 -8689 -5428 1972 2320 -538 11715 2865 11047 10867 349 2366 -12016 -14570 8298 -1587 -13389 9850 16071 12421 12062 -14979 10166 -13187 14569 -7390 11722 16378 12086 -3141 -7542 15980 15969 3356 11163 -398 -1220 2563 -5215 -8694 -12292 -15731 5291 5858 14779 -10278 6738 -12093 -9053 12488 -9881 33 5293 -6699 11085 7880 -14068 -1514 -1294 -4949 -6094 -8354 -11938 1742 4725 -7311 -4115 -15781 6487 -15250 11813 -9784 6504 -13756 -3792 6701 5329 -7342 13029 -8530 5239 -7637 11917 -14331 -2624 
6761 -5837 15927 11005 15030 -5227 -5535 -11154 -7708 9154 -2399 14308 3368 1100 552 15629 7555 5918 -10393 13402 -11724 -9740 4701 -12674 13916 -9618 1288 -13669 8126 10184 -14356 262 -874 -12238 1221 4267 -12641 16318 10586 5398 -11991 -2301 -12190 -5351 -6049 12101 -12649 10764 6046 8790 -3613 6077 -8966 -13306 8366 -787 -4140 6969 10062 -8069 158 10403 8593 -12503 14263 10517 3694 -2561 -11925 -3717 15313 -2728 -10998 620 -10099 -3456 1328 12644 6755 3583 -14563 9625 1591 1150 -8397 -400 2139 -8116 149 6547 11005 -15996 -12824 3754 -10061 -7467 2345 5803 14638 8422 
-12106 13526 -10748 -5538 -6302 5962 -10850 7812 9655 -15050 14921 145 -11687 -12108 13153 1415 16248 -7616 11937 -7484 11131 5064 -2161 -7392 693 12648 -11507 10423 -16313 5566 9473 8525 -13282 -2083 -12755 4948 -11251 8424 4113 -13932 15890 8004 -6907 878 -3665 11634 -9635 -4154 -10648 8832 6843 6275 1378 -7645 -2430 -15171 -13276 -7573 -10150 -2181 15981 -742 13283 -12001 13628 -7526 7303 14695 14567 9362 -11678 -10215 -2980 -4579 13137 579 -4228 8095 7716 -7642 -4450 9277 -2585 16309 -2777 -2320 4945 -4154 2383 -4803 4693 4044 -2313 -628 2512 -11192 -4177 -10469 -9391 -12349 
1485 -15978 -5875 14464 8368 -9652 8172 -11587 10267 -6903 -7242 -14957 -15179 1667 2910 -16250 13221 -8580 15223 -2137 -13485 5995 3261 7256 -4286 8670 3268 6323 -12014 -3734 -14651 -3180 -870 12604 8846 -7369 -13013 1629 1936 13444 2536 5496 -11764 -13063 1866 8798 -14242 11553 -13383 16145 -8590 -1588 -10932 8321 13644 12744 16041 -12576 -6981 -10673 8448 1939 15647 -5115 12586 -14635 -12446 -9562 13800 3803 10490 -11959 5440 8892 -11741 -2748 -10503 2778 15394 -15948 6717 -9986 -4675 7585 7253 -15860 -9280 -12597 3720 -15526 -1103 3845 6422 10660 16028 10818 2394 -4184 -15869 11068 
-14074 2644 9445 15540 -9090 -10080 3831 1376 -14754 3331 6119 -7064 -12785 1677 -9004 5267 -14452 12181 12754 -9204 6716 6168 -606 3778 -6927 8616 -4743 -13959 15621 13060 -12561 -5276 9884 2386 -498 -2956 1022 -8978 -2684 3641 -9708 12260 12008 9579 -6134 15369 8498 6669 12299 5803 -13503 11317 12063 16361 -10101 -5261 8746 -3157 3567 3796 -10744 12853 -13152 15242 8394 5730 6448 -8140 -15843 12147 13510 -5444 2232 13451 -2461 16104 15114 1985 12885 -3205 -7953 7897 7622 -1035 11407 1943 15461 1283 -8096 -8775 1596 -5760 12349 10375 5011 -14821 15275 13840 15624 -11874 
-8395 10749 15801 16339 15077 5635 1425 5389 -5140 4607 2488 -4023 5972 -5717 287 -3594 1000 5614 6960 1374 8493 -10275 -8549 -3416 -1662 -5307 -444 16257 11611 -6423 4689 1121 13732 86 -15526 -915 -13510 2391 5552 13828 -3701 7440 8919 -5661 -15786 4780 12039 7908 14468 -5188 10469 -8080 -10193 5156 -16055 -4743 12722 -5701 -5840 -6614 -8714 8567 9160 7718 12741 -16310 15010 -9869 1615 -619 508 -9733 5315 1343 -1234 -15434 784 12137 -15556 -659 -8254 -7222 -9342 -11227 -5377 -357 -1407 -14561 10921 11573 13009 641 -6249 -10169 -8663 11932 -11787 -11866 -9583 -9773 
10946 7111 -14415 -7397 -3983 -16168 4665 -5332 11423 -12432 15223 -3525 8442 13029 -5375 -6039 12604 15691 -1920 5829 2116 -9983 15268 -6414 5723 -2075 4143 12141 9870 -2508 7200 -13705 -5840 -14597 1545 -8813 -3729 -8152 -5772 -10317 -15329 -952 -2185 -13317 13708 -6181 -11936 -4311 -2943 12356 -13438 7576 -16290 10855 -6618 -4119 -6050 -6436 -5482 1095 -11793 -13885 14924 -15795 -7117 7226 -446 -116 -10596 3450 1115 2741 171 14721 14581 -15527 -5934 -5259 -13671 1103 -3991 -3697 9665 -14652 6867 -1865 5841 979 3515 1466 27 -1324 2161 -15843 12818 8767 12391 -3436 5016 10548 
12496 3354 -6038 4000 -13471 1191 9135 -1281 6184 129 -11095 3529 -11631 -10951 -9348 10100 12671 13627 13347 4890 -6000 12041 -14982 -13632 4210 12045 -15763 5435 -11158 -9454 -13497 -6984 -7445 15701 7453 -1057 16219 -10940 15713 -100 13034 -15413 12172 15234 14996 -5810 -7443 -299 -4033 -5312 9878 6188 3319 14167 4462 5560 -15795 14945 -5032 4140 -14122 8384 -13175 -6590 8647 5750 11248 -4386 10678 7396 -4665 -14373 14964 11293 -8897 1895 14864 -2598 -11183 13843 5358 -16366 -10071 6004 -16115 -4818 7347 -6296 2142 -6170 -3375 -11777 -1976 -14164 -8035 3070 -3008 10954 8287 4618 
2446 -14570 -357 13414 -15836 2629 8636 13665 -11104 -792 -5661 -8102 12136 -3333 14035 8030 -786 6427 518 13691 -8446 5477 -9518 -7266 16219 4576 -3396 -8678 13106 9884 2022 6349 4095 14690 7068 4076 -4269 2319 769 -11423 -33 14981 -32 15060 8586 -8888 12181 -14250 -5451 -597 15907 -8290 -11116 -1364 -5287 6134 -4947 -2710 4132 3775 2426 -12231 -3583 -16234 8228 -11433 -11644 3863 -1698 11590 -14071 14670 9065 9406 5251 11440 7983 -3513 13161 13512 -6529 -10392 12229 12156 2415 10630 11616 3060 -16167 9812 -6126 -1508 -3084 2027 -4051 -12083 -12517 -4480 4879 -12139 
10658 -10825 -561 2327 6364 -5218 -14327 -14567 11827 16193 13515 4385 -408 -8993 6057 -10045 12273 3520 -5147 9859 -4486 4524 -13377 9819 -16006 -14335 5604 6881 -7171 -8600 12026 -8945 -9350 15148 -4783 11942 11219 -1744 -9043 -15046 9842 -5244 10294 5067 -3444 16027 6282 -1763 3190 -4827 13282 6287 6700 -8580 11881 -15447 4841 9412 -1885 -1475 -10263 -3940 -9727 10035 -958 -3981 9609 -8214 6633 -3711 13995 3135 12745 14427 1065 -716 13574 10026 14117 6199 -2727 -6271 -11178 -8955 -9587 -4655 9547 11313 -9441 -13181 12262 -11186 -10758 -4951 10718 2989 2903 -7592 -2443 7372 
4795 12957 -9151 11093 -13292 275 -16099 6087 -5644 15127 -9674 10172 -11529 -2399 -8647 14542 14391 -9544 -6237 -7136 -8459 1927 -10966 6270 15178 5144 5712 -11991 6676 -10330 -3568 12089 14309 -11119 -2647 -9304 -15571 15095 -9841 14320 -6287 6382 -13704 857 8106 -4528 9353 15066 11719 -1478 -12629 6562 13640 14366 1001 -16325 5881 8824 -1774 10322 -13355 -3799 -5034 11038 7427 10598 -13025 99 14065 -2732 -13829 15387 13719 -9925 12966 -3910 -6192 -933 15427 15378 10201 -9370 -10849 9442 -14603 -9580 -9823 -12560 10783 -12971 3550 11221 -10761 10670 -1213 -4506 -14415 15659 -12576 9907 
6461 -9867 4316 3253 3717 3721 8063 8074 -13884 10380 -926 -8347 1289 -14521 6587 2061 -12585 1331 -2612 -11767 -6181 -15303 -3470 -8098 -44 -10751 -2350 8444 12169 -10773 2343 1477 11756 10918 11952 7208 -8618 -15002 -66 10613 -2590 -11086 -542 4539 5619 -16151 -9668 -4273 -9782 -6071 -1560 -7950 -2744 12464 9866 13463 8906 9452 -1791 13518 15914 -3150 11313 -318 2779 -14795 9714 -6430 -15579 1115 9246 4649 11910 15511 7103 2564 7474 1367 -1954 12499 -14677 -12766 2415 7447 10624 13896 3041 304 10804 7997 -8757 -6712 -12497 -12149 2618 7384 6116 9066 -1250 -3250 
3343 -13320 16219 -14511 -14322 -2553 -3339 -14039 -12444 2975 -2212 -13113 -14763 6921 -13857 12772 3491 -3444 -6604 2257 4975 10175 -15572 14804 12339 -8060 6013 5427 3813 -11370 13488 -11816 15919 5829 -6605 8343 10451 -3889 -7552 6679 -11485 1227 -909 -4780 -9308 -12982 -7502 -11066 -9014 -761 -9409 -2007 -4650 -1217 2336 224 8404 -11865 -5578 -14593 -1094 512 -9436 7404 2723 -9902 3935 -8278 -14029 -2374 2908 4539 -16116 -9239 -12577 -6487 -9356 -718 -666 -15064 1041 -6329 -3396 -6686 -9531 12424 -11869 -11049 -11604 3073 15010 15206 15421 -3080 -1802 -1802 -10106 551 5021 12340 
13192 11156 -12155 3840 9146 13826 -10278 14063 -4958 -8948 -14986 -13194 8853 15573 5737 -11608 3480 14439 177 6564 -5800 12702 -7427 9623 76 2248 6818 5219 16371 -1581 11688 10210 1072 3370 -10505 15057 -2102 -3546 8866 1621 2056 14628 -6051 15899 2418 833 4610 10536 -13396 -8793 15430 -715 -1420 7818 -8318 -7491 -13885 14780 -12635 10141 2823 8929 -1474 -14752 -5753 -3256 1454 2077 11224 10589 -9100 9989 -1915 -2104 5529 -2170 15300 14868 4931 15885 -5028 -15083 -5026 -2186 3483 -5934 -12690 -1533 -4996 6689 9593 -2798 13789 -9763 -2023 -2727 9191 4024 1446 13261 
8320 11958 -11127 5420 -9485 6465 -348 -8159 -4441 -9508 10726 -12282 -9980 -4740 15093 -13743 7274 -8064 -4100 7318 3668 -10430 12699 -14034 -4461 -2734 2037 2169 1454 -4536 -15908 -15153 10333 3900 -993 -2314 7725 14300 -10499 -5801 2358 -9949 -14421 1979 3328 12199 5127 435 4733 4000 9832 9633 10024 14443 1927 -1446 5444 -14898 -4977 15726 -3273 -2876 -6327 3085 2061 4603 -6543 7310 785 2023 -11236 3733 9358 8821 -16310 -2087 5549 15973 9616 -3191 -12944 14911 -2576 6737 211 7913 15801 -5882 15370 5595 -13662 15330 -7457 -7433 -6931 9332 -2518 14335 -14147 33 
7290 -10324 11647 -10935 3020 7776 -13952 7438 4710 9856 -8307 16317 7390 -8597 1230 10706 14130 1544 -4946 -101 9988 10758 10474 5506 -8960 -11603 -5183 -3342 6993 15443 -1476 -14885 -12474 3959 7331 -13092 15369 11886 -1270 -8700 13447 -12603 -3080 -12226 -15771 13356 6974 11599 14367 786 12000 12934 -13234 -16164 -4059 -14854 -1032 14258 -4414 9839 4638 5125 -3028 15334 -11698 12692 -8956 3770 -7068 11821 -12636 2920 16237 -2049 -10545 -9995 -3681 11664 9085 10229 -15495 -15018 8397 52 -11263 4838 -5363 13044 -5085 -8236 8940 14298 -6355 -4576 -11831 -9614 11886 -9648 11291 15953 
-6664 -3288 8200 -8219 2163 15610 15883 -10289 -12247 -2396 10694 -14607 -5351 5661 -7953 -3824 6203 -11597 -14753 11295 -5157 -3364 -196 -5601 6424 13230 -12210 -15448 16004 16374 -13976 2317 -11296 -13078 11509 40 -2315 4739 8620 5304 -2657 -2702 -9129 -7828 4829 -10059 4036 6022 9496 11469 4309 -5338 -13442 -3432 15531 -13783 6271 1983 -12552 -15436 12140 13010 -2461 9817 -3272 1280 5413 -1315 1104 -14490 15275 8605 -5220 -13817 2921 -1900 -3936 2665 -12345 4098 14515 -14397 15149 5044 -4761 15059 -10694 12003 -14341 -14500 -12542 -12093 2 7474 -2421 -10335 15134 -8457 -9643 -14160 
15326 1133 2054 -9623 11709 -12689 10553 14228 3134 -15738 -14989 241 -15573 -15330 6179 13173 -14861 346 2272 14650 -984 2450 -3159 2816 288 863 3931 -6063 -11091 6232 -8127 -13236 15101 -13210 -15177 -6904 10654 5814 -13818 -3174 16275 12887 5957 6845 -6504 15465 -9101 -15849 -9348 -10759 -11365 -11236 -1116 8045 552 15512 -10844 935 2127 11732 6912 -5965 -4957 -11682 12553 -996 -3652 12645 16091 -3864 9223 11216 13948 9512 -4678 6100 -2280 -15051 7896 8516 -14752 8826 -2200 13425 -247 5113 -7748 -9801 -3479 -10666 10979 1945 6964 400 10041 4496 -8355 -13732 -12017 -1681 
16143 -6895 3964 2402 -4396 71 -3251 15520 -1337 -4855 -10225 7336 12538 10922 -2239 -9943 12532 11329 7072 136 7755 -12874 -15724 -8438 5220 3710 6591 10897 6484 -14351 -6482 -16113 -4648 13628 1695 -8322 14455 -15618 -11143 -10352 10688 15474 -7469 -5647 -10329 3159 6179 2861 11776 -6317 -9455 -1735 -3546 -10730 7388 10130 -2130 13576 12272 10252 -15283 -8280 -1901 -10701 209 -8841 9644 11086 13634 1688 16315 -16114 -4575 13823 -1055 10441 2241 16202 -7925 -8853 1227 -454 -4790 13811 -10025 -2625 2360 -8545 -6099 5305 14217 -339 -10335 -10676 3771 -12091 8084 5068 10977 5118 
-9968 -413 -6767 -9339 -7163 -10695 -15884 -7459 9382 5458 6900 11469 13807 -7167 -15991 -11547 3897 -13057 -9947 2972 15099 -14560 -8122 3359 -9042 -13655 -3293 4787 -7232 -14263 -2440 -5444 -5699 -2133 -1933 4962 -9849 5037 13768 3032 7602 14904 -12070 8257 13321 -14922 -5881 5689 9256 5665 -8163 16372 -2248 -8251 15330 7182 -4401 13707 12741 -14360 -10000 9464 2733 10929 -218 -9797 11488 -8430 -12604 -8473 14874 359 -1984 13258 -12360 10418 -7242 2659 5889 -4068 -1919 9585 -3171 5910 -10755 -5066 15897 -8664 15200 -5696 6303 -6576 -833 3558 3004 -1780 805 9695 14674 16127 
-2601 8819 5030 2870 -13652 -7724 9867 269 7055 -11499 8373 -1351 16158 -5827 -5343 13931 -15770 -3073 15528 -4073 446 5137 14252 11735 16074 8479 16354 9463 12696 -2204 -10680 15767 13021 -15651 -5848 -9488 15697 -479 9808 11836 9266 -1320 -675 -1475 -802 -5682 8229 -12959 -9840 -1876 -4277 -10105 4931 15180 -7960 10345 173 13999 3932 10143 6235 917 15930 -4283 7154 7856 -15525 3138 2702 7293 -7678 -211 14396 5816 -14794 -9004 2202 -13965 -4570 5474 -5481 -2614 -4163 2085 -11442 -16323 10318 10739 5635 -8029 1123 9264 5960 6591 11687 -3466 -1742 3706 3323 9431 
-323 10932 11933 3274 1095 -2623 13947 15017 2864 -15243 12958 -11811 -2409 -7965 14779 -9826 14136 -8785 -7203 -12192 -15254 -5372 -13515 -6187 -8131 9005 -7413 -4204 -15174 -6971 4805 5213 -1990 -3948 8989 14849 9968 8446 11112 -10774 -133 12577 -13045 -12229 12459 10627 11008 4507 -14753 10349 11149 924 -15491 -9247 12813 -5701 -2283 9003 7903 6412 10914 -4577 884 13437 -6302 4070 6269 13245 12498 -9347 9274 6848 12887 -60 7911 -6168 -527 14648 841 -8502 6685 3910 -9891 -2669 15574 -3259 10536 -13554 12716 14086 9122 11083 2315 -3822 -4155 -14105 -12657 1144 10683 -3862 
9355 8776 -15826 8025 -15711 15017 2992 -1453 -2685 -3187 -7087 -9769 -8751 -9467 2376 8753 -13292 11067 -15678 -10503 14303 5641 13775 -4932 -4082 11818 -13708 -190 -15841 9237 13266 12916 -2379 11373 -14211 9185 8500 1566 -1824 -3355 -8065 13837 -11819 1390 -12587 11891 6474 -12445 -303 14288 13077 681 905 4481 7138 11723 8648 -8202 -6084 -4290 -6035 7818 -10817 840 3565 -5385 7268 4740 4332 8300 -12811 -14580 14846 -10170 12688 -12742 15492 1633 10591 3347 -11093 1809 -12191 -4791 -8057 5305 7767 -14107 4692 15102 -39 6790 -1578 -606 -3973 14416 -15665 2289 -15071 -147 
9893 -7711 -2966 -2510 12062 11202 -13505 2792 2108 14742 7043 13614 16187 -16119 4829 -8185 -4941 9469 1963 8819 -6192 -4654 10760 -4923 -16203 9513 9989 -3974 -8202 -5272 -5138 10441 -14020 15560 -10310 2501 7932 -1009 -14178 -989 9560 -1821 5042 -5215 8736 -14397 5321 -12787 6123 -7781 9303 10469 -1450 8442 -7803 15271 6501 -11540 -8615 5297 8703 12648 -9209 -2364 12684 15725 -6813 5424 6834 3767 13671 -13159 6453 -12528 -2072 7767 -11530 14155 4703 -11129 9226 988 -15653 -11099 -11261 -2299 779 -14629 -3515 7862 15728 -10270 14214 13309 681 -1143 -5519 2590 3295 13791 
-6819 9031 -167 4339 -1234 8426 -4063 1340 6486 -6736 -5668 15009 9452 -8434 13232 10270 12530 3198 -12969 14344 -13393 -1452 11593 14070 -16088 1587 -4336 -3259 -12088 -7388 16300 4927 -3047 -3253 -2514 -14368 -2912 11582 -6567 8764 11998 -7429 7035 -3702 110 -8068 -13996 12222 -191 -2064 -7900 8926 14334 12689 -10016 -1827 -11906 -2794 -11657 -15324 4971 8909 -3771 -8517 -4607 12879 -13406 -9718 -16154 3287 1676 -16059 16170 -1736 -13959 5226 -4501 3954 -10175 497 -8437 -13847 -16081 1288 -9328 -5574 11566 11904 -4826 1970 26 -431 13112 15716 5926 -11329 11314 3551 4978 6686 
11611 12929 16054 -1985 -6186 11380 14353 -6033 -1857 3389 14067 16160 8811 3315 -11725 -14799 -4927 9241 -9933 13005 2748 -237 -4810 -9223 779 -16074 10442 14262 14792 11654 -15526 -15160 6493 -5366 16083 10008 14461 15036 -12928 -9019 -1209 5416 15849 4539 -12930 -14948 -9491 14341 13291 14588 -12823 10927 4828 -10684 12550 -16056 10174 -10610 8111 -9714 -11297 13010 13076 178 -2489 -8900 -1824 -2114 12988 7195 4609 2711 9181 -896 -14435 11820 5727 -3475 1048 5682 2924 -9040 15946 1298 -8158 -15789 1224 15464 6191 16312 -2224 5170 -5741 14669 7263 -8565 -14474 2530 8407 -8678 
-13776 668 12241 13586 -3488 12944 12426 -11553 -6868 3061 -10127 1634 -8288 7421 8021 -1310 16169 12874 -15434 1417 7482 -9983 11561 -13937 7167 -10618 6901 -9986 8773 -13365 11445 6169 -7053 -9651 -3284 -13982 14505 -16219 -10450 -14272 -11265 1215 -15180 6210 12001 -7757 10246 3851 -4465 -12489 -5364 -301 -11846 6324 -16201 -6257 15936 6660 11411 -11082 11792 -10303 -11145 11687 -9950 -14024 -13747 -8525 6806 -13814 7171 -8005 12021 -13992 6043 -14978 2445 -4964 -11944 3706 7918 -989 6662 13428 8842 3870 13171 -6752 -10894 3416 12532 8287 9267 15503 4631 -3919 -3624 12138 -14992 13871 
3586 3083 -7801 -1860 -3030 -16311 485 -3647 4607 -9851 -10682 4121 -3357 -10722 4577 -9063 -12663 -6518 2268 -15059 6320 13323 -5675 -2905 -12276 -7420 8594 -735 -5582 9967 5842 15109 -9527 -8715 3124 -2385 -11334 -13791 5708 -5449 -876 7736 13261 -2858 -246 13360 13785 -10389 -6512 -7355 -14738 4513 -3816 2986 -1295 -3016 3827 3562 229 14565 -4148 979 4782 607 6855 12562 647 -13567 12223 -16021 -13939 -6130 4006 2691 10473 -6244 -13826 10088 2857 12056 -12931 -7270 -3166 -8085 -1596 3009 -5627 11198 -12216 -9714 -4085 -11287 8770 -11230 12097 -13461 14809 4273 11517 -4068 
7257 -1358 -3485 2928 9107 -14286 13975 -8872 -13219 -1327 14606 6092 14378 -8235 6647 -12044 -47 9692 7884 4583 5476 15930 -3841 -14313 4912 -8216 1223 -174 -2598 8732 -2543 -5522 -8287 -15229 -13941 -8054 8886 -9456 8145 5363 -3904 13175 2243 -4173 11637 -5566 -15127 3241 603 -14969 -7421 1885 -3675 2876 -14401 -9892 -14798 10544 -12932 12610 -8537 9375 -13761 -14237 -3660 -6294 -5697 -8953 2412 8425 -5739 5981 5062 4197 -6778 16119 1594 12078 498 -14601 12925 -12210 -7578 -10547 2662 -5152 -1467 5540 12514 -5112 -6758 7783 -10726 -3704 6146 8804 -851 9715 -12354 -8044 
-6640 -11894 -9506 14207 1034 2729 -9072 14279 -4780 -2843 -8049 15688 -3243 9660 10927 13538 5892 -6927 -12145 -11044 15071 7802 -13473 11757 4113 -992 -12328 6880 -9046 15530 -9662 13532 -9986 -322 -857 4679 551 -10930 7455 13901 -8289 7089 -3524 14090 -9730 8031 11165 -16311 -7974 -10949 -11112 14574 15812 -3948 7942 -3841 4711 -11851 -7108 -8637 8132 -7652 -13816 3469 5266 5201 6638 3744 -16197 -8865 -1938 -16201 11254 7649 -13706 1448 11666 4289 14058 430 -15548 -2677 -11685 11720 1324 -13215 8909 8906 13560 6545 -13910 8951 1562 -14637 -15924 2129 -8919 -10223 16301 -8842 
-7073 -13846 -7750 1839 -3272 4031 -329 1167 -6352 -14480 82 -5188 11165 -10068 -10282 -5802 -12619 -10772 15085 10362 8609 5379 -2403 10602 455 5467 -14776 11476 2334 -5689 15586 -1611 946 -1032 -4545 -7199 10303 8087 9852 6441 12786 2806 7570 -9440 6468 -5269 13571 -5246 -13831 -5310 -4699 4410 -11202 8020 -7277 15367 14054 -3518 15930 -4924 205 -15551 8840 10313 10062 3736 -10952 -9477 4071 5557 -9406 13027 -5386 7392 1638 5765 7571 -2925 -1056 -455 6293 9326 -7377 5687 6824 11730 2823 12090 -1132 -1006 -3490 9162 16018 14409 -15461 -2017 -13871 -10538 -4126 6822 
-16115 -11161 14466 -13526 8534 14522 5257 -12647 -9241 5360 104 13672 -12763 -11393 -6713 6812 5311 -12342 -5771 -7824 -10258 -13479 3439 6037 -12597 -2385 13590 -15838 -10283 -7237 14711 -1264 9355 -10250 -9284 -6807 5678 5136 952 7685 2458 -14513 -10089 -4358 -4028 1149 -7766 11159 13405 11908 -679 15123 1549 -3423 7210 -2096 -12335 1594 -12808 10557 12278 -426 -12489 -411 -2752 13999 -7062 3852 15516 -8594 -3666 2424 -4598 -8069 -9111 -11557 -2417 -649 -6892 82 15710 3408 -14545 11920 -3568 -392 3403 -8666 -3583 -14150 10041 6750 8913 10673 -4006 -12078 -16379 8415 -3065 -8321 
14778 -16032 -8664 -99 -7534 3905 9689 -11529 -13662 15991 8255 -1543 -14945 -13960 -13965 14420 14864 -2712 12684 -12733 -2121 -1543 7128 -13199 -3325 8922 -483 -14208 -7240 -7982 11792 -2002 -7002 -8078 10977 -9953 -11634 -9108 4325 11066 -14311 395 -6806 9145 13562 -9656 2208 -8501 11821 -10242 15276 13780 13648 12227 -14128 -16288 -10969 -7972 -1091 -6755 4403 -9517 14338 1158 -14726 -9937 7061 -10070 15194 10952 15240 -7791 15503 15037 10447 12990 -15026 -12019 2869 12894 -12160 8390 -16282 -4987 4391 -9755 3357 -16103 -4137 5314 3702 -11691 -13483 3374 14679 14833 6738 -15579 -10750 10987 
11347 14114 1470 -14874 -6238 6171 170 1588 628 -9966 -9813 -12931 -10970 -15283 13939 13313 921 -15830 2491 -7290 -9294 10649 -637 -7469 -6409 4144 -9330 -10275 -12979 12254 -7710 -6514 -14635 6213 4483 -3545 -1300 431 9528 10054 -13750 14243 -385 -11119 8762 12572 -2412 14325 5888 3166 8614 1685 9042 -15250 12833 5443 2806 5668 -13793 10165 -382 10983 10481 3134 15929 16125 -15661 -13761 6665 6534 -3915 -14047 -13142 -13299 1581 -2553 -12326 -12350 15233 3598 -6213 13902 -1574 -11471 -15531 -15285 14219 4563 12335 -5289 12936 -795 -238 14796 -2324 1705 -10273 -2536 16297 -999 
-9576 15276 -8355 -14095 2930 3995 -207 -5556 10271 713 8696 13813 9251 6085 -1709 15429 10836 -15811 15102 10925 8573 -2540 -15289 13529 -11754 -9190 -1649 10872 -5343 -7584 -4092 -93 -15311 -467 3946 11744 -9602 5530 -1529 -3125 10024 9919 10421 6488 3221 -7536 -14067 -320 14574 4432 2998 -9217 -1091 13991 12500 14077 11434 2907 -16235 13914 -7844 672 -547 5833 -12174 12565 -16101 10525 -8280 2901 2348 -8464 -1265 4654 12403 3043 -3218 8826 -11260 8587 -15937 16015 6894 -13326 11722 -14498 11181 -2882 -2580 15131 15801 -11526 13801 12198 -10958 -12938 -5385 -8592 -10583 5586 
4814 14360 -16102 551 1010 5540 -1041 -13502 15625 15695 -14539 -2668 2400 4360 -1053 -13643 -1920 -9086 -5552 -5753 -14602 -10007 -15173 4866 -2519 7230 9212 -1643 -3748 -13750 -11181 -1747 15819 -719 14414 15836 -11285 -1109 12260 -224 -8253 -3364 4505 5573 -14737 2502 -7216 -11662 -4420 -15264 9269 6852 -5403 -13234 2899 -3295 -16012 -10956 -9669 15123 13116 -3409 -8110 599 -900 -10775 1860 -900 12054 2256 -11504 14633 -7177 -8979 -7120 -6387 8583 -7211 10737 1877 -2728 -6331 4827 6113 -8491 -2346 10559 -9727 -14041 -16046 10728 -1059 -3531 4010 -15643 2687 15547 -10354 -14215 12913 
2961 -1120 -12756 -2805 -7167 -4276 12787 6228 13638 5184 -14460 14219 -15565 -14467 -3651 -1462 -11807 13326 6203 6222 -12129 8549 1792 -4129 -7711 4936 -6587 5327 15974 12650 6247 -8663 4471 3237 -5130 6256 3133 -2104 12255 8841 3655 -13803 -10302 -9408 -7899 338 -425 -6805 9510 -9853 13314 -5962 11574 4155 10111 5379 10204 10645 -10575 -12684 4953 11468 5516 2063 6883 -4500 -9943 -3323 6919 7722 -11023 -14184 11045 -4514 6121 5279 10765 -13549 -2011 1713 -5183 14015 14928 -4125 -14773 670 866 13110 -9275 14494 -15773 3737 8046 11518 -8094 -15729 13298 -12927 9346 15989 
-8004 -7104 -9693 5995 -899 9256 -6347 12245 -13624 -2807 8355 5510 -5428 5456 -13596 15489 5431 -14502 -11100 -9115 1844 -8083 -1641 -10645 6275 12108 7014 10773 6848 -12177 16060 7789 16311 9685 14962 -6672 -6933 -14209 -14623 8974 -15825 -5758 15180 -11431 6499 14528 -6283 -14529 9560 1851 5951 -4997 9671 -1265 -4470 -12010 1652 -13564 -5355 -6898 16232 6084 -1388 8345 11348 6326 13018 -10990 14602 -3473 -9686 3702 -7905 11465 3487 2962 8355 -8548 -3134 -3388 5129 -15089 2355 2403 9498 7312 13687 -11323 -15588 12654 -2582 9188 -15352 15882 3270 15524 11504 -13137 -15783 -12355 
16248 -3324 -6581 15416 -13707 -8916 -8427 5024 -9303 15984 13702 3008 4262 -8801 10873 8971 -6967 4860 1180 -8795 -1450 11738 -7071 8452 -838 -10289 3085 -11204 -9753 11145 10726 2781 12495 -10934 -11647 8321 -3316 13043 -1749 -13585 -10353 2504 -11136 -14114 -9076 1976 15630 -3233 13935 -6561 13362 6114 10752 9618 -7947 8411 -4197 -3171 -3802 13066 -8813 -1771 -4990 1374 14252 -8627 10247 -9859 8639 110 10077 6889 -11406 -5072 -9625 -13623 -13546 -11224 -15120 -439 -8790 -10043 15991 -10841 8693 6114 6179 -3628 -11065 6657 5835 3773 -2991 -11493 -12505 2092 -3925 3352 4634 12118 
-4243 12775 14119 -2308 -16274 2867 13050 7213 -15968 11704 2071 4534 4116 -6599 16294 5153 1042 7703 14440 -5028 5721 -12920 14779 1791 -4994 12648 -10032 9780 -5528 6840 -8714 5179 -14608 -12885 -2042 -9070 -15970 1631 11253 12727 14214 -9930 3713 -14957 -2742 -15159 -2563 -1412 -15310 -5251 -3521 -3363 -12177 2748 -1872 9596 9845 -6710 -11653 15456 9598 -1478 -1323 9303 -6876 -3067 15219 -11495 11295 -2241 -2796 -5613 13861 -2706 8747 -1077 9959 -7041 -15946 -9757 10289 -12962 -2012 -3644 -11997 -14294 -11161 -8734 5266 7178 -14557 -3681 5258 -10071 -1546 9685 -10011 -8383 -11026 -5124 
1805 -3746 8210 3565 -10024 -1238 -12528 -8118 12425 -4248 9485 11651 -14356 11016 -366 -8322 6289 -2466 12187 3547 15154 -9737 963 14041 7208 7439 3731 2274 784 -7252 6640 -15704 2947 585 8363 -12303 -13060 15672 -7380 -5892 4042 -13935 -15297 6791 3389 1478 15367 15477 -10025 -29 -12534 -749 12464 -166 5977 -14594 4852 -6020 3560 -6231 5759 -4207 -7689 -889 9375 12684 -13155 -13110 -11797 -6044 -4486 -10803 13383 4355 -6777 -4067 13314 -1819 -5890 4887 -2545 -14008 -9875 -8904 7528 -14847 -11552 9975 -15990 5625 -4301 1623 6161 2876 1661 -14073 -4229 180 -9311 2852 
14594 889 -15624 12457 -99 7629 -3806 10094 -13801 14768 16370 -2096 1622 12564 -10366 -13836 15286 -15945 -13996 9649 -7547 14994 -13395 -11496 -8544 -9989 -7424 -7790 15156 -5301 -6283 -1108 -6753 -4284 -2911 -12931 -15002 506 -3765 -7255 12118 6004 -670 2314 -11831 4056 13315 -14092 -10248 -8119 -12368 -9190 8833 9557 -8556 -6632 4871 5399 -11014 2454 2278 -6434 -5163 -1778 -13028 -6513 -9871 -13772 -13506 2454 4671 -3591 5533 -1156 -8249 -4302 -11646 14365 15279 -13853 -12153 -5758 -782 11546 8220 -8370 1316 386 12324 5597 15336 3709 2989 -7431 -14724 -14346 -2348 -472 2403 3770 
-14142 15021 8761 -13943 199 -5867 10141 -9035 13468 -2447 7489 9837 5568 -210 10772 -14944 -5135 11142 16024 4482 722 -13413 -1721 -14410 10404 -14040 14118 5903 -987 9435 -8587 -13061 -6258 -10933 4470 2949 -14671 -631 5987 3581 -10697 4446 -5772 8768 10751 7449 -3563 7319 2203 1804 11308 11333 10733 -16229 -3951 5802 -2327 -778 -8303 -250 2154 9075 -2910 227 -15554 -11397 -3534 794 3893 -4057 -3182 -13959 -14483 -13966 4868 -5370 8609 6417 12781 -3348 -5448 10474 4382 4599 5714 6440 1860 -6457 16277 -9231 -15497 646 -9984 7356 10726 -4002 -5779 -5813 -1880 9588 
-11214 4664 679 -8302 -13736 -9929 -4433 6252 8961 8927 2203 -11383 -1822 558 -11608 11460 2781 5008 9434 11639 -569 15779 -14188 3644 15681 3459 7741 11096 -9799 1221 -1259 4542 -7807 -12533 3358 10932 -11497 -2759 13102 11293 -6532 -15278 -10469 4955 2997 15841 -2042 4311 7272 2079 13009 -5592 -8550 -3174 13988 -1836 5772 -13164 13219 3006 1467 -12809 -3660 4389 -11009 11240 -8845 3918 1988 -13305 -1729 4551 13932 -7885 -16281 -11952 -4657 -16108 10869 -930 12752 -5855 7331 9796 -16087 -13983 14181 762 -10182 2745 3604 13691 -12013 9962 -2367 5845 7817 -14304 -16349 -1078 
-16259 1577 15261 7955 -4304 14159 10619 -2480 -9270 10957 13616 -10365 1011 -15647 -12337 -2758 13969 1154 -10607 -10407 1961 -11583 5004 5755 4441 11181 -14726 16377 -6 -8965 935 -5997 1883 -14802 -10490 5040 -223 -8588 14677 13642 1091 -11235 1396 13425 7594 15274 15309 -2957 494 -7027 484 2718 15411 2421 -5113 -6485 3627 12875 16152 -11329 3374 15814 -1921 -10217 6269 10400 2612 6472 -6499 -14228 -9999 2857 2006 -12275 10876 -12456 -9261 5066 -11748 -13475 6235 8970 2331 7028 7991 -4701 385 10228 294 -13615 -7974 -15535 11266 -10289 -3804 -10559 -7682 -15347 -2589 -15479 
14334 -16125 13128 16089 -1761 -5207 -10874 3680 -4791 9613 1590 11106 8438 -3191 7666 -3447 -5105 6166 -10 9798 5604 16200 -12807 10715 5201 12895 -15852 -1283 1017 10495 7375 4123 6050 -4602 13657 -7864 -9031 11775 -9781 439 -11544 -6849 -12902 -12304 -2855 914 -11228 -7545 -4074 -1125 -10909 -2165 -5630 5055 -13644 -13173 -12296 -4412 -15927 -6857 -12149 -7676 -7242 -6481 15333 -12480 3616 -12962 10561 -10214 11401 -7286 -8308 -7894 8128 -399 7969 -1356 8557 10266 2730 -6915 12737 -1105 3355 1600 15684 6794 15056 -14262 -14144 16347 -13360 -3162 4434 6381 -4830 15996 11927 10250 
-14509 -6907 -6916 6146 14353 -15971 -2521 1619 -8982 -1414 -8821 -5649 11558 -1272 1808 -9058 204 3801 11751 11526 698 5179 12661 16214 11235 -9102 -12705 -7548 1461 -4215 -13892 -8137 4491 2510 15454 11597 -11435 -14111 -13238 -16126 7503 7791 -15817 14513 -9496 16009 2377 3651 14513 -8299 -14630 -14548 10125 -15898 -10139 8723 -10014 5364 9626 -5858 -3590 -4047 -11127 11985 -11131 13695 3566 -9321 -1487 -11452 8100 4584 366 -991 -5329 3854 10568 2635 11881 -12659 6758 -7041 -11178 -10714 -1239 -9580 7178 12414 -4889 4024 958 15463 12365 10305 1531 5828 -12580 4389 -10521 1292 
-14461 -10479 -4172 -6541 -9119 8986 -10705 -11855 16293 4891 11884 9573 -633 -15452 -15207 -3808 8551 403 -8990 15619 13327 14665 14216 -10738 -12020 -9852 -10481 -6915 12588 -52 13955 13782 10277 -7020 15858 13837 13125 7399 -7438 -12476 -10405 -6204 847 -6983 11183 -8944 10206 -9913 4133 -3026 -665 9230 11382 -1995 -3660 6586 -2416 8134 703 12390 7699 7808 -4607 9252 -9483 9754 3550 548 15669 -4843 -11467 -16266 15300 -3821 -5875 10355 -8068 -13616 12386 -1594 3903 2482 -7657 -13300 1592 11527 -15107 -10981 -10954 -3884 1544 -9747 10796 -15282 -8037 12321 -3890 -8209 -6927 -10717 
-7345 4398 -13645 -14351 -13761 -3629 -8799 -10622 -13944 -7955 12896 -6197 14479 13162 -3732 9575 9072 12874 9759 16347 13146 7289 8166 3197 -9197 575 5004 -7175 -13171 -4002 -13656 -14474 -16210 191 -12503 -3487 -3547 1744 8456 7886 1648 11638 9237 -7552 -2061 -861 5091 10892 6203 -9076 -5161 -1113 -5798 -13182 -11946 15618 11363 9058 11795 -3114 8973 -12365 -14209 -2679 8812 11603 -14253 13939 13523 9943 13631 -1210 10447 -1930 7613 -11502 2886 2728 13305 -8215 10933 -1449 -12575 5163 -7793 1209 -8877 10856 1465 11458 -1685 15846 -1238 4154 -5646 2505 1960 633 -21 -2860 
9638 8883 -8639 12245 13378 -15367 -9836 -13140 612 7365 15912 -11289 -11526 -11207 -5640 -238 6230 8941 -14119 -8804 -15183 -8853 -7985 -13738 11712 -8639 15485 14240 8573 -6727 8623 -2003 -5638 9520 8713 -13719 7782 -13302 13268 3195 16170 3143 8430 7922 15141 11452 14808 7177 7180 -8472 -9501 10632 14310 11880 -3717 -13488 -6740 17 -12387 15483 -11513 13986 15195 -2771 14633 13083 -14187 8938 -12587 1718 10939 -1622 -2701 -13191 -13113 -7303 16211 -16275 7487 13500 3340 -13706 7278 11034 8181 -11577 -9556 7424 8137 -10760 13515 -8248 12640 -12609 15530 2686 -9071 11072 -9249 -9401 
7979 9226 -8571 9574 11035 -5464 13356 -12826 -4703 -14888 -11033 -809 7602 -11932 -10121 -14019 12154 14225 -4706 -14956 10995 -9662 -121 -3344 935 411 -2214 -16179 12172 -14742 10212 -8341 -9466 3600 4461 -13604 14334 3615 -13412 5284 1576 -4727 908 4612 4699 14716 7160 13533 2833 982 7563 -2763 10247 8505 -15029 -11936 -15624 7363 7972 2756 8057 5989 15009 -6846 -16383 -5930 10160 -12491 -14854 -2006 2449 -2015 -1273 -7668 11754 -1038 -16029 8844 13807 -5914 -13993 6303 -78 1553 2528 -9941 7569 -8059 6763 -6204 -13881 -15085 11185 2813 -7151 -4936 -586 4709 10121 -15968 
-12056 1046 -6518 -15672 -4008 -14355 15038 11339 4899 1632 14166 10820 -3355 4345 -13491 -940 5466 -13724 8665 4041 -6367 9255 -4356 13922 -6765 -6144 13871 16313 13764 8908 14645 -9401 9892 10030 -8960 -14075 15416 15799 -3387 -324 507 14531 -3284 2020 601 -15887 -9831 1578 -7854 -10449 -4708 -10086 14386 3452 -6015 3935 -3976 -12489 1274 -3534 -1082 -5097 9967 -170 -6387 -3905 -5777 -5820 -6460 -9224 184 14576 6724 -6269 -407 -9551 -7089 14992 9680 -1089 -10589 -1064 7767 15970 -12610 -9908 -3566 -5449 445 15215 -6549 -7666 -10920 -1457 -8971 15098 1021 2580 2645 3057 
10773 13626 -3755 2709 -1443 6760 12300 -14953 -2205 -15387 -13006 -8386 12328 -12628 -11385 -12656 7645 14115 10601 -13037 -8001 374 12926 14136 14868 4995 -5760 -15009 -16047 13945 -16338 9081 -3510 -10741 13143 3413 -11617 13121 8464 13697 3120 -7941 3831 -9004 -1344 -10 11942 8332 -13650 -12144 3653 9505 -6439 -12266 817 -7265 5017 14269 -818 -80 13538 -11461 3443 11334 -8835 -15115 6011 -15139 -6808 -4645 11377 -7842 -6828 -12578 -13219 -13652 5444 -9725 -11470 -10810 11339 -14052 609 -13426 -153 12314 13439 9004 15746 8459 -5862 -2789 -14703 -10330 -2397 11462 15307 645 -12163 7896 
1810 -8193 -4309 -13801 14184 1177 2207 10482 12434 -16098 -6490 6567 -13359 15954 -13960 771 10181 1105 -7068 -1076 1387 -15496 8865 -9526 12341 -11004 569 13668 3920 2375 -3304 -3341 7675 -1670 -14278 15001 10507 13113 -5894 8660 -12410 13202 4221 8605 -7076 -14397 2374 -2002 -4272 2437 -3364 15723 10991 -13041 16286 4073 -594 -2397 14513 -8051 3112 -12857 -2551 729 8831 1049 -10086 -14383 -11559 -14901 13480 2429 -14598 -13905 -1483 11538 -7417 -2314 -13944 -15941 -2205 -10622 483 502 -8276 9693 -1969 7589 3285 462 9351 -11604 6254 16016 12810 -1480 7929 9128 839 -12118 
16235 -7847 -11031 -8680 15819 13756 -12471 1396 -6416 -10375 -3079 -8106 -3237 -9195 -2699 11608 -14532 -4113 9965 14122 3464 -10797 -11720 14891 -13248 -15311 -7718 -4422 12228 -10766 -4803 -496 -5281 -6928 -11019 -14382 11478 -15350 15668 -465 -16079 -4392 -11178 16041 10386 -6903 -3186 -4739 -2245 1870 -14409 14755 418 -5125 -12226 -12421 -3657 -16078 8755 -8181 831 -3389 -648 -15633 -15022 -5732 -7670 6357 -8457 -9504 -3212 -2899 -2841 15519 6234 12643 -4505 5674 -7126 14929 -2234 521 -1818 11325 15615 -10348 12053 -11005 1266 4641 -3630 14296 -9788 11239 -8972 -9165 11741 -15767 -13468 -12975 
-3832 -1394 9091 -12197 14125 14938 -12349 -2257 11826 -4539 -3771 -10815 -16134 12331 -1352 -16347 -6788 -14871 316 5938 13323 3467 12658 -13875 1455 3372 -2387 -12087 -2145 -925 573 2926 -11801 15709 223 678 -4319 -9322 -5046 14519 -7341 -14810 1755 -13385 16368 7104 12137 -12156 -3340 -442 -9427 -5005 -8416 1018 9168 -11370 -5284 -933 -2145 -3685 -6350 -8554 6612 9050 -15761 -10340 -16125 1784 13788 3548 -15955 2219 6948 -12137 -11543 -3551 -11832 2260 6964 -7544 12099 -7688 -11421 13618 6219 16379 -4697 -802 295 14658 -12601 -9833 0 -5619 -14493 3905 -10883 6036 7019 -7489 
-10626 14522 1447 -7245 -2815 6758 -14999 -5910 -14822 -2701 -7082 9564 13893 -5046 603 -9252 9129 1563 5556 -10414 -12435 -8787 11550 -4697 1086 -9770 -7641 -3249 -4117 -6765 -13933 9574 -12768 15805 -12298 12413 8774 2655 4184 6653 -8572 6568 -11509 -3538 -2600 12936 657 -11044 -2218 5348 1202 -8547 -3959 -8858 1444 -9030 -2833 8955 -7333 7599 -14185 -15387 1782 -6054 -13345 -1936 6739 16309 -6576 -7859 10162 14664 -12637 -6271 -11890 -13272 11732 -7168 -3966 7837 15213 9443 1374 -1940 4311 1595 3410 8120 4577 -2934 -6597 1678 -6052 -12587 4370 -12539 12501 15966 -16260 -13305 
5754 14843 -16012 -15177 15376 2824 -5093 -8073 -4071 -13828 -5464 -15986 -13812 -5980 -15244 -2965 -4428 -8 15141 -1647 -9806 14220 10244 -12264 10774 15534 10082 1748 4130 -8427 45 -1506 6688 2360 -10856 1076 15977 -5558 -12049 1606 8320 -14392 4481 -12264 12108 3251 -12113 3141 -9605 -13208 -14310 -2258 15612 3857 2034 -14728 15010 -8768 2914 -14540 11998 9247 -1759 -10073 -5473 7630 7707 2477 -8372 9555 -12218 16066 -2840 -9552 1927 -6488 10572 14235 6859 -7257 13959 -14505 12075 -4227 7772 -10206 1856 -8229 6363 7250 142 -11888 1064 -12022 11540 -8115 4945 8330 5881 12556 
6737 5679 -9125 13590 -2774 6656 -3784 11177 10278 2538 -2683 2109 -2249 9873 11605 873 -11666 10700 -14037 15468 5534 -844 -13213 -3756 14618 9055 -60 -3139 12692 5175 -465 8255 -8938 -12053 2410 15984 -1245 14085 -2802 -12405 -12808 7723 5528 -3662 8932 -1564 -15978 7645 8141 -10981 4846 9816 -11322 7472 13914 -1044 10450 -11602 14058 -8285 -2876 -10846 -11336 -14542 1847 9104 3504 -9733 12976 -757 15238 3253 -4388 2281 4545 435 -11795 11033 11493 -3128 16150 -6885 -13370 4555 -14289 13842 2035 -12092 -8086 4223 -1467 -9558 7739 7061 -9841 -8241 -5553 5677 -16023 12513 
6572 -11938 -4322 10134 4335 -10062 -7492 1004 11947 -514 -3517 1043 -9499 7895 -786 7409 14772 6566 3239 -9911 7935 2145 -11377 1407 343 -2338 5041 -4605 -13828 -5427 7887 5712 -13 13127 15438 -4455 -5043 5648 -7355 11784 -2692 4191 -10582 6059 4054 349 -11868 4085 -16076 13369 4595 2277 -10835 -8225 11908 -5426 883 -11703 -14309 16314 -9256 7547 -15838 1908 1890 15382 -11883 14889 -5359 -15471 -12266 8116 -2886 -9721 -7915 -16003 -4987 -14920 5920 -8956 -13943 3095 -6317 -8954 10126 13956 -10015 -190 7148 -3423 -312 -4895 -14464 -7099 -5735 11128 9172 7957 -8338 -4939 
10584 -8769 -14354 -7524 3267 11457 -9598 -8588 -3699 -8461 15522 8265 3983 -15988 -8636 -8937 -5694 9694 610 8584 -11235 -2382 435 -10397 9871 12085 -2700 -11382 6949 10641 6228 -3417 -2753 -9433 -13434 -5525 12274 13404 -12820 5499 4491 -1509 -11419 8177 8738 3809 -13760 6787 9058 -16008 15553 6731 -14494 -10423 -8998 11051 1187 10328 -6163 -1324 1329 -15658 12485 -15765 -12576 11348 15772 5326 -7515 -2398 2126 -10367 12570 -451 3748 -13272 -7649 -14233 196 12472 3467 5853 -1091 7225 8982 -6351 -8648 -8664 -8362 13242 -6847 -14717 -13354 -5074 -8388 -9108 -6057 15315 -7444 10609 
15156 -11424 6310 -8337 9944 3171 -15460 16153 608 -9114 -9908 -15069 4952 11674 5392 -15364 9880 -11465 5576 12355 9797 -4248 13227 1474 10988 -16153 -9163 -13544 9665 -4558 -7631 -9728 -7681 1120 -12305 12850 15200 -102 -5752 15601 1988 -11477 11604 1835 -11801 1851 -16265 6208 9026 8742 -10872 11113 15116 13163 15208 12733 12370 -2484 -7636 8922 7482 8697 -15319 -15834 4447 7536 -16091 7862 10573 -4882 6564 13276 -14043 -12541 -10151 12353 6225 8012 6061 2483 -912 13514 12658 9095 -3769 4562 1715 -4701 15332 -9302 11676 542 5854 12214 -3187 -6257 5554 3164 -16061 15848 
7484 9066 3885 15365 -4258 3129 14293 975 -6218 -5286 5742 -3329 10110 -14863 -124 13959 3729 -10583 -15926 1692 -131 -9652 -765 4433 3273 -5642 15642 14824 -12973 6383 -6329 -3405 13769 11292 10079 6042 -2739 -7910 11077 -12479 -3282 -9489 6775 6352 11209 -5533 -10310 -13224 -13688 2041 15077 -3114 -263 -2690 4316 733 11030 7491 -12402 4829 10398 -6922 3116 -5629 912 -13808 -7819 12996 10189 15856 5158 -5629 8151 -10345 -7291 10707 8876 4336 5133 5858 -12602 -6703 -7611 -10628 4148 -13683 11171 4912 -12317 4139 15266 13849 10735 -5060 -13586 0 2348 -1457 -8532 9137 
9658 11530 -10765 13697 1230 -15136 4944 16052 14211 610 -12164 4629 14055 -5573 -13789 -1605 -9461 4292 4564 2229 2890 824 -3051 -11958 -6748 1165 136 -14877 15162 -3097 -7617 10893 -8206 -11597 -10712 7464 -5331 84 11672 -9697 10155 -7802 -5374 986 4233 -14011 9914 -11585 -9895 6511 2539 13272 8040 12535 -12894 -998 534 -8778 -13319 -2486 86 10212 -11925 12676 6477 -4811 -960 5730 -12783 -7807 6167 -5953 -15745 11046 923 -993 -9402 -3847 -12727 180 -10501 -12324 -9115 -4347 89 -12812 -253 14389 14242 385 3641 230 12571 -16044 13163 -13118 -6485 -11042 12728 8349 
-9579 14833 6794 -16062 -5797 13840 -957 -11057 2235 2404 14601 -13115 -3637 14676 -11332 7848 -11208 2235 8438 -3768 -12123 -11331 -5561 1188 6183 9534 12668 14961 12005 -1031 -7667 -15035 -4138 -10958 -8531 9296 3995 13072 -1802 12757 -892 -2925 314 10782 6567 -2779 15468 12590 -3294 2520 11830 -769 10618 4660 -15073 -5521 -3563 -3406 5849 -7487 10969 -4398 -1350 6083 7920 -1842 -4037 15513 15004 11505 -8272 287 3133 -12656 -7404 13805 4202 15514 -6924 7937 -6349 -3114 897 6918 12413 -11086 -14917 -6861 -4736 699 -12096 -10278 -6813 -11337 -5317 13702 11007 -7086 15600 7880 
441 2176 -10131 -1384 -127 -4760 15572 14172 -5648 -7424 7629 -5488 -4985 -7357 -8303 -2808 -6645 3332 -10984 -3620 11012 -6042 -4502 -10774 15197 -5391 9483 -14854 2335 -11958 5257 -13942 3662 1159 -13014 8236 4077 -7897 3767 8088 3094 -10846 14708 8259 -3782 -4439 -7390 7857 -9089 1781 7729 -10409 15679 -3908 8469 -15587 -9306 3789 7080 -1399 -8085 -3262 10433 9607 7096 14804 -5664 15816 -5859 -3112 -1287 2508 11959 7116 3173 -10614 5479 9877 4336 5551 14388 -6063 3589 9870 10443 8908 15356 12189 -14569 13208 -15219 3745 2560 -2106 3413 1391 -2222 6963 7310 -5801 
10413 10633 -14890 15141 -9297 -10548 -4835 11725 11051 5524 -12871 -15955 12169 12517 -11379 14958 -7098 16288 13404 -10854 -12147 -6241 5941 -14419 4346 1634 14337 9708 120 -2704 5424 708 -8647 -16315 -10871 8911 -4389 -15893 13334 -12163 13986 -16335 -8137 -2987 2776 14972 -8250 14308 -10166 -15801 8561 6460 7396 -11477 3358 -2791 12917 -16222 128 11691 10374 -4267 -14912 13309 2908 12311 12877 -9738 5653 12918 15309 -3327 -4632 9462 -3802 -5802 9341 14563 -6739 3548 -8332 -8247 15478 2225 8953 14472 8643 -4015 -8819 -15855 8334 11608 -3367 2480 -7621 -3858 9139 11020 1634 9156 
-11972 6074 -8001 -11320 14616 15474 2883 -14758 -5931 14821 -9668 -2752 -14753 1844 -8024 -9179 11175 -3066 -11615 7361 13149 8252 13288 8095 -2868 8012 -8034 -2175 3290 7473 7680 -4759 -3543 -1277 358 15164 12879 -1744 6985 6925 -10694 9550 -2960 -3843 -13399 -7787 2882 -2620 -11829 -1043 7985 -6186 1794 -5456 14410 -5845 -10821 -6922 -1821 -12381 7789 11408 -6299 -12787 7353 -100 -448 -1077 9641 -14403 -4107 -7907 -758 15595 11589 -12800 8171 -11786 -9343 -7751 576 -8053 2290 -14085 -8808 10999 3440 -10071 -12541 -5767 9479 -13503 8711 14646 -3380 1758 -14646 -7470 14791 -3615 
4418 3746 14850 -972 -96 7304 16311 9011 -6716 -2716 4768 -10703 -1054 -13269 4959 -15972 -4549 -7010 -2795 9924 11262 5537 8454 1605 -11450 -8913 -3470 775 14388 -1041 6265 1000 9525 11885 3117 14846 4696 14831 10435 -11900 12750 8938 5083 13143 -12402 793 -15371 -8923 8710 5425 4853 -2519 -13814 11323 -5411 -6499 -8252 -4985 14994 -10314 2775 15425 208 8781 -15455 427 -9422 -11735 -1137 -6929 10083 990 2727 -5225 -7056 856 -8162 -7262 8749 12545 5142 13372 -4915 -11388 6274 -13805 -15737 7220 -6370 -2742 -16022 -15339 10893 12052 -9398 -14466 157 -8985 -564 -6561 
5024 -14510 15509 12077 -5910 6771 11160 -1440 -7568 -6639 14214 -9057 4487 13131 -5544 13696 6339 -6668 10751 8438 -1297 16259 7987 12624 -10958 -1613 4706 -2077 8777 3756 11447 589 -15128 -6940 11091 4701 14129 13453 12946 -2405 -8865 7347 3963 2408 6517 -534 -10925 -822 -8664 -12118 -6845 14543 7892 -12991 3627 12948 6818 -9365 4755 -15892 8384 -8313 689 7070 3009 7024 -1893 13914 -11748 -1808 -7016 52 10695 13267 14216 -5430 -8964 -1627 -9863 -3058 3597 13569 -1459 -3668 -14230 -9588 -5490 1294 -9030 11654 -13733 15873 9757 4612 -909 4607 -2423 8901 -5272 -4591 
2115 -8025 -12569 -13992 -3451 -3650 16169 15919 16183 1543 1159 -12296 -8241 6086 12570 9080 -8373 -8845 12951 4071 -12459 -7341 10804 3729 3709 -7504 -1860 12059 9626 3245 3253 -10643 6724 7871 8377 11826 13428 14014 14299 -13562 -10940 -866 -14791 12082 7368 -10299 5031 -4065 15635 1536 1667 -7090 -1969 2587 9372 -8184 -6147 2068 14405 9888 -13485 -15114 10112 -10662 15035 8261 11084 13551 15984 -734 13592 -7497 -6595 12532 -4022 6763 8278 11720 -4625 -15475 11615 15936 10381 15724 12164 -14036 11790 -5935 -3401 12991 -8755 5688 11277 4456 -14140 7876 3652 3139 -7715 3515 
12630 -9932 -13218 -8014 -5314 -3945 13942 1101 -10283 11421 -12818 -11346 -4660 10815 -782 112 7889 -7726 15622 -5801 8391 3388 -4595 1424 7718 4562 16252 10903 11130 -15417 -9818 4801 1 -1729 5415 10847 3941 785 11898 -13946 -15713 -16111 927 8302 11764 10249 2541 15492 -15854 12119 -13824 11272 5706 15382 -12348 -6573 2554 -16383 7334 16063 6907 -7717 -13853 -14289 -4275 9618 10480 12078 12236 10735 -12270 12478 -3566 12780 8448 -3143 3956 -12373 -2117 10965 -6367 9993 -12424 1359 10588 -8740 -13396 5166 -5661 -4162 13116 -5591 -10398 15243 3024 -9169 5654 -16265 9013 -6007 
-9328 8381 -2823 -5466 2441 8189 -1524 -7812 9703 -3281 4248 11919 11739 -10188 -13846 -11367 -7654 2838 3201 -11059 -13761 -12585 6204 1472 -12982 -8218 6826 9964 -8902 -14789 8563 -9764 -11315 7431 -10004 4583 15968 1552 9406 -14430 -2325 7841 -16193 -11042 2077 -5085 14289 -176 -1379 -10669 7935 -10277 -13975 -6890 8865 13423 -9392 6132 5037 10901 -111 -13016 -15579 4243 2974 -12710 6565 11053 -10252 14576 -1772 -12777 -1510 6159 5740 -11028 14786 9762 6571 -1310 -8444 -13283 -3612 14084 6077 5193 -5273 -7387 -11761 -6460 13843 4949 2554 1420 10694 9242 10273 -8641 14051 9510 
12192 -6294 4361 -6457 6417 -8316 -15908 4071 -10073 -7297 -3596 -15686 11625 -3327 -10774 -2570 -2152 6204 -12918 -14133 -3036 2400 -7396 14167 -9391 14770 -1836 13789 112 -4027 4704 -10116 12480 6729 -14183 -12898 12140 12043 5450 4348 -13145 7042 -15066 -8893 13801 -13428 -562 604 15700 1723 -6650 -6578 -2516 -2346 7680 5833 9329 -12824 -10807 -3767 7592 8694 -4135 2011 -10063 13401 15807 2184 2758 -1358 1267 3413 -12387 -8325 6589 -9493 -1376 -12216 -437 13280 -12464 -12399 5079 1690 -320 -8144 3069 -9259 -6090 -16265 -6109 3016 15076 2784 -2806 -8207 14029 -3480 -12166 -6286 
-5443 -3965 10003 -7138 -4761 -9547 -1992 -10722 12201 -2623 -12770 -13263 9701 15497 -2055 16027 9855 12411 -2994 -9561 -1156 10668 -9891 -15160 -15037 15501 10669 -2201 -5005 -5313 8899 1094 235 -1909 13285 7812 993 -11654 -5360 -3258 15138 10885 -14846 -2311 -13454 -3726 -2712 -4801 -2044 3268 -16336 4460 1312 15316 -11022 -6732 -9251 -15733 -2175 -12564 11516 4011 6295 -15629 -3859 13526 1446 -4173 -15642 9751 -318 -7984 13605 -10465 8371 -13851 -9137 -5098 12575 15214 -4118 -11243 -1314 10319 -515 -15556 2143 -15880 -12336 8803 10815 -11990 15813 10873 -10254 -11935 -12193 369 6289 13526 
11345 -12582 -15925 -10455 -6192 -8677 -1298 -15199 1755 1089 4637 7191 -818 8059 -11883 -3714 12527 9772 8993 14080 9271 -9307 -4186 -11570 -2516 -8075 -14128 10111 9948 -2970 2786 -2789 5121 -8179 -15195 6331 -12483 7172 -11409 -12072 2930 -5184 -16037 -13274 -180 -15870 5008 -5853 15058 -6924 -10573 11320 3632 -6182 -10384 4739 16266 12394 5421 1849 -4607 -8766 7382 -7764 8144 1788 6604 -3595 6535 -6296 2801 -15817 15470 11869 10710 -11643 -13824 -14154 12812 13674 2692 6621 -10607 4877 -2858 14990 -11430 14582 5436 -3292 10501 -903 4458 -14447 12457 -10827 -14438 2803 -10817 14655 
9934 4305 -7119 -10647 -466 12775 -1910 34 8581 -1373 -16315 9856 -7970 -1738 -10185 -6422 -3772 -16048 14110 -10028 1183 -9360 12884 -8915 -4429 -2594 -13673 -10653 -10949 -12992 3831 -12535 2347 -7475 1002 13595 -14580 13864 7283 -4121 15480 -10028 -3210 13969 -12098 -11959 4896 11578 -12649 -7255 14458 -4410 11534 -2535 8470 -14016 -10888 -6473 4314 4834 -7024 -14036 -8718 7612 1211 8677 -3879 -4103 8035 -11027 -14706 1730 -15499 7766 8923 2505 16125 2657 -16181 -2708 2539 805 -4309 -7814 16357 10731 10056 10909 1876 -11738 -13391 -7075 -7308 5124 -8918 6598 3994 3241 5049 686 
8593 512 -5675 -3170 -12008 -16329 -14414 -4524 -7556 9933 7344 -10007 -11684 -1198 -11029 412 129 14259 14564 13618 14308 10808 -6826 -12798 4546 -8938 10524 -15982 -11805 -9310 14151 -11544 -1550 2863 15173 12135 -3588 -4737 -716 -9123 -15341 -15657 -7090 -1250 2309 8634 -14986 2519 -15298 14908 3047 -6421 3268 6906 -5627 -774 345 -4693 -8123 7563 9651 -16035 2110 12368 -6432 6213 12762 -758 9406 3900 159 -2544 16031 5323 -10464 2424 -16125 -14869 -376 7896 -3466 9811 6222 1970 7567 2678 2043 -14220 5650 10512 8991 -16352 5926 -5530 5467 -11115 14520 11023 1681 -5775 
-9733 -14214 12591 1946 -259 -4874 13985 15201 16241 12654 8158 -12469 1158 -13628 6163 10612 -3101 6329 3955 12697 1483 3219 5159 -14918 -7080 -696 -12454 -7327 -11816 8025 13412 -13430 -2995 -2491 4127 1831 1032 13730 -14768 -11705 -1171 10195 11060 5083 1483 -12199 1843 10270 2906 8143 -3413 -7272 -10144 12158 -10278 -11065 -667 6801 2294 -5535 9881 10989 -1967 -15296 -14255 12201 -16211 5346 7836 -3298 -13402 6549 7698 -6493 1094 -12490 5024 14815 9131 10651 -11886 13252 -14884 13211 -6229 -15586 5299 7600 1128 -9012 -2325 -7872 15705 -8806 -11950 15998 7329 -14926 2065 -1287 
-3690 -15435 3616 -6473 635 9579 -3890 -12794 -8863 -7131 -4746 7639 9764 8868 16196 8399 -8310 4796 -3283 -9498 -12929 -10108 12278 10667 11891 8489 101 -4301 10716 -15508 -12916 11669 -3631 -8271 -10438 6425 13765 5559 6283 -14601 9322 1522 9871 16062 -9553 -2949 14110 -11168 15831 937 7622 -12079 -8509 7238 11475 3918 9283 14696 2180 -10936 6814 -4637 6741 -13595 -6614 6495 -3472 6696 -2292 -7405 1335 -9546 15384 12309 -11532 4156 13005 -5291 10151 8569 -11662 5421 -16135 -12834 -4013 12446 -14275 -14380 -9434 -15325 11948 14762 2944 -15325 6572 6931 -6277 -8948 11582 -8881 
14187 13066 8846 5102 2503 -12966 14495 -8130 -7140 829 11547 1351 16177 -8042 2881 10872 -5046 6169 16112 -3350 8566 14628 -1574 12101 2849 -201 6348 4172 -8030 12547 -10463 -8199 6656 9514 15948 -6323 1233 8843 -8306 -14673 5685 -3519 1461 9974 -2058 6447 11548 -14066 -4413 -12479 12202 6715 -10350 -5574 13064 4870 6683 4652 1776 -14660 3705 13713 -15981 10644 -3099 -11522 2095 13180 13971 -12681 4539 9594 -7497 10347 4530 -10318 -15719 3140 -9979 5641 -14885 -13149 6948 12661 -4141 814 -6859 3032 11019 10766 -2732 1165 -33 9473 -16366 -13429 -13257 -12270 4593 -16085 
14954 -13848 -9436 10381 -10947 -12343 -11442 4773 14071 8482 -15496 2007 -3666 203 -7139 5698 -4457 2510 -8871 2727 8845 11753 5941 14830 5549 -11359 10263 -7862 -9198 10736 -12465 -15614 15794 -6230 2499 -14892 -5278 -13211 -4413 -770 16109 -9963 8944 7906 9303 -10683 -12465 4174 -5575 -8730 10866 -13728 -10435 16073 -15921 266 705 12217 -11998 4157 3729 -6104 5636 -10833 -58 -11126 11670 15672 5315 15435 10831 -6681 5718 -12440 12267 -6759 -15884 12700 886 -11961 2837 14656 7549 -12307 4534 14267 -5027 7691 -13321 -15974 5292 2001 210 3139 7628 -35 -11774 5970 6296 6313 
13051 -2166 -4561 -14707 -13553 14695 9444 -3995 -8033 -3746 2383 -2857 2951 12202 -13962 -5572 3222 11721 12315 -224 -14295 11147 -12749 369 495 4558 101 12857 6081 4305 -8507 11281 6568 4138 -15204 -15844 15601 -6561 15958 -8781 -14219 -4587 -13418 170 14316 12016 854 12855 -2953 -4096 -14265 15475 8244 10715 -9423 -16247 4868 -4523 14728 -14480 -14749 -1071 -10727 5467 3685 -11717 -9772 9662 7645 16282 15039 -10768 -3183 -1457 5893 -7058 -4449 -291 -7652 2764 -6154 1900 4634 6194 -12554 4822 6947 4740 -6353 4452 9971 1067 -6849 -4834 5775 15477 -14131 -15418 -1006 -5981 
-3669 -14232 -9573 2950 3601 -7530 6746 -1587 8188 -16066 16066 8422 -2130 14104 3282 -377 8520 -10552 -4218 -12591 -7285 -7033 2146 5912 3508 -11387 -1499 -11445 -3459 9430 7059 11251 3640 7696 -8092 15074 -2545 -4745 -6574 1139 -12704 -3619 13382 -5263 9788 -1006 -9812 1438 13831 -5 15316 -10535 7986 -13494 -112 6371 -5347 -2095 7382 -10809 10000 -4229 -13677 15068 7009 -2079 4247 10865 15272 -9345 -4698 12813 3622 -6519 8099 11097 -6083 3428 15328 -4700 -496 12988 -6773 5641 -7356 9016 4154 3128 15062 -818 -9058 2518 -3036 -10305 15692 2698 4865 10023 12719 10910 
8440 -6344 1300 6727 1450 -12532 8149 -5237 9290 -9188 6318 8388 15422 11609 -11226 462 10969 -15393 8219 -8766 -13251 -8375 -9863 -155 -9900 -13395 -13826 14888 -16139 5933 3115 5589 6683 -15057 -7336 16076 -4791 13617 5592 241 13058 4932 -2223 13100 1390 -14308 -3808 6546 8976 -311 -2320 -7122 170 -2547 -2717 4190 -14277 -3246 -5920 4836 -15593 -12992 -5500 -12157 -13011 9199 8492 2890 3933 -825 9384 2681 -8448 6121 259 -7418 -16261 -2735 10230 -6460 11011 8067 15988 -8152 -13443 -3609 -11176 -8017 9333 12474 13361 2024 2373 -5974 6455 -14061 4680 11270 14671 -10901 
-14267 -7272 12609 -3826 -6945 2327 259 6270 9792 -16059 -6619 -819 -11312 -5222 612 -934 12815 -8798 -9132 -8637 -15455 8177 -6098 13920 -10918 8889 -6463 -2064 -3188 -1 2171 -8996 1626 368 -7520 -6244 -3268 16346 -7029 -6718 -15972 -11709 6952 -1766 -8048 8855 12411 -12940 -13377 7690 13651 -16121 -4777 5891 -7407 -6790 15154 -12614 9115 -8312 11537 15461 -12947 -13496 -13830 -14308 8638 -5361 10931 -12481 15063 1788 -4248 -5993 14458 791 -14750 -502 6263 -11746 -15898 -3604 -13998 2788 -9419 9724 9494 1631 8362 -9738 8773 3142 11509 -2106 10464 13403 9599 870 6554 -15788 
7647 1103 13604 -7591 -8574 -8562 12697 -13263 11360 12667 -5103 -3322 -12318 -3564 -15285 1994 14550 5864 -12166 13373 15772 -13382 14136 5270 4949 -15699 7569 5571 15687 -9955 14127 -427 -11938 -6631 9901 2052 4037 10355 -1024 4050 -5208 -5510 16135 728 -15603 4428 5178 -12893 9176 -4653 10615 13376 7143 -15021 14577 6372 12875 10148 4155 -10454 -14418 -14069 10618 -1536 15306 13735 1200 12841 -10738 -11117 3883 4968 3923 -12144 1813 15935 -1339 7266 -5858 15450 11222 -5943 5708 -2668 5988 524 -19 -15459 3572 11066 -14436 -13763 3342 11516 -7819 -9664 -14911 -4601 -6554 -15113 
-10696 2873 -7018 9822 -11135 1353 7158 -13335 -6042 14881 13551 -547 -11668 -43 7988 4453 -8718 -10446 -6490 -14036 -9108 -13317 -5011 10919 -6202 14524 4637 3585 -13860 -15292 1293 -12650 1822 3761 -2115 8736 10826 9266 14182 15487 3914 -5289 11181 1559 2869 -6907 -4502 -13602 -4246 13328 -13926 -6148 1486 625 2411 7701 -15313 -1511 12398 -12753 5305 10089 15328 1843 12702 15175 -14820 -5605 12748 -15656 -2781 2735 1231 2765 -15534 4852 15309 1123 -12245 3883 7593 8690 1859 -6021 9271 -16087 2900 13363 8358 -10019 -3227 7606 -6923 -16252 2077 -12036 -3948 1865 -12497 -5191 
15907 -3899 -11545 6949 -4016 -12975 13272 11361 15314 1020 12977 -2694 3211 -15322 30 7444 963 -2897 -16158 -6483 3464 5843 -11267 -13949 -5334 -3425 2302 14363 12506 769 5233 7784 -11156 14214 12397 15501 2858 -15954 -2241 9288 -11041 -15395 9786 16116 12781 -10251 5800 -7629 8846 910 -9519 6445 11568 -12342 3377 -6016 -13835 -9529 -65 -3395 12622 -10053 6496 915 11200 6824 -12427 10130 8375 -12111 -13951 5783 -15728 -8688 -8957 -10551 -10837 13484 12123 7748 12467 -12715 -5154 6498 13306 -1652 7166 -9317 5617 -12280 -12387 -7922 716 -13116 -7304 9893 11581 6069 -11337 -286 
3669 15652 10393 -5831 12927 9889 11077 -11743 4511 -13415 12469 -15948 4176 12171 -5947 7926 -6077 -7195 16224 -12865 -10820 -7314 -557 3385 2095 15718 -1485 7437 -3072 9786 -15631 -12505 -15520 9173 -11131 -13286 -15285 11166 1854 -4054 -11865 10245 816 -14610 -10880 -1087 10304 -13417 8806 14497 -1964 13272 496 -8187 12701 11114 -2477 8943 -6386 1588 -13021 14274 1246 3853 -16077 -1136 -12481 14630 2447 13585 2346 6671 -11362 -4290 4426 12893 -14754 384 -7409 10990 -13120 -1139 2516 -13101 1322 -13608 13369 6607 -11244 4011 13701 2951 14274 14299 -7365 8001 6953 5408 -9019 -2998 
1510 -15095 -5308 -7426 10080 -8048 -14466 4719 -9466 2390 13289 12969 -7253 2676 -1826 8601 15365 -7435 -3871 -8046 -1458 12261 -3308 -8077 -6917 3088 2499 -13713 -2400 6994 785 2928 12013 6030 2504 2081 11977 -10938 5191 -112 15765 -10803 6030 -15755 -2683 7459 3181 1306 -2785 8550 -2862 12768 5086 -13846 12087 -15773 14312 5101 1587 -15038 2804 4849 2592 -10618 -5056 8878 -7436 -3931 7606 -16212 -6109 7210 -13784 9074 -4936 9211 8873 -15002 -12931 5184 -3821 14648 -4281 -5659 7583 15876 -1173 -1853 -14937 10493 -14265 11879 8575 -9526 -1041 -2185 6011 5750 5889 11701 
-1533 12302 13709 5290 3801 10449 -3036 2794 7539 -4345 1801 13814 -7556 6008 12668 3787 -6546 1666 -5334 -11009 -10926 7886 8633 3721 5535 11175 9336 -9681 -967 -8975 -6098 -1410 7050 -13638 -3839 8061 -13371 5750 -12146 5356 10816 -8236 -14833 6955 -4617 -7376 11950 -12094 3877 14253 5105 12930 -8186 -15637 -14776 -10154 -11088 6230 4537 13465 -10216 6697 15028 15403 11305 -11783 4346 -754 -3321 5869 1712 -13906 8043 14232 -9847 16072 10783 -659 -1000 2546 2722 -44 3388 -2373 4318 -8993 -13394 -6024 -8691 3491 5037 1700 -9550 11309 5330 490 10171 0 3574 -2103 
10428 -12606 -696 6875 -6832 -4064 -11659 -6725 8082 315 -12040 16008 7616 10048 -3960 4372 -15112 11830 10663 1435 -15598 -11687 15439 6713 9635 11016 7873 1253 -9187 11620 -7568 -7142 -15615 -9088 -750 -7136 -2484 -8904 974 7918 -14101 -15449 1671 7346 -8356 4159 -9905 -1288 2925 -3457 14832 -8083 10010 1860 -8290 838 -13174 -5945 8896 10312 -5847 1577 2788 8301 -13840 -10059 12489 -5336 -8518 11434 655 -15537 4804 -11333 6147 -869 14416 14108 -6897 14293 9564 -8381 14405 5016 16259 10033 5010 8117 -11009 -3725 3337 -1728 -16195 -11085 1486 5422 -2138 -10773 9514 -8287 
15605 -6588 9654 -2616 -9284 -1405 8872 -8082 -7302 12836 13122 -10986 1504 9230 -15774 9160 -11350 1771 12330 6004 13983 2843 -5160 12025 9908 -9140 -11350 13514 14398 -8016 -14095 -9419 -16036 -5166 1598 9031 -2962 15116 -6735 -2984 -4682 12706 -6810 -5593 -11756 -5521 -10239 -85 15591 -10945 -12446 -9105 -9463 13769 -4246 10910 12522 -1470 -2316 -1108 10709 -114 -4903 -7792 11848 -1762 -221 695 8053 -11676 -15781 3716 13790 -29 7925 6260 -7915 -10769 -9504 -22 -6502 6904 -13005 10895 7637 11147 -5637 -2211 -14532 9696 -3032 -4032 7303 13073 -15457 -8096 -10217 9206 11617 5381 
4462 14226 15329 12063 -4912 306 1388 2922 15359 1050 3771 -6348 -12771 15074 -14436 1988 -13150 -8084 -12346 -13728 9093 -3981 -11838 8945 4720 -2616 -7682 12110 9508 -9178 -4108 9499 -3851 7079 -2176 85 5479 13275 -16311 -1932 7662 3197 6477 -7629 715 -3638 7832 -15368 9994 631 14087 723 -11870 1350 6206 11821 16299 15419 16049 4105 3532 -5255 -6184 -14361 -10586 -5715 15475 -10671 1151 12331 -1788 7933 -3074 165 595 1940 9730 -10628 -3037 -1770 -8533 -1607 -10244 10723 12140 10661 -11751 13920 2646 -2822 12920 11835 7273 -2628 -2039 -9132 -13027 -14673 -3081 12096 
