50
10
7475 12487 1221 -3788 -8202 15215 14140 -8246 -14838 -2823 
11647 -13712 -2093 -8176 -3955 10262 6628 11456 11955 -2371 
-3450 11319 5741 -1599 -1685 -10453 3680 -13862 -130 -13088 
-14211 11434 15562 -12081 -12744 -13827 12944 -4883 -15378 -2928 
-4241 -371 -16034 -9065 -7244 5100 15685 8648 5063 8273 
10790 -9451 5822 0 538 -13822 -4348 -13361 8153 3994 
-5333 13515 -7468 -9976 -8999 3908 15473 6599 5077 4569 
-7058 2430 11066 15418 4697 15219 -10564 4531 14899 -14940 
-481 -9658 -5586 3444 5310 4218 1924 -4080 15168 -15934 
-14209 7254 -9889 -14471 -5745 5237 -551 -8556 15245 -4833 
-3456 -15391 -14055 96 4710 6894 -3825 -5614 4137 1425 
-3021 -15370 -1434 -3573 5094 14184 -5054 -14895 6 6839 
-2021 10991 -3604 -4071 -1452 -6638 -3446 15422 8774 15145 
-5719 -13678 8012 1712 13384 5376 -17 -11886 8218 9596 
-3785 -14926 -13792 -6390 11289 2316 -405 -900 -251 9604 
-10500 -11579 401 -15547 -2115 -15121 8265 7108 -6752 -14414 
-12641 11121 5855 12969 -13066 -14348 -1444 -8915 4304 -7916 
-11241 -6976 -735 -11711 -4907 4909 14517 -13642 13017 -1476 
4292 -3518 2499 -1277 -2658 4269 10125 3810 16247 7611 
-852 -14312 2397 0 -15027 8179 4152 -8362 429 -14159 
9223 5214 13218 -10008 -9948 -10902 -8399 -14677 0 -5005 
-5044 -14284 -14533 -10058 10165 -12225 13373 -7404 -16134 -1022 
-4578 -13533 -15475 -5953 -9475 4807 10507 1788 -8239 3717 
-15719 8535 -9584 93 -10409 -4862 -13188 9050 -2547 6606 
660 11697 6111 -2065 10788 -4214 -11727 -5820 -8339 -11161 
-2658 -2984 -7050 11558 6172 -4365 -12805 -14162 10298 -10674 
5243 299 -14470 2798 5988 1022 -13870 -14824 -16284 14909 
-10169 16100 5328 -10277 -11088 5370 9021 14188 15504 14046 
-9433 -14191 -5866 6641 -836 -2317 10807 14846 -4397 4086 
-9484 -2443 -5901 -13067 11438 832 -125 -14292 1965 -15561 
-16360 -15809 -327 569 11235 15964 -3111 9441 -446 6921 
11311 987 -12952 -4738 12541 -14118 13101 1461 -1095 -15569 
-13310 8461 2899 -13825 -1548 -3698 8336 -7655 -1562 16339 
-120 -661 -1835 3467 13377 -13799 -2229 16035 -1929 10032 
-5905 -4341 -1940 -2812 7724 15129 -11023 5916 9733 -8041 
-8065 7631 -2558 15965 13686 11638 -14789 -10076 -7299 -9914 
12169 10207 4603 -14400 14806 6222 5563 5837 10371 -16358 
6053 5491 -3329 -3554 2720 2343 -2193 -3247 -12660 -11065 
5503 14533 -413 -2260 -176 13396 1912 -2200 11907 -10783 
-14384 -2926 2923 1853 4517 12097 -2984 2228 4610 677 
-3321 13356 14464 -7370 3630 -13072 -8663 6415 -15059 8719 
2411 3043 -7208 -5779 -12988 5778 -920 -9890 -7820 -1953 
-2679 9969 12773 6601 14980 11991 -15583 -1284 15254 12008 
-5646 -15892 3155 5703 -3035 -507 3641 4650 97 -10359 
13666 7489 -7382 127 5451 -2119 5882 -8884 966 3557 
-10872 -1303 -16376 -3199 6168 2232 11220 14746 -8950 11260 
-15154 1303 12391 8940 11234 -5162 5550 -12948 10460 15994 
4262 -11936 14346 1234 11108 12453 -12267 4822 -2203 -14681 
11750 15446 0 -15472 5309 -12995 710 -9429 4180 3188 
2044 -691 -6343 12140 -13761 3571 2866 -15291 6712 13046 
