18 18
2 11 34 9 22 24 43 15 19 17 43 16 17 13 14 8 15 49 
45 2 8 2 1 33 36 11 30 33 13 15 39 45 29 35 1 50 
38 8 40 44 15 32 44 14 49 8 9 25 8 37 5 3 40 20 
22 25 41 8 4 10 12 13 42 16 35 16 15 38 37 28 45 6 
21 3 34 47 35 14 37 34 12 19 50 3 44 35 34 16 27 23 
18 25 43 10 25 45 11 30 32 28 23 10 50 35 5 8 45 22 
8 10 19 19 23 24 41 13 30 31 35 44 19 40 11 42 46 39 
15 23 10 12 17 39 14 42 13 26 1 36 20 14 15 36 40 29 
2 45 2 8 21 1 39 12 4 4 34 41 21 50 3 6 48 11 
50 2 41 26 50 36 50 40 19 4 14 46 45 25 19 38 18 26 
6 2 18 33 32 25 50 10 35 2 41 9 4 40 22 12 45 24 
44 37 11 34 10 41 24 8 44 30 11 21 36 16 31 3 11 33 
18 24 37 5 13 18 44 13 19 22 38 23 31 13 37 9 2 45 
26 34 30 49 8 31 25 24 17 42 8 38 18 2 35 34 31 39 
45 33 40 10 46 44 15 6 18 29 34 50 5 14 12 5 26 12 
21 26 19 40 35 27 12 49 49 42 22 50 36 42 33 44 19 5 
1 6 32 41 35 25 6 17 14 43 26 37 22 49 30 25 17 25 
24 10 28 45 30 15 29 33 13 3 42 12 34 14 12 18 31 21 
1700
1 1
1 2
1 1
2 1
2 2
3 2
2 2
2 1
3 1
4 1
3 1
3 2
4 2
4 3
4 2
5 2
4 2
4 1
5 1
6 1
6 2
6 3
5 3
6 3
6 4
7 4
7 3
8 3
9 3
8 3
8 4
8 5
8 4
9 4
8 4
8 3
8 2
9 2
8 2
8 3
8 4
9 4
9 5
8 5
8 6
7 6
6 6
6 7
5 7
4 7
3 7
3 8
2 8
3 8
3 9
2 9
2 8
2 9
1 9
1 10
2 10
1 10
1 11
1 10
1 9
1 8
1 9
1 10
1 11
1 10
2 10
2 9
1 9
2 9
1 9
1 10
1 9
1 8
1 9
1 8
1 9
2 9
2 8
3 8
3 9
3 8
3 7
4 7
3 7
4 7
5 7
6 7
6 8
5 8
5 7
5 6
6 6
5 6
4 6
4 7
5 7
4 7
4 8
5 8
5 7
5 6
5 7
4 7
4 8
4 7
4 8
4 9
4 10
3 10
3 9
2 9
2 8
1 8
1 7
1 8
1 7
2 7
2 8
3 8
2 8
2 7
3 7
2 7
2 8
2 7
2 8
2 7
2 6
3 6
3 5
4 5
3 5
3 4
4 4
3 4
2 4
2 5
1 5
1 6
2 6
2 7
2 8
3 8
2 8
2 9
1 9
2 9
1 9
1 10
1 11
1 10
1 9
2 9
3 9
3 10
3 9
4 9
4 8
4 9
3 9
2 9
3 9
2 9
2 10
2 11
2 12
3 12
4 12
4 13
4 14
4 13
3 13
3 12
3 11
3 10
2 10
3 10
3 11
3 10
3 11
3 12
4 12
5 12
5 13
4 13
5 13
5 12
5 13
4 13
3 13
2 13
3 13
4 13
3 13
4 13
4 12
4 13
5 13
5 12
4 12
5 12
6 12
6 11
6 10
5 10
5 11
5 12
6 12
6 11
7 11
6 11
5 11
5 10
4 10
4 11
4 12
5 12
5 13
6 13
6 14
6 13
6 14
6 13
6 12
7 12
8 12
7 12
7 13
6 13
6 14
7 14
8 14
9 14
9 15
9 14
8 14
8 13
8 12
7 12
6 12
7 12
7 13
7 12
8 12
8 13
7 13
8 13
7 13
6 13
7 13
7 14
7 13
8 13
7 13
7 14
8 14
9 14
9 15
9 16
10 16
9 16
10 16
11 16
12 16
12 17
12 18
11 18
11 17
11 18
10 18
10 17
10 18
10 17
11 17
11 16
11 15
11 14
10 14
10 13
10 12
9 12
8 12
7 12
7 13
6 13
7 13
7 12
7 11
7 12
7 11
7 10
6 10
5 10
5 9
5 10
5 9
6 9
5 9
5 8
4 8
4 7
4 6
4 7
3 7
3 6
2 6
2 5
2 4
1 4
1 5
1 4
2 4
2 3
2 4
1 4
2 4
3 4
4 4
3 4
3 5
4 5
4 4
3 4
2 4
2 3
3 3
3 4
3 5
3 4
3 5
3 6
3 5
4 5
5 5
5 6
5 7
6 7
6 8
7 8
7 9
7 10
8 10
7 10
8 10
8 11
8 12
8 13
8 14
7 14
8 14
7 14
8 14
8 13
9 13
8 13
9 13
9 14
10 14
9 14
10 14
9 14
8 14
9 14
9 13
8 13
7 13
6 13
6 12
7 12
7 11
8 11
8 12
8 13
7 13
8 13
8 14
9 14
10 14
11 14
11 13
11 12
11 11
10 11
9 11
9 12
9 13
8 13
8 12
7 12
7 13
7 14
7 13
6 13
6 12
7 12
8 12
8 11
9 11
10 11
11 11
11 12
10 12
10 13
10 14
11 14
11 15
11 16
12 16
13 16
14 16
14 17
14 18
14 17
15 17
16 17
16 16
16 17
17 17
17 16
16 16
16 17
16 16
15 16
15 17
14 17
14 16
15 16
15 15
14 15
13 15
14 15
14 14
15 14
14 14
13 14
12 14
12 15
12 16
12 17
12 16
11 16
11 15
10 15
10 16
10 17
10 18
10 17
11 17
11 16
11 17
10 17
11 17
10 17
10 16
11 16
11 17
11 16
12 16
11 16
12 16
11 16
11 15
10 15
10 16
9 16
9 15
10 15
10 16
10 17
11 17
11 16
11 15
12 15
13 15
13 16
14 16
14 17
14 16
14 15
14 14
14 15
15 15
15 16
15 15
15 16
16 16
16 15
16 16
15 16
15 17
16 17
17 17
18 17
17 17
18 17
18 18
17 18
17 17
17 18
16 18
17 18
16 18
15 18
15 17
15 18
14 18
15 18
15 17
16 17
16 18
16 17
16 16
16 15
16 14
15 14
14 14
15 14
14 14
13 14
14 14
14 13
13 13
13 12
14 12
15 12
14 12
13 12
12 12
11 12
10 12
9 12
9 11
10 11
11 11
11 10
10 10
9 10
9 9
9 10
9 11
9 12
8 12
8 11
8 12
7 12
8 12
9 12
9 13
8 13
9 13
9 14
10 14
9 14
9 13
9 14
8 14
8 15
8 16
8 15
9 15
8 15
8 16
9 16
8 16
9 16
8 16
7 16
7 15
7 16
7 15
6 15
6 16
7 16
7 17
7 18
6 18
5 18
5 17
4 17
5 17
5 16
5 15
6 15
7 15
7 16
8 16
9 16
9 15
8 15
8 14
8 13
8 12
7 12
7 13
8 13
8 14
9 14
8 14
8 13
9 13
10 13
10 14
9 14
9 13
8 13
8 14
8 13
9 13
8 13
8 12
8 11
7 11
6 11
6 10
7 10
8 10
8 11
9 11
9 12
10 12
10 11
11 11
10 11
10 10
11 10
10 10
9 10
8 10
9 10
9 9
9 10
9 11
8 11
9 11
9 12
10 12
10 13
9 13
9 12
9 13
9 14
9 13
9 14
9 13
8 13
7 13
7 14
7 15
6 15
7 15
7 16
7 17
8 17
9 17
10 17
10 18
11 18
11 17
11 16
11 15
10 15
10 16
10 17
9 17
10 17
11 17
12 17
11 17
10 17
10 16
10 17
9 17
9 18
10 18
9 18
10 18
10 17
10 18
11 18
11 17
11 16
10 16
9 16
8 16
9 16
9 15
10 15
10 16
11 16
10 16
9 16
8 16
7 16
7 15
8 15
9 15
9 16
8 16
8 17
8 16
8 15
9 15
9 14
9 15
9 14
8 14
8 15
9 15
8 15
9 15
9 16
9 17
9 16
9 15
9 14
9 13
9 14
10 14
9 14
8 14
9 14
9 13
9 14
10 14
11 14
11 13
11 12
12 12
11 12
11 11
11 12
11 13
11 12
10 12
11 12
11 11
11 10
12 10
12 11
12 12
12 11
12 10
12 11
12 10
13 10
14 10
13 10
13 11
13 12
13 11
13 10
12 10
13 10
14 10
14 9
14 8
14 9
13 9
14 9
14 8
13 8
12 8
11 8
11 7
11 6
11 5
10 5
9 5
8 5
8 4
8 5
8 4
7 4
7 3
7 4
7 3
7 4
7 3
8 3
8 2
7 2
6 2
5 2
5 1
4 1
5 1
4 1
5 1
6 1
5 1
5 2
5 3
5 2
5 1
5 2
4 2
5 2
4 2
4 3
4 2
4 3
3 3
3 4
2 4
2 5
2 4
2 3
1 3
1 4
2 4
2 3
2 4
2 3
3 3
2 3
1 3
2 3
1 3
1 2
1 1
2 1
1 1
1 2
1 1
1 2
1 1
2 1
3 1
3 2
3 1
3 2
4 2
5 2
6 2
6 3
5 3
4 3
5 3
4 3
4 2
4 1
3 1
3 2
4 2
4 1
5 1
5 2
5 3
5 2
4 2
4 1
3 1
3 2
3 1
2 1
2 2
1 2
1 3
2 3
3 3
3 4
3 5
3 6
3 5
4 5
4 4
4 3
4 2
4 1
4 2
5 2
4 2
4 3
4 2
4 1
5 1
5 2
6 2
6 3
7 3
7 4
7 5
7 4
7 3
7 2
6 2
6 3
7 3
7 4
7 5
8 5
8 4
9 4
9 3
8 3
7 3
7 4
7 5
8 5
8 4
9 4
8 4
9 4
8 4
7 4
7 5
7 4
6 4
6 5
7 5
8 5
9 5
10 5
10 6
9 6
9 5
8 5
9 5
9 6
8 6
8 7
7 7
8 7
8 8
8 9
7 9
6 9
7 9
7 8
6 8
6 7
5 7
6 7
6 6
7 6
8 6
8 7
8 6
8 7
9 7
8 7
9 7
8 7
7 7
8 7
8 6
8 5
9 5
8 5
7 5
6 5
6 6
6 5
5 5
4 5
3 5
4 5
4 6
3 6
4 6
4 5
4 6
5 6
5 7
6 7
5 7
6 7
5 7
6 7
6 6
5 6
6 6
5 6
6 6
6 5
6 4
6 5
7 5
7 6
7 7
7 6
7 5
7 4
8 4
8 5
7 5
7 6
7 5
6 5
6 6
6 5
6 4
6 3
5 3
4 3
5 3
5 4
5 3
6 3
7 3
6 3
5 3
4 3
5 3
4 3
5 3
4 3
4 4
3 4
4 4
3 4
3 3
3 2
3 1
2 1
3 1
3 2
3 1
3 2
3 3
4 3
4 2
3 2
3 3
3 4
3 5
3 4
3 3
4 3
5 3
4 3
5 3
6 3
6 4
6 3
7 3
6 3
6 4
6 3
6 4
6 3
6 4
5 4
4 4
4 3
4 4
3 4
2 4
2 5
1 5
1 4
1 5
1 4
2 4
1 4
2 4
2 3
3 3
2 3
2 4
2 3
2 4
2 5
2 6
2 7
2 6
2 7
2 8
2 9
1 9
1 10
1 11
1 12
1 13
1 12
2 12
1 12
1 11
1 12
1 11
2 11
2 12
2 11
1 11
2 11
3 11
4 11
5 11
4 11
3 11
4 11
5 11
4 11
4 12
4 13
3 13
4 13
3 13
3 12
4 12
4 13
4 12
5 12
5 11
5 10
5 9
5 10
4 10
4 9
5 9
4 9
4 8
5 8
5 9
4 9
5 9
4 9
5 9
5 10
5 9
6 9
6 8
6 9
7 9
8 9
8 8
8 9
8 10
8 9
9 9
8 9
8 8
8 9
8 8
8 7
8 6
9 6
9 7
9 6
10 6
9 6
10 6
10 7
10 8
10 7
11 7
12 7
12 6
12 7
12 8
12 9
12 8
12 7
13 7
13 6
13 7
14 7
14 6
15 6
16 6
16 5
15 5
14 5
13 5
12 5
12 6
13 6
12 6
12 5
12 6
12 7
12 6
12 7
12 6
13 6
14 6
14 5
14 6
15 6
15 5
16 5
16 4
15 4
14 4
15 4
16 4
17 4
16 4
17 4
17 5
17 4
18 4
17 4
16 4
16 5
16 4
16 3
15 3
15 2
14 2
15 2
16 2
16 1
17 1
16 1
16 2
17 2
18 2
18 3
18 2
18 3
18 2
18 1
17 1
17 2
16 2
15 2
16 2
15 2
14 2
15 2
16 2
16 1
15 1
15 2
16 2
16 1
15 1
16 1
15 1
16 1
17 1
18 1
17 1
17 2
17 1
16 1
15 1
16 1
16 2
17 2
17 3
16 3
16 4
16 3
16 4
16 5
16 4
16 3
15 3
15 4
15 5
14 5
13 5
12 5
11 5
10 5
10 4
9 4
10 4
9 4
10 4
10 3
10 2
11 2
10 2
11 2
11 1
10 1
9 1
10 1
9 1
8 1
9 1
8 1
7 1
7 2
6 2
6 3
5 3
5 4
5 3
5 4
5 5
5 4
5 5
4 5
4 6
3 6
4 6
4 7
3 7
2 7
2 8
2 7
2 6
2 5
2 6
1 6
1 5
2 5
1 5
1 6
2 6
3 6
3 7
3 8
3 7
2 7
2 8
3 8
3 9
2 9
2 8
2 7
2 8
1 8
1 9
1 8
1 9
1 10
2 10
1 10
1 11
1 10
1 11
2 11
3 11
4 11
3 11
3 10
2 10
1 10
1 9
1 10
1 11
1 10
2 10
2 11
2 10
3 10
4 10
4 11
5 11
6 11
6 12
6 11
5 11
5 10
5 9
5 10
4 10
4 11
3 11
3 10
3 11
4 11
5 11
5 10
5 9
5 8
4 8
4 9
4 8
5 8
6 8
6 9
5 9
4 9
4 10
4 11
5 11
5 10
5 9
5 10
6 10
7 10
8 10
7 10
6 10
7 10
7 9
6 9
6 8
6 7
6 6
5 6
6 6
7 6
7 7
7 6
7 5
6 5
6 6
6 7
6 6
6 7
7 7
7 6
7 5
8 5
8 6
7 6
7 5
6 5
6 4
6 5
5 5
4 5
4 4
5 4
5 3
5 4
5 5
6 5
7 5
7 4
7 5
7 6
6 6
6 5
6 4
6 3
6 2
7 2
7 1
6 1
6 2
7 2
7 1
6 1
7 1
7 2
7 3
7 4
6 4
5 4
6 4
6 3
7 3
7 4
8 4
7 4
8 4
8 5
7 5
6 5
6 6
5 6
4 6
4 5
4 6
4 7
4 6
3 6
2 6
2 7
2 8
2 9
3 9
3 10
3 9
3 10
4 10
4 11
4 10
3 10
3 9
2 9
2 10
3 10
4 10
4 9
5 9
6 9
6 8
7 8
8 8
8 7
8 6
8 5
7 5
6 5
7 5
8 5
8 6
8 7
7 7
6 7
6 6
5 6
5 5
4 5
4 6
4 7
5 7
4 7
4 8
4 9
4 8
4 9
3 9
4 9
3 9
3 10
2 10
3 10
4 10
3 10
3 9
3 10
3 11
2 11
3 11
3 10
3 11
4 11
4 12
4 13
5 13
4 13
4 12
5 12
6 12
7 12
6 12
5 12
6 12
6 13
6 12
5 12
6 12
6 13
5 13
5 12
6 12
6 11
7 11
7 10
6 10
5 10
5 11
4 11
4 10
4 9
4 10
4 11
3 11
3 10
4 10
4 9
3 9
3 8
3 9
3 8
3 9
4 9
3 9
3 8
3 9
2 9
2 10
3 10
3 9
3 10
4 10
4 9
4 10
3 10
3 9
3 8
3 9
2 9
2 10
3 10
2 10
2 11
2 10
3 10
3 9
2 9
2 10
3 10
4 10
5 10
5 9
5 10
5 9
5 10
4 10
4 11
3 11
3 12
3 11
4 11
4 10
3 10
2 10
2 11
3 11
4 11
3 11
4 11
5 11
5 12
4 12
3 12
3 13
4 13
5 13
4 13
4 12
5 12
6 12
6 11
5 11
5 12
5 11
4 11
4 12
4 11
4 10
3 10
4 10
5 10
6 10
6 11
5 11
4 11
5 11
5 10
5 9
6 9
6 8
6 7
6 8
7 8
7 9
7 8
7 7
7 6
8 6
8 7
7 7
8 7
9 7
9 8
8 8
8 9
9 9
8 9
7 9
7 10
8 10
8 11
8 10
7 10
7 9
7 8
8 8
9 8
10 8
11 8
11 7
10 7
9 7
10 7
10 6
10 5
9 5
8 5
8 6
7 6
7 7
6 7
6 6
7 6
6 6
7 6
7 5
6 5
6 4
7 4
7 3
6 3
5 3
5 4
5 3
6 3
5 3
5 2
5 1
4 1
5 1
4 1
