15 15
2 11 34 9 22 24 43 15 19 17 43 16 17 13 14 
8 15 49 45 2 8 2 1 33 36 11 30 33 13 15 
39 45 29 35 1 50 38 8 40 44 15 32 44 14 49 
8 9 25 8 37 5 3 40 20 22 25 41 8 4 10 
12 13 42 16 35 16 15 38 37 28 45 6 21 3 34 
47 35 14 37 34 12 19 50 3 44 35 34 16 27 23 
18 25 43 10 25 45 11 30 32 28 23 10 50 35 5 
8 45 22 8 10 19 19 23 24 41 13 30 31 35 44 
19 40 11 42 46 39 15 23 10 12 17 39 14 42 13 
26 1 36 20 14 15 36 40 29 2 45 2 8 21 1 
39 12 4 4 34 41 21 50 3 6 48 11 50 2 41 
26 50 36 50 40 19 4 14 46 45 25 19 38 18 26 
6 2 18 33 32 25 50 10 35 2 41 9 4 40 22 
12 45 24 44 37 11 34 10 41 24 8 44 30 11 21 
36 16 31 3 11 33 18 24 37 5 13 18 44 13 19 
70
1 1
2 1
3 1
2 1
1 1
1 2
1 1
1 2
2 2
2 3
1 3
2 3
1 3
1 2
2 2
2 1
1 1
1 2
2 2
1 2
1 3
1 2
2 2
1 2
1 3
1 4
1 3
2 3
3 3
3 4
3 5
3 4
2 4
1 4
1 5
1 6
2 6
2 5
2 6
2 5
2 6
2 5
2 4
3 4
3 5
4 5
5 5
5 4
4 4
5 4
5 3
5 4
4 4
5 4
5 3
6 3
6 2
5 2
5 1
5 2
4 2
3 2
2 2
2 1
3 1
4 1
3 1
3 2
2 2
1 2
