73
100000 100000 100000 965 62611 63238 62590 100000 59562 100000 100000 100000 1551 100000 100000 8816 6556 1715 100000 100000 100000 100000 100000 100000 62866 6968 100000 8813 100000 100000 100000 57185 100000 100000 63357 64002 42 2489 100000 56531 100000 65101 100000 100000 56997 100000 1031 100000 3908 8769 100000 100000 1343 1342 60275 63698 100000 100000 100000 100000 869 2618 5716 100000 2014 100000 100000 9674 60438 100000 63973 59971 8628 
9569 100000 64586 100000 100000 7183 100000 56287 3384 57513 8836 100000 100000 65178 9324 4849 100000 100000 100000 100000 2369 60553 5713 64629 57536 100000 100000 100000 100000 1570 100000 9024 3022 100000 100000 65222 100000 100000 100000 100000 1445 64178 4651 100000 100000 100000 100000 100000 100000 57963 895 9373 60568 9943 3298 7797 56292 100000 100000 374 63243 100000 100000 4259 100000 100000 100000 100000 7671 100000 100000 100000 100000 
100000 8707 100000 64780 100000 100000 100000 8468 100000 100000 5028 100000 57861 100000 664 100000 58943 100000 1391 100000 100000 100000 100000 100000 3469 100000 63758 62241 2193 61269 100000 100000 8358 3017 100000 65267 100000 100000 100000 100000 100000 100000 100000 59384 100000 100000 8573 100000 100000 4095 100000 100000 100000 100000 62208 100000 56304 100000 100000 5955 2461 100000 64628 100000 100000 100000 58797 60619 55821 6541 100000 100000 8180 
4444 60048 63779 100000 3074 64836 1762 6193 100000 100000 100000 9693 100000 100000 100000 100000 4695 630 100000 61543 58038 100000 100000 100000 100000 100000 100000 353 58644 100000 100000 65125 1919 100000 3661 64219 100000 8912 59506 100000 3956 64447 60474 61693 60581 65212 100000 100000 63908 100000 100000 7054 59054 1420 100000 100000 63674 64384 965 100000 100000 64372 57115 6860 100000 7816 61117 100000 3572 9579 100000 100000 100000 
60428 100000 6050 2062 100000 100000 100000 58901 60452 56790 2346 6844 100000 5733 100000 7798 64123 59079 100000 64086 100000 100000 4505 58071 100000 8642 100000 100000 100000 100000 60487 5547 60957 63723 8952 100000 56650 9835 65120 100000 100000 59723 100000 100000 61995 60262 100000 100000 100000 62642 100000 100000 100000 9285 100000 59537 62492 100000 100000 100000 59854 100000 100000 100000 100000 1670 100000 100000 7299 715 61704 100000 100000 
6071 100000 100000 65068 100000 100000 1783 100000 692 56182 100000 100000 58685 5264 100000 100000 100000 100000 57128 5413 100000 100000 57174 59392 100000 100000 100000 8381 100000 62279 4910 59413 100000 55621 100000 2055 100000 100000 100000 61932 1673 2090 4280 100000 1387 65144 58688 100000 100000 100000 100000 7703 100000 3407 9528 100000 64901 100000 60948 100000 100000 100000 62570 61905 100000 56884 64343 100000 100000 100000 3240 100000 100000 
56246 6288 5129 100000 59857 100000 100000 100000 1061 100000 100000 2422 9348 100000 100000 100000 100000 100000 100000 100000 8508 100000 100000 1587 100000 100000 100000 100000 8424 100000 7716 100000 100000 100000 61398 58038 58511 100000 100000 2284 6477 3357 57506 4938 100000 5479 100000 100000 4812 100000 100000 628 61881 56745 100000 59775 61249 64190 100000 100000 100000 100000 100000 100000 100000 100000 100000 100000 63735 7644 100000 100000 100000 
100000 6836 100000 64490 100000 100000 7592 100000 59173 63801 100000 61637 100000 100000 100000 100000 100000 4558 100000 8574 100000 100000 62388 63248 61480 59164 57372 56648 62835 8850 4633 2004 100000 5906 100000 1465 5546 100000 62789 100000 57899 4639 2093 56622 6132 3954 100000 100000 62182 6553 60739 64346 59616 100000 6035 100000 100000 656 5700 9799 9523 100000 100000 100000 100000 55944 150 100000 60898 7629 597 100000 100000 
100000 59388 100000 332 971 100000 57471 100000 100000 4163 100000 6299 4278 2203 64229 100000 2407 100000 100000 59048 339 5569 2083 4818 7800 59434 100000 100000 100000 59072 100000 100000 100000 61177 100000 60916 57100 100000 100000 100000 63144 63582 100000 4241 56317 100000 100000 6507 62459 100000 57061 2726 57598 100000 65201 61465 57119 100000 100000 1134 100000 57560 100000 7437 100000 6070 100000 1472 100000 100000 100000 2622 8644 
9530 3996 100000 100000 100000 7591 7339 557 7047 100000 100000 4114 7966 100000 100000 100000 63364 5746 100000 48 100000 100000 100000 62330 100000 8605 100000 100000 100000 5925 100000 57101 1339 100000 59292 3768 7475 100000 6945 100000 1049 8954 100000 55538 62305 100000 63624 100000 100000 100000 63360 100000 100000 7148 58906 7962 100000 5919 100000 100000 100000 100000 56665 2072 100000 100000 57489 8133 100000 64134 100000 100000 2030 
100000 8846 100000 6958 100000 56319 100000 100000 5143 100000 100000 59259 61122 100000 4922 100000 100000 60264 100000 55976 61239 100000 56293 7962 100000 100000 100000 100000 57197 100000 57636 61213 5362 63301 100000 100000 65056 100000 100000 100000 64387 100000 62108 100000 57895 100000 100000 100000 100000 60916 61415 3007 100000 57893 100000 100000 100000 3183 100000 2439 7788 4939 100000 7468 100000 100000 59542 9693 1195 5682 100000 100000 8089 
227 60487 100000 100000 100000 100000 100000 56498 5734 100000 64320 100000 100000 100000 62287 6284 100000 761 100000 9251 100000 100000 100000 100000 100000 100000 100000 100000 100000 100000 5220 100000 9052 60044 100000 2153 100000 64694 100000 100000 100000 58169 6167 55611 100000 9864 100000 57937 5172 3202 61070 100000 57038 100000 100000 56570 59182 8665 135 63205 2501 59681 100000 58675 1966 7454 2185 100000 100000 56061 100000 58325 62816 
100000 8170 100000 100000 100000 59976 3956 61 100000 100000 5049 60999 100000 100000 100000 100000 61251 100000 100000 9149 100000 7812 6595 100000 7891 100000 3318 59094 59388 484 100000 65252 100000 100000 100000 58628 100000 6144 100000 8000 100000 100000 62142 100000 63297 57839 4986 100000 100000 100000 60397 100000 100000 535 100000 100000 100000 284 63058 60070 100000 100000 55733 100000 60744 100000 8029 1413 100000 100000 100000 58675 1548 
56379 6109 100000 3874 8858 100000 5654 60678 60740 58470 8977 100000 100000 100000 64780 1729 100000 60261 100000 100000 1065 100000 100000 2611 1571 100000 100000 100000 100000 2521 61876 100000 100000 100000 501 3048 100000 57990 100000 100000 100000 100000 100000 100000 60743 64858 100000 9791 65450 100000 100000 100000 58186 60232 8997 3767 100000 61494 100000 100000 65493 3395 64309 55973 100000 3928 1175 100000 100000 58640 100000 1700 100000 
747 63080 100000 100000 62049 100000 100000 100000 100000 100000 100000 100000 100000 62946 100000 100000 100000 100000 2012 100000 64879 5838 100000 100000 59993 100000 100000 7921 3366 100000 100000 59665 120 100000 62554 100000 100000 163 57563 100000 100000 100000 100000 100000 56742 55544 7302 60132 100000 100000 100000 100000 100000 3935 100000 7122 100000 100000 100000 58730 100000 56989 100000 100000 57709 100000 4172 100000 100000 60016 5775 6504 100000 
59701 3381 100000 8455 62837 100000 100000 6083 100000 1654 312 59911 3420 100000 100000 100000 60429 8620 58098 100000 100000 58725 59030 59466 100000 3797 5801 58422 3290 100000 56235 100000 100000 100000 62832 100000 100000 100000 100000 5058 57175 2386 62056 57006 100000 100000 100000 62535 100000 100000 60466 100000 65043 62583 9203 60252 100000 7017 7204 7727 100000 100000 100000 58659 60828 62277 61870 56934 5675 3592 61283 58399 100000 
100000 100000 63701 100000 58940 63574 100000 4526 56539 59299 100000 100000 100000 1513 62781 100000 100000 100000 100000 6411 8251 100000 1607 100000 100000 100000 9291 100000 60485 100000 387 100000 100000 100000 61092 705 100000 4523 6215 100000 9033 7844 60004 100000 100000 100000 4150 100000 100000 100000 688 100000 100000 100000 57869 64148 4097 58027 46 100000 100000 3165 2881 59910 3946 65464 100000 181 100000 1000 100000 265 100000 
100000 100000 2906 100000 4648 5384 4212 100000 100000 57338 100000 100000 63516 100000 100000 100000 61900 100000 100000 57830 6574 58171 55818 28 100000 100000 60546 57679 57459 62991 61308 100000 65452 100000 100000 100000 100000 56561 100000 100000 61961 56447 58215 57301 1534 61230 4558 100000 100000 61491 100000 63671 59906 100000 58231 100000 100000 100000 100000 103 17 56704 100000 100000 59366 63039 100000 100000 100000 4298 57562 100000 3643 
100000 100000 3013 100000 100000 61540 6246 8885 8609 64793 64734 100000 100000 754 64125 100000 6689 100000 100000 100000 100000 100000 64186 100000 1895 100000 4862 100000 100000 100000 100000 100000 100000 59197 55689 100000 100000 7017 8736 5455 100000 100000 60348 100000 3239 100000 5959 57195 60538 100000 5252 100000 8709 62462 3930 1993 100000 7829 4678 100000 100000 57271 2175 1198 4366 100000 60261 56302 7191 100000 1310 100000 100000 
100000 752 55878 100000 100000 100000 100000 60787 100000 100000 100000 100000 9476 100000 100000 100000 57371 100000 56097 100000 1221 7113 100000 100000 61075 773 65454 64669 63128 100000 100000 100000 100000 58862 100000 6649 100000 100000 100000 100000 100000 65507 7003 7189 100000 100000 8606 100000 60125 100000 100000 100000 102 100000 8710 5461 100000 100000 64406 4129 4063 6177 62738 100000 100000 3518 100000 100000 60679 100000 6355 100000 100000 
62494 59572 8614 100000 100000 100000 57755 6559 4759 100000 1963 8386 100000 100000 8041 100000 100000 100000 100000 100000 100000 100000 3016 100000 100000 8948 100000 63669 62020 57601 100000 100000 100000 55883 59494 100000 919 100000 100000 100000 100000 5708 100000 60147 100000 100000 59781 100000 6609 100000 8381 58408 9514 8003 100000 100000 9543 3335 100000 59274 100000 60470 100000 3684 100000 8278 100000 58139 100000 100000 100000 100000 57401 
1449 4021 100000 100000 100000 100000 100000 64945 58108 100000 1842 100000 100000 100000 58304 100000 60507 1968 4698 62520 60184 100000 100000 65251 59051 6619 100000 55930 57837 100000 100000 100000 6133 100000 100000 100000 3367 4865 100000 100000 3982 57431 100000 62381 100000 100000 100000 3330 59578 2390 100000 100000 100000 61647 100000 100000 1598 100000 572 100000 100000 61813 7192 100000 1402 100000 100000 5277 60948 59780 60363 100000 100000 
100000 58056 2483 9133 56104 61066 8137 7616 64230 100000 100000 3369 64265 100000 100000 59672 7174 100000 100000 100000 65065 100000 100000 100000 2672 3342 100000 100000 4594 9868 100000 2834 100000 100000 100000 59195 61253 60456 62623 1394 100000 57009 100000 59304 100000 100000 100000 100000 100000 100000 100000 5033 100000 8866 59956 100000 100000 100000 100000 6522 63015 3902 65232 4121 100000 59571 5718 49 100000 7849 100000 59189 65495 
59042 8968 100000 4913 62619 3031 100000 100000 100000 56180 100000 57593 64632 62545 100000 140 638 6987 100000 4714 58471 100000 100000 100000 1585 100000 100000 64147 8477 100000 288 63948 56282 100000 58050 9566 100000 55627 332 2919 100000 100000 4596 64862 100000 100000 63834 100000 100000 55830 65128 100000 100000 1495 100000 100000 100000 100000 100000 56851 57153 100000 100000 59589 100000 6403 4689 55759 763 2759 63055 100000 100000 
7930 100000 100000 63632 59237 63918 100000 100000 4823 8620 100000 2647 2207 56983 59450 100000 100000 56070 8134 3982 8053 6167 100000 9735 100000 100000 100000 4684 9312 100000 100000 57227 100000 100000 55847 62769 8329 100000 100000 100000 2389 63518 3997 2807 5047 100000 100000 57756 2231 100000 100000 100000 100000 100000 100000 364 100000 100000 100000 100000 100000 3905 100000 100000 3393 100000 100000 100000 100000 100000 100000 100000 100000 
100000 65365 100000 6560 8565 100000 100000 100000 61897 7982 1151 9829 100000 100000 6252 100000 100000 59415 62312 56024 100000 100000 64813 64401 100000 100000 100000 62820 8740 100000 57778 2002 1813 105 7613 100000 9400 100000 1313 56051 2837 100000 4176 62885 56041 65048 64992 100000 100000 1010 63085 58777 4870 61221 100000 63840 3186 9615 59504 199 6034 5109 100000 100000 61301 57776 100000 100000 100000 8000 8062 63904 62056 
4751 100000 450 59679 100000 100000 100000 100000 61037 62140 100000 1373 100000 100000 57021 59678 6299 1762 100000 100000 5271 62014 100000 100000 100000 100000 100000 100000 63318 162 61857 100000 100000 100000 60542 100000 61494 3443 9786 100000 804 100000 100000 57515 5507 8679 7717 100000 8901 100000 100000 100000 1016 3936 64250 100000 100000 100000 2036 100000 59040 100000 58987 56657 100000 100000 100000 56600 57821 100000 100000 100000 57095 
5214 100000 100000 55915 60952 100000 9311 100000 58789 56055 60978 58086 100000 100000 100000 57218 100000 100000 100000 61409 100000 6404 2608 61422 100000 1579 59320 100000 5112 100000 3182 100000 61834 100000 2996 100000 100000 9274 60383 63818 100000 64368 55722 59994 9167 56627 100000 8826 100000 9499 100000 100000 5241 100000 57318 6791 61681 100000 5356 59906 100000 100000 100000 100000 59632 100000 60174 100000 2357 100000 59407 100000 56895 
100000 5906 100000 6961 57446 9775 4687 100000 100000 1224 100000 302 100000 58179 100000 100000 3502 100000 55693 7367 100000 100000 55614 6469 8780 4659 100000 59108 100000 6372 100000 100000 26 100000 100000 350 100000 58340 100000 1771 100000 100000 3647 4489 59309 100000 3280 6178 57984 100000 100000 100000 61001 100000 100000 100000 100000 1626 100000 100000 58284 8554 593 100000 65001 100000 100000 5778 100000 4567 100000 61351 100000 
100000 100000 100000 63143 100000 100000 100000 100000 100000 2865 55746 100000 62897 100000 100000 64711 100000 4146 3751 100000 100000 100000 57771 56969 59085 100000 63130 100000 100000 100000 7591 64983 100000 100000 100000 60238 100000 4932 56093 100000 61854 4289 100000 4332 57520 63090 64 100000 100000 100000 280 5067 100000 100000 100000 100000 60401 100000 100000 5660 100000 100000 100000 59367 100000 9033 8277 100000 100000 100000 100000 100000 100000 
100000 4976 9370 61339 64005 9888 100000 59129 9224 100000 5369 100000 100000 100000 2111 100000 100000 100000 2630 775 100000 100000 100000 100000 100000 7135 4545 6327 100000 100000 100000 4062 65006 56005 59916 61631 100000 100000 60541 9653 2378 100000 9868 7311 100000 3866 7313 100000 100000 5830 57934 59337 8749 8264 6753 100000 100000 100000 63648 100000 100000 100000 100000 2033 58000 8739 3347 100000 100000 62850 9551 58200 100000 
4496 100000 55548 59342 100000 100000 100000 100000 1739 6816 4358 100000 100000 100000 100000 100000 100000 100000 100000 100000 100000 64228 100000 57974 3556 59371 60660 4979 58328 60224 100000 100000 100000 5668 57779 100000 100000 56040 56251 5357 9702 57824 100000 58874 6942 63897 1552 100000 100000 4 100000 6729 100000 100000 5966 100000 3477 100000 9211 5205 100000 7 100000 9088 4464 100000 57786 100000 63342 100000 4287 100000 59382 
100000 7233 9128 100000 7715 1755 64496 100000 100000 100000 60314 2522 55858 100000 100000 58190 100000 100000 100000 100000 60920 63500 100000 62949 3026 100000 100000 57475 100000 100000 100000 100000 100000 100000 100000 100000 5646 100000 5220 100000 100000 100000 65 65219 1351 100000 58376 8514 60037 55822 100000 5137 56501 55941 62365 58606 100000 2323 100000 100000 100000 61827 100000 100000 61295 7778 100000 100000 100000 100000 63630 56691 100000 
2121 100000 100000 867 100000 100000 65280 6123 100000 62044 56629 64955 60172 100000 59155 100000 64397 100000 57675 100000 61434 100000 64320 100000 100000 100000 65174 61824 100000 100000 100000 100000 100000 100000 59429 62560 58956 100000 3822 59735 8044 58649 1746 100000 100000 100000 100000 58125 55927 100000 100000 100000 100000 100000 100000 8067 100000 100000 100000 100000 3846 64318 62400 100000 100000 100000 100000 9236 100000 838 100000 2402 2063 
4699 2955 59801 100000 64959 100000 100000 100000 8801 63777 60684 100000 100000 60367 100000 100000 100000 56484 100000 65472 100000 100000 100000 8963 100000 4632 55887 100000 7841 8068 59013 0 6090 100000 100000 4219 100000 100000 100000 100000 1058 58482 100000 65428 4540 100000 1615 5535 100000 100000 100000 100000 6355 100000 8684 63504 3768 100000 100000 58972 100000 5185 100000 1305 100000 100000 64402 58981 100000 100000 100000 100000 1034 
60292 2273 396 100000 60177 56340 100000 63465 3145 100000 100000 100000 100000 100000 64559 100000 929 100000 8772 5711 100000 100000 100000 59240 100000 58063 100000 9828 100000 8383 7925 61542 100000 100000 63728 100000 100000 56217 100000 100000 100000 9031 59940 8993 57471 100000 7283 63654 100000 7286 100000 56417 64637 2395 65270 100000 61449 1368 2695 100000 100000 100000 100000 1702 100000 100000 100000 6823 59388 59083 3907 100000 3899 
6629 60137 2791 64944 100000 100000 3592 59630 59766 65324 100000 100000 57351 5774 100000 100000 57430 100000 100000 100000 59543 100000 305 100000 100000 100000 9722 100000 58789 100000 100000 60301 100000 100000 64761 100000 100000 56471 63458 3616 100000 62092 4094 100000 6976 100000 7878 100000 56052 65034 65310 56418 6418 57298 62493 64384 100000 64928 1237 100000 58740 100000 9077 100000 2796 100000 64507 61124 100000 56221 100000 1928 100000 
9966 496 5730 100000 61863 100000 100000 5426 100000 1073 100000 100000 100000 59404 100000 100000 63964 100000 100000 100000 65269 100000 100000 56330 63376 100000 7999 64108 100000 100000 100000 100000 1114 59134 8302 3791 1587 100000 57407 100000 61015 9772 100000 100000 100000 4565 100000 100000 63868 100000 62959 100000 100000 62015 2112 100000 100000 100000 100000 65039 100000 100000 57602 100000 1154 100000 4148 61385 100000 58848 6321 100000 61048 
63961 100000 100000 59624 100000 100000 100000 100000 100000 100000 6732 56378 100000 100000 100000 1868 100000 9881 100000 65041 59072 9843 100000 61936 61958 100000 100000 100000 1096 100000 100000 5234 100000 59172 1524 3953 7133 61728 100000 100000 100000 63779 100000 100000 6493 100000 3651 100000 100000 65098 100000 62555 56252 100000 4233 100000 59410 57204 100000 3647 100000 5477 55812 8121 100000 3151 63542 57747 3510 63589 1517 1399 100000 
100000 62222 64350 100000 100000 61958 2012 6643 100000 100000 1902 6883 100000 61912 100000 100000 58956 100000 57476 100000 63716 100000 64577 100000 100000 100000 100000 100000 100000 5216 100000 100000 100000 1264 100000 100000 100000 100000 100000 100000 3467 100000 61887 9357 100000 100000 100000 9944 65078 100000 2334 100000 100000 65095 100000 100000 62726 100000 100000 100000 57732 7997 62260 100000 100000 198 100000 63193 100000 59010 100000 100000 100000 
60033 100000 100000 100000 100000 5609 100000 62367 1654 100000 59052 100000 100000 8841 6348 100000 8714 4700 100000 872 100000 100000 2322 213 100000 100000 56993 100000 100000 2749 9924 100000 2343 59367 100000 100000 100000 100000 100000 7801 100000 100000 100000 100000 8583 3637 63725 100000 6685 3737 100000 62867 1353 100000 100000 60254 59966 59030 60389 59081 100000 100000 7045 100000 5518 64994 56276 60004 59113 100000 100000 100000 3349 
59925 100000 1153 100000 63042 100000 100000 100000 57492 100000 100000 100000 100000 100000 62656 100000 59057 100000 358 5413 100000 57820 100000 100000 6961 100000 63727 8239 9970 100000 100000 5287 9035 1103 100000 4694 60864 100000 3665 100000 100000 100000 58357 8256 100000 55560 100000 5516 100000 63063 100000 8203 100000 64452 60752 100000 100000 65303 7199 100000 3600 8664 100000 58056 100000 100000 61759 59079 100000 55594 100000 100000 100000 
62215 100000 100000 59699 100000 7123 2376 100000 100000 57500 100000 59918 100000 8113 100000 100000 100000 6751 63739 1374 58943 55570 9461 63871 63195 100000 100000 100000 100000 4883 55818 2596 5286 100000 7212 55849 100000 7321 100000 100000 55968 100000 100000 100000 65080 65218 64213 55761 100000 100000 55906 100000 100000 100000 100000 100000 100000 100000 100000 100000 100000 59448 100000 100000 61104 8530 100000 100000 60214 4640 100000 61623 100000 
100000 61923 100000 5581 1787 7342 100000 100000 100000 100000 100000 100000 100000 60102 61205 56404 100000 61324 100000 57150 100000 100000 30 9871 100000 62180 100000 100000 100000 4973 2144 100000 100000 100000 4428 100000 100000 55764 100000 100000 100000 100000 65409 100000 3321 100000 100000 100000 100000 100000 100000 100000 2097 100000 100000 100000 56501 100000 100000 7187 9948 100000 2932 64781 100000 58539 8049 4333 60701 100000 2622 100000 100000 
100000 58018 5260 57877 55740 100000 100000 60018 100000 58563 61240 3569 100000 5708 4493 61369 63319 1262 100000 100000 100000 64947 100000 100000 59274 100000 57197 100000 60099 100000 5550 64402 100000 100000 65115 3601 100000 100000 100000 6271 1887 100000 100000 100000 100000 100000 100000 7874 100000 100000 56167 100000 63592 8674 56712 100000 5649 100000 100000 100000 59186 100000 61212 5670 100000 5131 100000 100000 100000 100000 3792 56966 1368 
870 6309 3327 100000 62804 100000 59971 100000 100000 3083 6890 63134 65328 100000 8491 100000 100000 64531 100000 4332 100000 100000 100000 100000 100000 57843 100000 100000 6970 7140 2694 58404 100000 8962 3909 100000 7848 100000 56002 100000 100000 100000 63385 100000 58606 100000 57813 100000 100000 100000 1503 100000 100000 6730 3631 100000 7133 100000 59687 100000 100000 100000 100000 100000 100000 56318 8951 64992 100000 100000 3675 100000 100000 
8325 59505 100000 100000 56470 1511 61898 100000 100000 64206 100000 58612 59285 5285 1907 100000 58873 58799 100000 100000 100000 100000 100000 62749 56679 100000 100000 57195 100000 142 59755 100000 100000 64800 100000 1228 100000 100000 57130 100000 6321 100000 63068 56580 100000 8572 100000 100000 100000 3127 1548 100000 100000 3791 100000 100000 6232 100000 8801 5770 61571 7925 64916 8013 100000 100000 100000 64285 408 100000 100000 1478 5817 
100000 100000 100000 56321 100000 59292 59869 1909 5999 3201 59386 100000 100000 100000 63150 100000 9048 3983 6331 100000 100000 56424 57054 62906 100000 5050 100000 62943 100000 100000 100000 100000 1669 58127 62167 100000 9954 2710 100000 100000 100000 100000 5228 100000 100000 100000 100000 100000 100000 100000 61754 8690 100000 64996 8648 100000 100000 9147 100000 100000 100000 64497 100000 64548 100000 100000 100000 100000 57039 5400 100000 65128 4637 
100000 100000 100000 100000 100000 100000 100000 100000 63468 6397 100000 100000 60158 5470 100000 100000 1755 9586 100000 100000 60718 100000 63888 5666 8012 3663 62943 100000 100000 100000 9347 7333 100000 722 59943 538 3592 9938 100000 9599 100000 5027 8412 2789 634 9424 100000 100000 100000 100000 100000 58683 100000 55927 100000 55668 4621 4405 8127 59885 100000 100000 2077 7511 7297 100000 100000 60692 3257 60195 100000 5005 4244 
58134 63186 100000 2121 100000 100000 182 62022 100000 61625 63711 629 100000 100000 61771 100000 100000 62336 60709 100000 100000 100000 100000 50 9280 100000 100000 100000 57445 5411 3670 65516 8929 100000 100000 100000 5027 4746 8571 64153 64876 63946 100000 7113 63659 100000 4056 65145 57257 100000 100000 64955 100000 100000 6418 100000 7504 58408 57787 100000 56816 56021 63296 100000 100000 56496 100000 100000 61440 2932 64152 9565 59613 
3452 100000 100000 55728 100000 5304 1642 65119 4287 5994 56098 100000 6682 57766 116 100000 100000 7594 7889 100000 9110 100000 64725 65010 60399 100000 100000 58246 3293 100000 100000 7533 100000 100000 1397 64062 59229 61208 100000 63348 100000 2421 3592 62687 100000 58898 3721 100000 100000 6204 100000 64457 4094 100000 5909 100000 6110 8776 100000 100000 4259 868 100000 100000 8720 8606 7721 100000 8237 58250 100000 58587 3915 
1058 9091 100000 62739 100000 100000 57517 100000 65502 100000 719 100000 100000 1120 61984 950 5769 100000 100000 56983 100000 100000 8414 765 100000 100000 100000 8880 100000 1923 60573 61569 100000 100000 100000 63667 100000 100000 100000 100000 100000 59482 64385 100000 100000 60380 100000 100000 60801 4688 100000 100000 100000 4634 100000 100000 100000 100000 100000 100000 100000 6732 58190 7718 8324 100000 55609 100000 100000 9634 100000 2781 100000 
60324 59578 56282 58230 100000 2760 100000 100000 56755 100000 100000 8617 55764 100000 62476 2805 100000 100000 58347 100000 100000 64310 2739 64129 100000 100000 1582 64350 100000 8535 3769 77 100000 100000 100000 100000 2734 1885 7318 100000 6099 63981 100000 65526 100000 2317 100000 100000 100000 2118 1832 100000 100000 2005 100000 100000 9609 64817 100000 63759 100000 64195 100000 5439 100000 100000 100000 59201 100000 65267 7863 64899 58997 
57972 100000 58744 3893 3966 156 100000 6719 47 57243 100000 61988 100000 58702 63511 100000 100000 62171 3656 1982 4723 100000 100000 63434 100000 100000 100000 60868 59956 64124 59793 9535 58960 100000 59219 100000 64234 100000 7693 6814 100000 64149 100000 8665 100000 100000 100000 100000 2023 100000 100000 100000 100000 100000 64314 100000 100000 100000 3259 6770 100000 100000 79 100000 7286 100000 6929 4349 100000 100000 100000 7060 1512 
100000 100000 100000 9161 58431 100000 100000 100000 100000 100000 100000 1908 100000 65321 100000 100000 5239 7433 100000 6449 100000 2361 2616 100000 100000 100000 59342 100000 59076 100000 100000 56663 63416 100000 57540 57442 1169 60925 100000 100000 60985 100000 100000 1636 55820 100000 100000 100000 100000 100000 65224 6309 100000 100000 100000 100000 5247 65287 100000 60380 100000 100000 100000 1822 9936 100000 100000 100000 100000 63614 3480 100000 100000 
100000 5064 100000 5276 64345 7356 100000 57350 100000 100000 9219 100000 63745 100000 6192 55737 65350 4728 64520 100000 100000 100000 100000 100000 100000 100000 9394 100000 57505 100000 100000 9167 62525 100000 100000 64491 64757 100000 58372 9138 100000 100000 5277 100000 100000 100000 9926 100000 6840 100000 100000 100000 100000 100000 100000 100000 64872 100000 100000 100000 7211 100000 100000 58450 100000 100000 64341 100000 100000 64414 60649 4952 63096 
58846 100000 100000 57919 100000 61443 100000 56024 2952 62604 100000 1929 7027 56145 56795 60816 56225 6344 100000 58505 64872 1642 100000 1660 55991 6075 1013 2260 100000 100000 3425 65386 8560 59470 4809 58739 4864 3546 57095 5240 100000 9325 5588 8867 100000 59643 100000 3847 64653 100000 100000 57699 60115 56637 100000 5239 100000 100000 100000 61925 100000 100000 100000 100000 8335 100000 100000 100000 100000 57472 100000 58942 9766 
60428 100000 100000 63707 100000 100000 100000 3469 61520 7009 61138 100000 4969 56964 60960 100000 1503 58776 100000 100000 59698 100000 61719 7407 61440 9002 100000 100000 60754 100000 3694 100000 7477 4302 100000 100000 61717 59333 100000 62045 58370 100000 100000 100000 100000 58149 1682 2372 62775 100000 100000 100000 100000 1116 100000 100000 5270 100000 100000 100000 58979 61759 100000 100000 100000 100000 100000 100000 3324 100000 6154 3537 7491 
100000 100000 62640 100000 58464 4950 61341 56357 62165 1411 100000 100000 1134 62859 100000 55793 1459 100000 487 8484 100000 100000 100000 100000 100000 100000 100000 58599 100000 100000 100000 100000 100000 59958 172 100000 3299 63967 100000 100000 61109 8492 100000 1158 100000 1235 62822 100000 3262 2798 4305 64380 58681 64621 55914 63544 7177 287 100000 100000 4317 61641 5924 100000 100000 57476 100000 100000 63857 100000 100000 58052 61316 
4753 56570 100000 100000 100000 61969 100000 100000 100000 100000 100000 62218 100000 4273 3508 58912 100000 60961 100000 100000 100000 100000 841 60540 100000 1194 100000 100000 100000 1981 58640 100000 61753 7360 2587 100000 100000 8600 100000 1551 63268 63231 100000 3057 100000 8114 4421 100000 2871 100000 100000 100000 372 100000 61477 100000 100000 100000 100000 100000 58335 100000 1311 100000 720 59391 100000 100000 57490 6407 65123 9168 64658 
100000 100000 55985 58259 6858 125 100000 3636 100000 59051 58603 397 100000 64936 3275 56477 100000 1348 375 55676 100000 100000 6284 6799 57011 100000 8755 100000 100000 100000 58065 6542 57419 100000 64813 100000 100000 100000 6359 100000 3712 5255 1522 9184 100000 58163 100000 62270 4451 100000 100000 6501 100000 5937 100000 100000 100000 100000 100000 5188 100000 100000 7869 3830 3653 3658 100000 100000 100000 2755 60266 100000 100000 
8018 100000 100000 61152 100000 100000 62707 64809 3066 100000 59635 100000 5965 100000 100000 100000 492 56812 100000 8699 2481 100000 60528 8352 100000 100000 100000 5380 100000 100000 58926 2254 60740 100000 62845 4155 100000 8584 100000 100000 100000 65039 65498 1157 100000 100000 100000 60092 65100 62957 100000 100000 56721 100000 100000 3802 2194 100000 5207 100000 8413 100000 8418 100000 100000 100000 100000 2269 9881 62803 100000 3992 8143 
5793 100000 100000 100000 100000 58498 100000 100000 100000 100000 2976 7236 62880 100000 56687 6061 100000 100000 61887 60305 8337 100000 100000 64247 5815 6489 8965 62884 8357 100000 100000 100000 100000 100000 58512 4181 100000 57735 100000 93 9460 100000 3481 6953 64145 100000 55630 55882 2376 100000 4789 59990 59083 3861 100000 9629 100000 100000 59902 100000 100000 401 100000 100000 100000 6020 100000 100000 61465 100000 844 3416 530 
79 100000 3655 100000 100000 100000 100000 100000 62306 100000 100000 5173 100000 4850 100000 65068 100000 100000 100000 56738 100000 3305 5560 100000 56669 100000 63046 63729 7475 174 65383 55826 5418 100000 100000 65426 57609 100000 62802 7640 58907 100000 100000 100000 9522 58573 100000 64709 60986 4516 100000 100000 63313 58993 62257 60112 100000 5277 61981 100000 100000 100000 57078 100000 100000 59449 65413 100000 100000 65057 100000 100000 2448 
63380 100000 6136 60333 100000 100000 5126 100000 57383 100000 63378 57280 6327 100000 100000 64642 100000 100000 7259 100000 100000 100000 64902 100000 100000 6118 60225 7675 640 100000 59121 61332 100000 100000 8387 2050 6983 7392 100000 100000 423 100000 100000 64444 3377 7985 100000 100000 100000 100000 100000 100000 2105 2611 100000 8732 57932 2980 59358 100000 65006 65234 100000 100000 100000 100000 100000 100000 7366 3466 5438 100000 100000 
100000 100000 4161 58168 100000 59818 60248 100000 100000 100000 62151 100000 100000 60986 2232 100000 55695 100000 56586 100000 58121 56159 65294 58448 63356 3170 100000 1076 60998 100000 64905 100000 650 6877 100000 64235 60600 56528 65434 4908 60352 60244 63983 64173 64686 100000 100000 1463 100000 7649 100000 100000 5332 100000 5130 100000 100000 100000 8682 100000 100000 58579 3181 1 64300 100000 100000 972 100000 57055 100000 56598 64378 
100000 64814 55661 100000 62008 100000 100000 65321 100000 7842 100000 100000 5591 7935 2303 57769 1868 100000 9332 100000 100000 56538 6640 100000 100000 7247 100000 61341 62058 9224 6836 100000 62699 5169 59195 100000 7771 100000 100000 100000 56823 5166 100000 64339 4151 7745 5696 100000 100000 60934 100000 61313 6632 60708 100000 100000 3404 2266 1369 56635 7035 100000 4141 100000 58355 100000 100000 3513 100000 6977 5142 9098 4266 
2538 100000 6230 100000 55996 4552 100000 3365 55892 100000 8905 100000 100000 100000 61780 100000 100000 100000 100000 62615 8499 100000 62404 100000 100000 100000 100000 100000 100000 3492 2406 2827 100000 9338 1888 100000 100000 55661 1774 8046 100000 100000 4290 62521 7948 100000 57370 7969 100000 100000 100000 100000 100000 292 100000 6169 3403 60289 5466 59242 100000 1912 100000 9195 100000 100000 100000 100000 100000 58232 1428 100000 100000 
6361 61561 100000 100000 9593 100000 100000 9999 64096 4784 100000 7944 60723 63451 100000 100000 100000 100000 5711 6338 100000 59873 100000 65096 100000 100000 1906 100000 100000 2524 62300 56184 100000 100000 6973 58163 100000 8484 61043 100000 100000 4053 55775 100000 57687 100000 61605 100000 3702 1564 100000 63385 8651 100000 100000 5188 60575 60087 100000 7182 64138 100000 100000 100000 6335 100000 100000 569 100000 3786 4341 100000 100000 
100000 100000 100000 100000 100000 64848 100000 100000 9944 100000 63718 55687 100000 100000 4075 8836 100000 6453 2002 61867 58364 63540 100000 1522 58 2649 100000 100000 100000 64182 8262 58240 100000 100000 57627 9497 100000 100000 5254 100000 100000 100000 100000 100000 60992 100000 57948 100000 100000 59053 100000 100000 57853 6184 3570 5393 1786 59778 56418 100000 100000 8688 100000 100000 1010 100000 100000 4928 4621 100000 99 100000 100000 
100000 60872 7909 100000 64451 59480 5874 100000 100000 100000 61764 64324 64473 100000 7212 100000 7622 9702 8022 65251 65471 100000 5093 56162 100000 59080 4493 64079 100000 61348 58896 59266 100000 100000 1847 100000 100000 3595 8617 100000 60047 61984 100000 100000 100000 8776 100000 100000 100000 100000 5741 56344 100000 100000 5214 64359 100000 100000 4597 698 1677 100000 100000 9052 100000 59564 100000 8635 100000 7422 100000 57199 100000 
100000 100000 100000 3834 100000 100000 100000 100000 100000 57532 9122 8668 100000 4522 100000 62658 3185 100000 57534 64034 8660 100000 61032 8613 100000 8209 100000 100000 100000 3655 5763 3493 63607 100000 57001 100000 100000 100000 63115 100000 2164 100000 2910 100000 100000 65286 100000 65288 100000 55961 100000 100000 58613 100000 100000 4090 100000 63472 100000 100000 61260 100000 100000 7917 58398 5927 4849 100000 100000 100000 100000 100000 100000 
100000 59732 100000 7305 3122 3818 100000 64024 100000 330 60324 5687 100000 8199 9981 100000 100000 100000 100000 100000 100000 100000 100000 100000 50 100000 100000 99 7734 100000 6531 56716 1920 63624 59798 100000 56504 100000 58394 2871 100000 2545 100000 3964 100000 5464 5611 2558 100000 100000 56725 100000 56759 100000 57842 58671 100000 100000 100000 464 100000 7841 100000 55912 100000 100000 100000 62682 5564 100000 100000 100000 100000 
