0 59 81 92 62 100 100 36 100 93 87 93 73 95 79 70 70 100 87 100 79 78 64 98 97 100 82 100 100 93 100 84 69 100 66 100 83 61 100 69 100 77 100 100 76 71 65 14 100 100 
100 0 96 33 3 43 54 52 93 52 100 43 14 36 38 11 17 66 37 69 74 100 5 48 56 93 32 100 73 88 84 25 10 48 7 79 24 77 100 10 46 61 63 45 26 21 6 47 41 79 
43 36 0 50 20 46 57 69 70 45 100 60 17 39 31 28 34 73 14 46 91 79 21 25 49 70 9 82 82 88 65 41 13 64 10 95 27 94 100 3 49 77 66 61 43 38 23 57 44 93 
100 71 99 0 55 55 66 54 95 54 100 45 52 74 40 13 69 33 39 71 76 91 56 50 58 95 34 100 75 91 90 68 48 98 45 52 62 79 100 12 58 100 72 96 28 23 8 14 53 100 
100 16 94 30 0 41 52 49 90 49 100 40 12 34 35 8 14 63 34 66 71 99 3 45 53 90 29 100 70 86 82 23 8 46 5 77 22 74 100 7 44 59 61 43 23 18 3 44 39 76 
96 65 53 67 49 0 11 86 100 95 100 89 46 68 81 45 63 27 67 47 100 94 50 62 83 71 62 83 100 45 41 70 42 93 39 100 56 100 100 56 72 100 89 90 72 67 52 81 73 100 
85 54 42 56 38 64 0 75 100 84 100 78 35 57 70 34 52 16 56 88 97 100 39 51 72 100 51 100 96 34 100 59 31 82 28 100 45 100 100 45 61 95 78 79 61 56 41 70 62 100 
88 23 45 56 26 66 77 0 100 75 51 57 37 59 61 34 34 89 51 83 43 100 28 62 79 100 46 100 96 57 100 48 33 71 30 100 47 25 100 33 69 84 86 68 40 35 29 70 64 100 
100 90 95 100 80 100 53 100 0 100 100 100 77 84 93 87 69 69 84 100 44 100 68 74 37 100 79 100 100 87 100 88 73 100 70 100 87 100 95 87 100 100 100 100 73 98 83 100 100 81 
100 63 98 46 47 45 56 65 86 0 100 56 44 66 51 24 36 57 50 82 87 66 35 41 4 43 45 100 86 90 86 55 40 78 37 98 54 90 100 23 69 91 83 75 39 34 19 60 64 48 
100 71 100 41 55 61 72 60 94 60 0 9 52 74 46 19 69 74 38 70 82 95 46 49 44 72 33 100 81 6 89 11 48 89 45 93 62 85 100 18 33 100 50 86 27 22 14 55 59 88 
100 93 100 88 96 65 76 70 100 100 100 0 95 100 100 66 100 77 94 100 100 86 86 100 84 63 100 100 100 46 100 100 91 100 88 100 100 95 100 92 73 100 90 100 100 100 96 100 100 100 
100 73 82 41 57 29 40 60 100 69 100 86 0 76 55 19 71 56 80 70 82 100 45 91 73 79 75 89 81 74 70 65 50 88 47 93 64 85 100 45 32 100 49 85 69 64 49 55 27 100 
100 100 100 96 91 84 95 92 100 67 100 64 55 0 53 74 21 100 74 100 100 100 92 85 71 100 69 100 100 100 100 100 84 63 81 100 98 100 93 90 87 100 100 100 100 100 86 100 82 100 
100 77 100 60 61 59 70 79 100 14 100 70 58 80 0 38 50 71 64 96 100 80 49 55 18 57 59 100 100 100 100 69 54 92 51 100 68 100 100 37 83 100 97 89 53 48 33 74 78 62 
100 64 86 22 67 69 80 41 100 50 92 67 72 94 36 0 75 55 61 80 63 100 69 72 54 89 56 100 62 98 100 89 68 100 65 74 82 66 100 26 72 100 59 100 50 45 30 36 67 98 
100 100 100 75 91 63 74 94 100 100 100 43 34 100 89 53 0 90 100 100 100 100 79 100 100 100 100 100 100 89 100 99 84 96 81 100 98 100 100 79 66 100 83 100 100 98 83 89 61 100 
100 38 77 40 22 48 59 59 100 68 100 62 19 41 54 18 36 0 56 88 81 100 23 67 72 98 51 100 80 93 89 43 15 66 12 92 29 84 100 29 51 79 68 63 45 40 25 54 46 98 
100 43 100 65 46 58 69 84 100 82 100 62 57 79 75 43 60 70 0 32 100 79 48 67 86 56 51 68 100 74 54 29 53 91 50 100 67 100 100 53 80 100 97 88 45 40 49 79 84 100 
100 72 79 49 56 26 37 68 100 77 100 94 53 75 63 27 70 38 55 0 90 47 44 75 81 24 83 36 89 71 67 64 49 87 46 80 63 93 94 53 48 100 65 84 77 72 57 63 80 100 
91 46 100 79 49 89 100 98 100 98 100 89 60 82 84 57 63 100 83 100 0 100 51 79 100 100 78 100 100 100 100 71 56 72 53 100 70 100 100 56 92 100 100 91 72 67 52 93 87 100 
100 100 100 100 86 59 70 89 100 91 100 100 98 100 77 85 100 86 100 58 100 0 89 100 95 82 100 94 100 100 32 100 94 100 91 100 100 100 100 93 100 75 100 100 100 100 89 100 100 100 
100 28 91 42 12 38 49 61 100 61 100 52 9 31 47 20 26 65 46 78 83 100 0 57 65 88 41 98 74 83 79 20 5 43 2 74 19 86 100 19 41 56 58 40 35 30 15 53 36 88 
100 94 100 100 78 100 100 100 100 100 100 100 75 97 100 86 92 100 100 100 100 54 66 0 100 100 100 100 100 100 86 86 71 100 68 100 85 100 100 85 100 100 100 100 100 96 81 100 100 100 
100 59 100 73 43 69 80 92 82 70 100 75 40 62 56 51 32 96 77 100 100 91 31 37 0 100 72 100 100 100 100 51 36 74 33 100 50 100 100 50 72 87 89 71 66 61 46 64 67 44 
98 52 55 25 36 2 13 44 100 53 95 70 33 55 39 3 50 14 31 49 66 23 37 64 57 0 59 85 65 47 43 57 29 80 26 56 43 69 70 29 65 93 62 77 53 48 33 39 60 100 
100 38 100 52 22 48 59 71 61 71 100 62 19 41 57 30 36 75 5 37 93 70 23 16 75 61 0 73 84 79 56 34 15 66 12 97 29 96 100 29 51 79 68 63 45 40 25 66 46 98 
100 53 100 67 37 61 72 86 100 86 100 77 34 56 72 45 51 73 71 50 100 50 25 39 90 59 66 0 99 100 82 45 30 68 27 87 44 100 100 44 12 81 29 65 60 55 40 78 61 88 
100 61 100 11 45 66 77 65 100 65 100 56 42 64 51 24 59 44 50 82 87 100 46 61 69 100 45 100 0 80 100 66 38 89 48 63 52 90 100 23 69 100 83 86 39 34 19 25 64 100 
100 68 100 82 52 76 87 100 100 100 100 92 49 71 87 60 66 88 86 65 100 97 40 75 38 74 81 100 100 0 100 60 45 83 42 100 59 100 100 59 27 96 44 80 75 70 55 93 76 82 
100 70 80 84 54 27 38 57 100 100 100 94 66 88 89 62 68 54 88 74 100 100 57 89 100 98 83 100 100 72 0 77 62 100 59 100 76 82 100 61 98 100 100 97 77 72 57 81 93 100 
100 60 100 36 44 59 70 55 83 53 100 33 41 63 46 14 58 69 27 59 77 92 45 38 57 83 22 95 76 79 78 0 37 86 34 88 51 80 100 40 73 100 73 85 16 11 44 50 68 100 
100 23 86 37 7 33 44 56 97 56 100 47 4 26 42 15 21 60 41 73 78 100 8 52 60 83 36 93 69 78 74 28 0 51 10 82 14 81 100 14 36 64 53 48 30 25 10 51 31 83 
100 94 58 95 78 100 100 100 100 71 100 100 75 97 89 73 92 100 72 100 100 100 79 83 75 100 67 100 100 100 100 99 71 0 68 100 85 100 100 61 100 100 100 100 100 96 81 100 100 100 
100 26 89 40 10 36 47 59 100 59 100 50 7 29 45 18 24 63 44 76 81 100 11 55 63 86 39 96 72 81 77 31 3 54 0 85 17 84 100 17 39 67 56 51 33 28 13 54 34 86 
100 58 97 60 42 68 79 79 83 88 100 82 39 61 74 38 56 20 76 100 100 100 43 87 92 100 71 100 100 71 100 63 35 86 32 0 49 100 100 49 71 99 88 83 65 60 45 74 66 100 
100 100 100 100 100 100 100 100 100 100 100 100 100 100 100 100 100 100 100 100 100 100 100 100 100 100 100 100 100 100 100 100 100 100 100 100 0 100 100 100 94 100 100 100 100 100 100 100 100 100 
100 59 100 61 43 69 80 80 82 89 100 32 40 62 75 39 9 76 26 58 100 91 44 37 93 82 21 94 100 78 77 55 36 85 33 100 50 0 100 50 72 100 89 84 15 10 46 75 67 100 
100 75 63 66 59 65 21 77 100 20 100 7 56 78 6 44 56 37 57 89 32 86 55 61 24 63 52 100 100 53 100 75 52 98 49 100 66 100 0 43 80 100 97 95 59 54 39 80 83 68 
100 65 96 79 49 43 54 98 100 42 100 82 46 68 28 57 63 70 76 84 100 100 50 83 46 85 71 100 100 88 84 70 42 93 39 100 56 100 100 0 46 100 63 90 65 60 52 93 41 90 
100 41 100 55 25 49 60 74 100 74 100 65 22 44 60 33 39 61 59 38 96 70 13 70 78 47 54 74 87 91 90 33 18 56 15 87 32 99 100 32 0 69 17 53 48 43 28 66 49 76 
100 78 99 62 62 46 57 81 100 16 100 51 59 81 2 40 52 60 45 77 100 82 51 56 20 59 40 58 100 91 87 71 55 94 52 100 28 100 100 39 49 0 66 91 34 29 35 76 44 64 
100 82 85 55 66 32 43 66 100 79 100 100 63 85 65 33 63 44 61 21 96 53 65 94 83 30 89 57 95 74 73 85 59 100 56 86 73 91 100 59 69 100 0 100 83 78 63 69 90 59 
100 65 61 78 68 62 73 48 100 32 99 67 75 97 18 56 68 76 61 93 91 98 67 72 36 75 56 74 96 100 100 87 71 3 68 100 44 73 100 55 65 16 82 0 50 45 51 13 60 80 
100 44 100 46 28 54 65 65 67 74 100 68 25 47 60 24 42 79 11 43 87 76 29 22 78 67 6 79 86 85 62 40 21 72 18 98 35 90 100 35 57 85 74 69 0 46 31 60 52 100 
100 49 100 51 33 59 70 70 72 79 100 22 30 52 65 29 47 66 16 48 92 81 34 27 83 72 11 84 91 68 67 45 26 75 23 100 40 95 100 40 62 90 79 74 5 0 36 65 57 100 
100 64 91 27 48 47 58 46 87 46 97 37 45 67 32 5 62 60 31 63 68 96 49 42 50 87 26 99 67 83 82 60 41 90 38 79 55 71 100 4 50 100 64 89 20 15 0 41 45 94 
100 97 100 100 81 100 100 100 100 100 100 100 78 100 100 89 95 100 87 100 100 100 82 98 100 100 82 100 100 100 100 100 74 100 71 100 88 100 100 88 100 100 100 100 100 99 84 0 100 100 
98 46 55 60 30 2 13 79 100 79 100 70 27 49 65 38 44 29 64 43 100 75 18 64 83 52 59 79 92 47 43 38 23 61 20 92 37 100 100 37 5 74 22 58 53 48 33 71 0 81 
100 100 100 40 95 67 78 94 100 94 100 47 38 100 80 53 4 73 79 77 100 100 83 90 98 100 74 100 100 93 100 100 88 100 85 92 100 100 100 52 70 100 87 100 68 63 48 20 65 0 
