0 100 100 53 100 91 100 100 100 100 100 100 100 100 100 100 100 100 100 100 100 100 100 100 100 100 100 100 100 100 100 40 100 100 100 100 100 100 100 100 100 79 94 100 100 100 100 100 100 100 100 100 100 100 100 72 78 100 100 100 100 76 100 100 100 100 100 100 100 80 100 100 100 100 100 100 100 100 100 100 100 100 100 95 100 100 100 100 100 100 100 100 100 100 87 100 100 100 81 100 
100 0 61 100 88 65 46 35 82 100 100 100 74 100 93 100 100 100 46 99 100 100 100 50 100 100 35 100 100 100 100 100 62 100 100 59 19 60 100 100 53 77 81 100 100 100 100 100 100 84 100 100 51 100 100 24 65 100 100 81 64 100 100 100 80 100 100 100 100 32 100 100 100 61 86 73 100 75 100 86 100 100 65 65 100 72 100 83 100 100 3 100 100 100 74 100 55 100 100 37 
100 100 0 100 46 100 100 100 38 100 100 80 100 100 100 100 100 100 100 100 100 100 100 100 100 100 100 100 100 100 100 100 100 100 100 100 100 100 100 100 100 88 100 100 100 100 100 100 100 100 100 100 100 100 100 100 76 100 100 100 100 100 100 100 100 100 60 100 100 100 100 100 71 100 100 100 100 100 100 100 64 100 100 100 100 100 100 100 100 100 100 100 100 100 100 100 100 100 100 100 
61 100 100 0 61 38 100 72 100 100 100 100 100 100 100 100 100 63 100 94 100 100 61 100 100 100 89 100 100 100 100 33 100 100 100 54 100 100 100 62 100 37 87 100 100 100 100 100 100 79 100 100 100 100 100 19 25 100 100 100 100 23 100 100 75 100 100 100 100 27 100 100 100 56 100 98 100 100 100 100 100 100 60 66 100 100 100 78 100 96 100 59 100 100 80 100 100 100 100 100 
100 100 100 100 0 100 100 94 100 100 100 100 100 100 100 100 100 100 100 100 100 100 100 100 100 100 100 100 100 100 100 100 100 100 100 100 100 100 100 100 100 100 100 100 100 100 100 100 100 100 100 100 100 100 100 100 100 100 100 100 100 100 100 100 100 100 100 100 100 100 100 100 100 100 100 100 100 100 100 100 100 100 100 100 100 100 100 100 100 100 100 100 100 100 100 100 100 100 100 100 
100 100 100 100 23 0 100 100 100 100 100 100 100 100 100 100 100 100 100 100 100 100 100 100 100 100 100 100 100 100 100 100 100 100 100 100 100 100 100 100 100 100 92 100 100 74 100 100 100 100 100 100 100 100 100 100 100 100 100 100 100 100 100 100 100 100 100 100 100 100 100 100 100 100 100 100 100 100 100 100 100 100 100 100 100 99 100 100 100 100 100 100 100 100 100 100 100 100 100 100 
100 100 100 100 87 100 0 100 100 100 100 100 100 100 100 100 100 100 100 100 100 100 100 100 100 100 100 100 100 100 100 100 100 100 100 100 100 100 100 100 100 100 100 100 100 100 100 100 100 100 100 100 100 100 100 100 100 100 100 100 100 100 100 100 100 100 100 100 100 100 100 100 100 100 100 100 100 29 88 100 69 100 100 100 100 100 100 100 100 100 100 100 100 100 100 100 100 100 100 100 
100 100 100 100 55 100 100 0 47 100 100 89 100 100 100 100 100 93 100 100 100 100 100 100 100 100 100 100 100 100 100 100 100 100 100 100 100 100 100 100 100 97 100 100 100 100 100 71 100 66 100 100 100 100 100 100 85 100 100 100 100 100 100 100 100 100 69 100 100 100 100 100 70 43 51 100 100 100 100 100 73 100 78 76 100 100 100 100 100 100 100 100 100 100 100 100 100 100 100 100 
74 100 100 100 8 100 100 100 0 100 100 42 100 100 100 98 100 76 100 100 100 100 100 100 100 100 100 97 100 100 100 100 100 100 100 100 88 100 100 75 92 50 100 100 100 100 100 100 100 100 100 100 100 100 100 93 38 100 75 100 100 100 100 100 100 100 22 100 100 100 100 100 33 100 100 100 100 100 90 100 26 100 100 79 100 100 95 100 100 100 72 100 100 100 100 100 100 100 100 100 
100 100 100 100 100 100 100 86 100 0 100 100 100 100 100 100 100 100 97 100 100 100 100 100 19 100 100 97 100 100 100 100 100 100 100 100 70 100 90 100 100 100 100 100 100 100 100 100 100 100 100 100 100 100 87 75 100 100 100 100 100 100 100 100 100 100 100 100 100 83 100 82 100 100 100 100 100 100 100 100 100 100 100 100 100 100 100 100 100 100 54 100 100 80 100 100 100 43 100 100 
98 100 100 100 100 100 100 100 100 100 0 100 71 100 100 100 82 100 14 100 100 100 100 47 100 100 100 98 100 100 100 100 92 4 100 100 100 100 100 99 100 74 100 100 100 100 100 100 100 100 100 91 100 100 100 100 62 100 100 78 100 100 100 100 77 100 100 100 100 100 100 100 33 100 85 100 100 100 100 100 100 100 100 100 43 100 100 100 29 100 100 100 100 100 100 100 100 100 100 100 
100 100 100 100 100 100 100 100 100 100 100 0 100 100 100 100 100 100 100 100 100 100 100 100 100 100 100 100 100 100 100 100 100 100 100 100 100 100 100 100 100 100 100 100 100 100 100 100 100 100 100 100 100 100 100 100 100 100 100 100 100 100 100 100 100 100 100 100 100 100 100 100 100 100 100 100 100 100 48 100 100 100 100 100 100 100 100 100 100 100 100 100 100 100 100 100 100 100 100 100 
100 100 100 100 100 100 100 100 100 100 93 100 0 100 100 100 100 100 100 100 100 100 100 100 100 100 100 100 100 100 100 100 71 97 100 100 100 100 100 100 62 100 100 100 100 100 100 100 100 100 100 100 100 100 100 100 100 100 100 100 100 100 100 100 6 100 100 100 100 100 100 100 100 100 100 82 100 100 100 100 100 100 100 100 100 100 100 100 100 100 100 100 100 100 100 100 100 100 100 100 
100 100 100 100 100 100 100 100 100 100 100 100 100 0 100 100 100 100 100 100 100 100 100 100 100 100 100 100 100 100 100 100 100 100 100 100 100 100 100 100 100 100 100 100 100 100 100 100 100 71 100 100 100 100 100 100 100 100 100 100 100 100 100 100 100 100 100 100 100 100 100 100 100 100 100 100 100 100 100 100 100 100 100 100 100 100 100 100 100 100 100 100 100 100 100 100 100 100 100 100 
100 100 100 100 100 100 100 61 100 100 100 100 100 100 0 100 100 100 100 100 100 100 44 100 100 100 100 100 100 100 100 100 100 100 97 100 98 100 100 100 100 100 100 100 100 100 100 100 100 100 100 73 100 100 100 100 95 17 24 100 100 100 100 88 65 91 100 100 100 100 100 100 100 100 100 100 100 100 100 100 100 100 100 100 100 100 100 100 100 100 100 49 95 68 100 100 100 100 100 100 
72 100 100 100 100 100 100 98 100 100 100 100 45 100 100 0 100 74 100 100 100 100 100 21 100 100 100 72 100 100 100 78 100 100 91 100 100 100 100 73 100 48 100 100 100 100 100 100 100 100 100 94 100 100 100 100 36 100 100 52 100 100 100 100 51 100 100 100 100 100 100 100 100 100 100 100 100 100 83 100 100 100 100 77 100 100 100 100 100 100 100 100 100 100 100 100 100 100 100 100 
100 100 100 100 100 100 100 100 100 100 100 100 100 100 100 100 0 100 100 89 100 100 100 100 100 100 100 100 100 38 100 100 10 100 100 100 100 100 86 46 100 100 100 100 100 100 100 24 100 100 100 100 100 100 100 100 100 100 100 100 100 100 100 100 100 100 100 100 100 100 100 100 100 100 100 100 100 100 100 100 100 100 100 100 100 100 100 100 100 100 100 100 100 100 100 100 100 100 100 100 
100 100 97 100 100 100 100 100 100 100 100 100 100 100 100 100 100 0 100 100 100 100 100 100 100 100 100 100 100 100 100 100 100 100 100 45 55 100 100 100 100 100 45 100 86 100 100 100 100 100 100 100 100 100 100 60 100 100 100 100 100 100 100 100 100 98 100 100 100 68 100 100 100 97 100 100 100 100 100 100 100 100 100 100 100 100 100 100 100 100 100 100 100 100 100 100 100 100 100 100 
100 100 100 100 100 100 100 100 100 100 100 100 100 100 100 100 100 100 0 100 100 100 100 100 100 100 100 100 100 100 100 100 100 100 100 100 100 100 100 100 100 100 100 100 100 100 100 100 100 100 100 100 100 100 100 100 100 100 100 100 100 100 100 100 100 100 100 100 100 100 100 100 100 100 100 100 100 100 100 100 100 100 100 100 100 100 100 100 100 100 100 100 100 100 100 100 100 100 100 100 
100 100 100 100 100 100 100 100 100 100 100 100 100 100 100 100 100 100 100 0 100 100 100 100 100 100 100 100 100 100 100 100 100 100 100 100 100 100 100 100 100 100 100 100 100 100 100 100 100 100 100 100 100 100 100 100 100 100 100 100 100 100 100 100 100 100 100 100 100 100 100 100 100 100 100 100 100 100 100 100 100 81 100 100 100 100 100 100 100 100 100 100 100 100 100 100 100 100 100 100 
100 100 100 100 100 82 100 97 100 100 64 100 100 100 36 100 100 100 78 100 0 59 80 93 100 100 73 100 100 100 100 100 100 17 100 100 100 100 100 100 100 100 100 100 100 100 100 100 100 100 100 100 89 55 100 100 100 53 60 100 100 100 100 100 100 100 100 100 100 100 100 100 46 100 98 100 2 100 100 100 100 100 100 100 100 100 100 100 93 100 100 85 100 100 100 100 93 100 100 100 
100 100 100 100 46 23 100 100 100 100 100 100 100 100 100 100 100 100 100 100 100 0 100 100 100 100 100 100 100 100 100 100 100 100 100 100 100 100 100 100 100 100 100 100 100 97 100 100 100 100 100 100 100 100 100 100 100 100 100 100 100 100 100 100 100 100 100 94 100 100 100 100 100 100 100 100 100 100 100 100 100 100 100 100 100 100 100 100 100 100 100 100 100 100 100 100 100 100 100 100 
87 100 100 100 77 100 100 100 69 100 100 100 100 100 100 100 100 89 100 100 100 100 0 100 100 100 100 100 100 100 100 100 86 100 100 100 100 100 100 88 77 63 100 100 100 72 100 100 100 100 100 100 100 100 100 100 51 85 100 100 100 100 100 100 21 100 91 100 100 100 100 100 100 100 100 97 100 100 100 100 95 100 100 92 100 100 100 100 100 100 100 5 51 100 100 100 100 100 100 100 
51 100 100 81 100 100 100 100 92 100 100 100 24 100 100 100 100 53 100 100 100 100 100 0 100 100 100 51 100 100 100 57 95 100 70 98 100 100 100 52 86 27 98 100 100 100 100 100 99 100 100 73 100 100 100 100 15 100 100 31 100 100 100 100 30 100 100 100 100 100 100 100 100 100 100 100 100 100 62 100 100 100 100 56 100 100 100 100 100 100 100 100 100 100 100 100 100 100 100 100 
100 100 93 100 100 81 100 67 100 100 100 100 100 100 100 100 100 100 78 100 100 100 100 82 0 100 100 78 100 100 100 84 100 100 97 91 51 92 100 100 99 100 100 100 100 100 100 100 100 100 100 100 100 100 68 56 97 100 100 100 96 100 100 100 100 100 100 100 100 64 100 63 100 93 99 100 100 100 89 100 100 100 97 97 100 100 100 100 100 100 35 100 100 100 100 100 100 24 100 100 
100 100 100 100 100 100 100 100 100 100 100 100 100 100 100 100 100 100 100 100 100 100 100 100 100 0 100 100 100 100 100 100 100 100 100 100 100 100 100 100 100 100 100 100 100 100 100 100 100 100 100 100 100 100 100 100 100 100 100 66 100 100 100 100 100 100 100 100 100 100 100 100 100 100 100 100 100 100 100 100 100 100 100 100 100 100 100 100 100 100 100 100 100 100 100 100 100 100 100 100 
100 100 100 100 100 100 100 100 100 100 100 100 100 100 100 100 100 92 100 100 100 100 100 100 100 100 0 100 100 100 100 100 100 100 100 100 100 100 100 100 100 100 100 100 100 100 100 100 100 100 100 100 16 100 100 100 100 100 100 100 100 100 100 100 100 100 100 100 100 100 100 100 100 100 100 100 100 100 100 100 73 100 100 100 100 100 100 100 100 100 100 100 100 65 100 100 20 100 100 100 
91 100 100 30 49 56 100 100 41 100 100 83 100 100 100 61 100 93 100 100 100 92 91 82 100 94 100 0 100 100 100 6 100 100 19 84 100 100 100 70 100 45 60 100 100 100 100 100 100 100 100 100 100 88 100 49 55 100 100 100 100 53 100 100 100 100 63 100 100 57 100 100 74 86 100 100 100 100 11 100 67 100 90 96 95 100 100 100 100 100 100 89 100 100 53 100 100 100 100 100 
100 100 100 100 100 81 100 100 100 100 77 100 100 100 100 100 100 100 91 100 100 58 54 92 100 100 86 100 0 94 100 100 100 81 74 96 100 100 100 100 100 100 100 100 100 100 100 100 100 100 100 100 8 54 100 100 93 100 100 100 100 100 100 100 68 100 100 100 100 100 100 100 100 100 100 100 15 100 26 100 100 100 100 100 100 100 100 100 100 34 100 52 100 57 100 36 12 100 100 100 
100 100 100 100 100 100 100 100 100 100 100 100 100 100 100 100 100 72 100 51 100 100 100 100 100 100 96 100 100 0 100 100 100 100 100 100 100 100 100 8 100 100 100 100 100 81 100 100 100 100 100 100 100 100 100 100 100 100 100 100 100 100 100 100 100 100 100 100 100 100 100 100 100 100 100 100 100 100 100 100 100 95 100 100 100 100 100 100 100 100 100 100 100 92 100 100 100 100 100 100 
100 100 100 100 100 100 100 100 100 100 100 96 100 100 100 100 100 100 100 100 100 100 100 100 100 100 100 100 100 100 0 100 100 100 100 100 85 50 100 100 100 100 100 100 100 100 100 100 100 44 100 6 100 100 100 90 100 100 100 100 100 100 87 100 100 100 100 100 100 98 100 100 100 100 100 100 100 100 100 100 100 100 100 100 100 100 100 100 100 100 69 100 100 100 100 100 30 100 100 100 
85 100 100 24 85 62 100 96 100 100 100 100 100 100 100 100 100 87 100 100 100 86 85 100 100 100 100 100 100 100 100 0 100 100 100 78 100 100 100 64 100 39 54 100 100 100 100 100 100 100 100 100 100 82 100 43 49 100 100 100 100 47 100 100 99 100 100 100 100 51 100 100 100 80 100 100 100 100 100 100 100 100 84 90 89 100 100 100 100 100 100 83 100 100 47 100 100 100 100 100 
100 100 100 100 100 100 100 100 100 100 100 100 100 100 100 100 100 100 100 100 100 100 100 100 100 100 100 100 100 100 100 100 0 100 100 100 100 100 76 100 100 100 100 100 100 100 100 100 100 100 100 100 100 100 100 100 100 100 100 100 100 100 100 100 100 100 100 100 100 100 100 100 100 100 100 100 100 100 100 100 100 100 100 100 100 100 100 100 100 100 100 100 100 100 100 100 100 100 100 100 
100 100 100 100 100 100 100 100 100 100 100 100 100 100 100 100 100 100 100 100 100 100 100 100 100 100 100 100 100 100 100 100 100 0 100 100 100 100 100 100 100 100 100 100 100 100 100 100 100 100 100 100 100 100 100 100 100 100 100 100 100 100 100 100 100 100 100 100 100 100 100 100 29 100 81 100 100 100 100 100 100 100 100 100 100 100 100 100 100 100 100 100 100 100 100 100 100 100 100 100 
100 100 100 100 60 37 100 100 100 100 100 100 100 100 100 100 100 100 100 100 100 100 100 100 100 100 100 100 100 100 100 100 100 100 0 100 100 100 100 100 100 100 100 100 100 100 100 100 100 100 100 100 100 100 100 100 100 100 100 100 100 100 100 100 100 100 100 100 100 100 100 100 100 100 100 100 100 100 100 100 100 100 100 100 100 100 100 100 100 100 100 100 100 100 100 100 100 100 100 100 
100 100 100 100 100 100 100 100 100 100 100 100 100 100 100 100 100 100 100 100 100 100 87 100 100 100 100 100 100 100 100 100 100 100 100 0 100 100 100 100 100 100 100 100 100 100 100 100 100 100 100 100 100 100 100 100 100 100 100 100 100 100 100 100 100 53 100 77 100 95 100 100 100 100 100 100 100 100 100 100 100 100 100 100 100 100 100 100 100 67 100 85 100 100 100 100 100 100 100 100 
100 100 42 100 69 46 100 58 80 100 100 100 100 100 100 100 100 92 100 80 100 100 94 100 100 100 100 100 100 100 100 100 100 100 100 40 0 100 100 100 100 100 100 100 100 100 100 100 100 65 100 100 100 100 100 5 100 100 100 100 100 100 100 100 100 93 100 100 100 13 100 100 100 42 100 84 100 100 100 100 100 100 46 100 100 100 100 64 100 82 100 99 100 100 100 100 100 100 100 100 
100 100 77 100 100 81 100 51 98 100 100 100 90 100 100 100 100 100 62 100 100 100 100 66 100 100 100 100 100 100 100 100 100 100 100 75 35 0 100 100 100 93 97 100 100 100 100 100 100 100 100 100 100 100 100 40 81 100 100 97 80 100 100 100 96 100 100 100 100 48 100 100 100 77 100 100 100 100 100 100 100 100 81 81 100 100 100 99 100 100 19 100 100 100 90 100 100 100 100 100 
100 100 100 100 100 77 100 100 100 100 100 100 100 100 100 100 100 100 100 100 100 100 100 100 100 100 100 100 48 100 100 100 100 100 100 100 100 100 0 100 100 100 100 100 100 100 100 100 100 100 100 100 56 100 100 100 100 100 100 100 100 100 100 100 100 100 100 100 100 100 100 100 100 100 100 100 63 100 74 100 100 100 100 100 100 100 100 100 100 82 100 100 100 100 100 84 60 100 100 100 
100 100 100 100 100 100 100 100 100 100 100 100 100 100 100 100 100 100 100 100 100 100 100 100 100 100 100 100 100 100 100 100 100 100 100 100 100 100 100 0 100 100 100 100 100 73 100 100 100 100 100 100 100 100 100 100 100 100 100 100 100 100 100 100 100 100 100 100 100 100 100 100 100 100 100 100 100 100 100 100 100 100 100 100 100 100 100 100 100 100 100 100 100 84 100 100 100 100 100 100 
100 100 100 100 100 100 100 100 100 100 100 100 100 100 100 100 100 100 100 100 100 100 100 100 100 100 100 98 48 100 100 100 9 100 100 100 100 100 85 100 0 100 100 100 100 100 100 100 100 100 100 100 56 100 100 100 100 100 100 100 100 100 100 100 100 86 100 100 100 73 100 100 100 100 100 20 63 100 74 100 100 100 100 100 100 100 100 100 100 82 100 100 100 100 100 84 60 100 100 100 
100 100 100 100 100 100 100 100 100 100 100 100 100 100 100 100 100 100 100 100 100 100 100 100 100 100 100 100 100 100 100 100 100 100 100 100 100 100 100 25 100 0 100 100 100 98 100 100 100 100 100 100 100 100 100 100 100 100 100 100 100 100 100 100 100 100 100 100 100 100 100 100 100 100 100 100 100 100 100 100 100 100 100 100 100 100 100 100 100 100 100 100 100 100 100 100 100 100 100 100 
100 100 100 100 100 100 100 100 100 100 100 100 100 100 100 100 100 100 100 100 100 100 100 100 100 100 100 100 100 100 100 100 100 100 100 100 100 100 81 100 100 100 0 100 100 100 100 100 100 100 100 100 100 100 100 100 100 100 100 100 100 100 100 100 100 100 100 100 100 100 100 100 100 100 100 100 100 100 100 100 100 100 100 100 100 100 100 100 100 100 100 100 100 100 100 100 100 100 100 100 
78 100 100 100 52 100 100 100 100 100 100 100 100 100 100 100 100 100 100 100 100 100 100 100 100 100 100 100 100 100 100 100 100 100 100 100 100 100 100 100 100 100 100 0 43 100 100 100 100 100 100 100 100 100 100 100 100 100 100 100 100 100 100 100 100 100 100 100 100 100 100 100 100 100 100 100 100 100 100 100 100 100 100 100 100 100 100 100 100 100 100 100 100 100 100 100 100 100 100 100 
100 100 100 100 100 100 100 100 100 100 100 100 100 100 100 100 100 100 100 100 100 100 100 100 100 100 100 100 100 100 100 100 100 100 100 100 100 100 100 100 100 100 100 100 0 100 100 100 100 100 100 100 100 100 100 100 100 100 100 100 100 100 100 100 100 57 100 81 100 100 100 100 100 100 100 100 100 100 100 100 100 100 100 100 100 100 100 100 100 100 100 100 100 100 100 100 100 100 100 100 
100 100 100 100 100 100 100 100 100 100 100 100 100 100 100 100 100 100 100 100 100 89 100 100 100 100 100 100 100 100 100 100 100 100 100 100 100 100 100 100 100 100 100 100 100 0 100 100 100 100 100 100 100 85 100 100 100 100 100 100 100 100 100 100 100 100 100 100 100 100 100 100 100 100 100 100 100 100 100 100 100 100 100 100 100 100 100 100 100 100 100 100 100 100 100 67 100 100 100 100 
94 100 100 100 55 32 100 100 100 100 93 100 67 100 100 100 100 96 100 100 100 9 100 43 100 100 100 94 100 100 100 100 100 97 100 100 100 100 100 61 100 36 100 100 100 100 0 75 100 100 100 100 3 5 100 100 58 100 100 62 100 100 100 100 73 100 100 100 100 100 100 87 100 100 55 100 100 32 91 100 72 100 82 99 100 100 100 100 100 100 100 100 100 52 100 55 7 100 100 100 
100 100 100 100 100 100 100 100 100 100 100 100 100 100 100 100 100 100 100 100 100 100 100 100 100 100 100 100 100 100 84 100 100 100 100 100 89 100 100 100 100 100 100 100 100 100 100 0 100 100 100 90 100 100 100 94 100 100 100 100 100 100 100 100 100 100 100 100 100 100 100 100 100 100 100 100 100 100 100 100 100 100 100 100 100 100 100 100 100 100 100 100 100 100 100 100 100 100 100 100 
100 100 100 100 100 100 100 75 100 100 100 100 100 100 100 100 100 100 100 97 100 100 100 100 100 100 100 100 100 100 100 100 100 100 100 57 100 100 100 100 100 100 100 100 100 100 100 100 0 82 100 100 100 100 100 22 100 100 8 100 100 100 100 100 100 100 100 100 100 30 100 100 71 59 100 100 100 100 100 100 100 100 63 100 60 100 100 81 100 99 100 100 100 100 100 100 100 100 100 100 
100 100 100 100 100 100 100 100 100 100 100 100 100 100 100 100 100 100 100 100 100 100 100 100 100 100 100 100 100 98 100 100 100 100 100 100 100 100 100 100 100 100 100 100 100 100 100 100 100 0 100 100 100 100 100 100 100 100 100 100 100 100 43 100 100 100 100 100 100 100 100 100 100 100 100 100 100 100 100 100 100 100 100 100 97 100 100 100 100 100 100 100 100 100 100 100 100 100 100 100 
100 81 100 100 100 100 100 100 100 100 100 100 100 100 100 100 100 100 100 100 94 100 100 100 100 100 100 100 100 100 100 100 100 100 100 100 100 100 100 100 100 100 100 100 100 100 100 100 100 100 0 100 100 100 100 100 100 100 100 100 100 100 100 100 100 100 100 100 100 100 100 100 100 100 100 100 61 100 100 100 100 100 100 100 100 100 100 100 100 100 84 100 100 100 100 100 100 100 100 100 
100 100 100 100 100 100 100 95 100 100 100 100 100 100 100 100 100 100 100 100 100 100 100 100 100 100 100 100 100 100 100 100 100 100 100 100 79 44 100 100 100 100 100 100 100 100 100 100 100 38 100 0 100 100 100 84 100 100 100 100 100 100 81 100 100 100 100 100 100 92 100 100 100 100 100 100 100 100 100 100 100 100 100 100 100 100 100 100 100 100 63 100 100 100 100 100 100 100 100 100 
100 100 100 100 100 100 100 100 100 100 90 100 100 100 100 100 100 100 100 100 100 100 100 100 100 100 100 100 100 100 100 100 100 94 100 100 100 100 100 100 100 100 100 100 100 100 100 100 100 100 100 100 0 100 100 100 100 100 100 100 100 100 100 100 100 100 100 100 100 98 100 100 100 100 100 100 100 100 100 100 100 100 100 100 100 100 100 100 100 100 100 100 100 49 100 100 4 100 100 100 
89 100 100 100 50 27 100 100 100 100 100 100 62 100 100 100 100 91 100 100 100 4 100 38 100 100 100 89 100 100 100 95 100 100 100 100 100 100 100 90 100 65 100 100 100 100 100 70 100 100 100 100 100 0 100 100 53 100 100 69 100 100 100 100 68 100 100 98 100 100 100 82 100 100 50 100 100 100 100 100 91 100 77 94 100 100 100 100 100 100 100 100 100 100 100 100 100 100 100 100 
100 100 100 40 59 66 100 100 51 100 100 93 100 100 100 71 100 100 100 100 100 100 100 92 100 100 100 10 100 100 100 16 100 100 29 94 100 100 100 80 100 55 70 100 100 100 100 51 100 100 100 100 100 98 0 59 65 100 100 100 100 63 100 100 100 100 73 100 100 67 100 100 84 96 31 100 100 100 21 100 72 100 58 100 100 100 100 100 100 94 100 99 100 100 63 100 100 100 100 100 
100 100 100 100 100 100 100 53 100 100 100 100 100 100 100 100 100 87 100 75 100 100 89 100 100 100 100 100 100 100 100 100 100 100 100 35 100 100 100 100 100 100 100 96 100 100 100 100 100 60 100 100 100 100 100 0 100 100 100 100 100 100 100 100 100 88 100 100 100 8 100 100 100 37 100 79 100 100 100 100 100 100 41 100 100 100 100 59 100 77 100 94 100 100 100 100 100 100 95 100 
36 100 100 89 100 100 100 100 100 100 100 100 100 100 100 100 100 38 100 100 100 100 90 100 100 100 100 100 100 100 100 76 100 100 100 83 93 100 100 37 100 12 83 100 100 100 100 100 100 100 100 100 100 100 100 98 0 100 100 100 100 100 100 100 100 100 100 100 100 100 100 100 100 100 100 100 100 100 100 100 100 100 100 41 100 100 96 100 100 100 100 95 100 100 100 100 100 100 100 100 
100 100 100 100 99 92 100 44 91 100 100 100 100 100 100 100 100 100 100 100 100 100 27 100 100 100 100 100 100 100 100 100 100 100 100 100 100 100 100 100 100 90 100 100 100 99 100 100 100 100 100 100 100 100 100 100 78 0 100 100 100 100 100 100 48 100 100 100 100 100 100 100 100 87 95 100 100 100 100 100 100 100 100 100 100 100 100 100 100 100 100 32 78 51 100 100 100 100 100 100 
100 100 100 100 100 100 100 100 100 100 100 100 100 100 100 100 100 100 100 100 100 100 100 100 100 100 100 100 100 100 100 100 100 100 100 100 100 100 100 100 100 100 100 100 100 100 100 100 100 100 100 100 100 100 100 100 100 100 0 100 100 100 100 100 100 100 100 100 100 100 100 100 100 100 100 100 100 100 100 100 100 100 100 100 100 100 100 100 100 100 100 100 100 100 100 100 100 100 100 100 
100 100 100 100 100 100 100 100 100 100 100 100 100 100 100 100 100 100 100 100 100 100 100 100 100 100 100 100 100 100 100 100 100 100 100 100 100 86 100 100 100 100 100 100 100 100 100 100 68 80 100 42 100 100 100 90 100 100 76 0 100 100 100 100 100 100 100 100 100 98 100 100 100 100 100 100 100 100 100 100 100 100 100 100 100 100 100 100 100 100 100 100 100 100 100 100 100 100 100 100 
100 100 100 100 95 72 100 100 100 100 100 100 100 100 100 100 100 100 100 69 100 49 100 83 100 100 100 100 100 100 100 100 100 100 100 100 100 76 98 100 100 100 17 100 100 100 100 100 100 100 100 100 100 45 100 100 98 100 100 100 0 100 100 100 82 100 100 100 100 100 100 72 63 100 95 100 100 100 100 100 100 57 100 100 52 100 100 100 100 100 95 100 100 100 10 100 100 100 100 100 
95 100 100 34 95 72 100 100 100 100 100 100 79 100 100 100 100 97 100 100 100 96 38 100 100 100 66 100 100 100 100 10 100 100 100 88 100 100 100 74 100 49 64 100 100 100 100 100 100 100 100 100 82 92 100 53 59 100 100 100 100 0 100 100 52 100 100 100 100 61 100 100 100 90 100 100 100 100 100 100 100 100 94 100 99 100 100 100 100 100 100 36 89 100 57 100 86 100 100 100 
100 100 100 100 100 100 100 100 100 100 100 100 100 100 100 100 100 100 100 100 100 100 100 100 100 100 100 100 100 55 100 100 100 100 100 100 100 100 100 63 100 100 100 100 100 100 100 100 100 100 100 100 100 100 100 100 100 100 100 100 100 100 0 100 100 100 100 100 100 100 100 100 65 100 100 100 100 100 100 100 100 100 100 100 54 100 100 100 100 100 100 100 100 100 100 100 100 100 100 100 
100 99 52 100 69 46 100 68 90 100 100 100 100 100 100 100 100 100 100 90 100 100 100 100 100 100 100 100 100 100 100 100 100 100 9 50 10 100 100 100 100 100 100 100 100 100 100 100 100 75 18 100 100 100 100 15 100 100 73 100 100 100 100 0 100 100 100 100 100 23 100 100 100 52 100 94 79 100 100 100 100 100 56 100 100 100 100 74 100 92 100 100 100 100 100 100 100 100 100 100 
100 100 100 100 100 100 100 100 100 100 87 100 100 100 100 100 100 100 100 100 100 100 100 100 100 100 100 100 100 100 100 100 65 91 100 100 100 100 100 100 56 100 100 100 100 100 100 100 100 100 100 100 100 100 100 100 100 100 100 100 100 100 100 100 0 100 100 100 100 100 100 100 100 100 100 76 100 100 100 100 100 100 100 100 100 100 100 100 100 100 100 100 100 100 100 100 100 100 100 100 
100 100 100 100 100 100 100 100 100 100 100 100 100 100 100 100 100 100 100 100 100 100 100 100 100 100 100 100 100 100 100 100 100 100 100 100 100 100 100 100 100 100 100 100 100 100 100 100 75 100 100 100 100 100 100 97 100 100 83 100 100 100 100 100 100 0 100 24 100 100 100 100 100 100 100 100 100 100 100 100 100 100 100 100 100 100 100 100 100 100 100 100 100 100 100 100 100 100 100 100 
52 100 100 100 100 100 100 100 100 100 100 20 100 100 100 100 100 54 100 100 100 100 100 100 100 100 100 100 100 100 100 92 79 100 100 99 100 100 100 53 70 28 99 100 100 100 100 100 100 100 100 100 100 100 100 100 16 100 53 100 100 100 100 100 100 100 0 100 100 100 100 100 100 100 100 90 100 100 68 100 100 100 100 57 100 100 100 100 100 100 100 100 100 100 100 100 100 100 100 100 
100 100 100 100 100 100 100 100 100 100 100 100 100 100 100 100 100 100 100 100 100 100 100 100 100 100 100 100 100 100 100 100 100 100 100 100 100 100 100 100 100 100 100 100 100 100 100 100 100 100 100 100 100 100 100 100 100 100 100 100 100 100 100 100 100 100 100 0 100 100 100 100 100 100 100 100 100 100 100 100 100 100 100 100 100 100 100 100 100 100 100 100 100 100 100 100 100 100 100 100 
100 100 100 100 100 100 100 100 100 100 100 100 100 100 100 100 100 100 100 100 100 100 100 100 100 100 100 100 100 65 100 100 100 100 100 100 100 100 100 73 100 100 100 100 100 100 100 100 100 100 100 100 100 100 100 100 100 100 100 100 100 100 10 100 100 100 100 100 0 100 100 100 75 100 100 100 100 100 100 100 100 100 100 100 64 100 100 100 100 100 100 100 100 100 100 100 100 100 100 100 
100 100 100 100 100 100 100 45 92 100 100 100 100 100 100 100 100 79 100 67 100 100 100 100 100 100 100 100 99 100 100 100 100 100 100 27 100 100 100 100 100 100 100 100 100 100 100 100 100 52 100 100 100 100 100 100 100 100 100 100 100 100 95 100 100 80 100 100 100 0 100 100 100 29 96 71 100 100 100 100 100 100 100 100 100 100 100 51 100 94 100 100 100 100 100 100 100 100 100 100 
97 100 100 100 100 100 100 81 100 100 100 100 100 100 100 100 100 99 92 100 100 100 100 96 100 100 100 100 100 100 100 100 100 100 100 100 65 30 100 98 100 73 100 100 100 22 100 100 100 100 100 100 100 100 100 70 61 100 100 100 100 100 100 100 100 100 100 100 100 78 0 100 100 100 100 100 100 100 100 100 100 100 100 100 100 100 100 100 100 100 49 100 100 100 100 89 100 100 100 100 
100 100 100 100 41 18 100 100 100 100 100 100 100 100 100 100 100 100 100 100 100 100 100 100 100 100 100 100 100 100 100 100 100 100 100 93 100 100 100 100 100 100 100 100 100 92 100 100 100 100 100 100 100 100 100 100 100 100 100 100 100 100 100 100 100 100 100 100 100 66 100 0 100 95 100 100 100 100 100 100 100 100 100 100 100 100 100 100 100 100 100 100 100 100 100 100 100 100 100 100 
100 100 100 100 100 100 100 100 100 100 100 100 100 100 100 100 100 100 100 100 100 100 100 100 100 100 100 100 100 100 100 100 100 100 100 100 100 100 100 100 100 100 100 100 100 100 100 100 100 100 100 100 100 100 100 100 100 100 100 100 100 100 100 100 100 100 100 100 100 100 100 100 0 100 97 100 100 100 100 100 100 100 100 100 100 100 100 100 100 100 100 100 100 100 100 100 100 100 100 100 
100 100 100 100 71 100 100 16 63 100 100 100 100 100 100 100 100 50 100 100 100 100 100 100 100 100 100 100 100 100 100 100 100 100 100 95 100 100 100 100 100 100 95 100 100 100 100 87 100 23 100 100 100 100 100 100 100 100 100 100 100 100 66 100 100 100 85 100 100 100 100 100 86 0 67 100 100 100 100 100 89 100 94 92 100 100 100 100 100 100 100 100 100 100 100 100 100 100 100 100 
100 100 100 100 100 100 100 100 100 100 100 100 100 100 100 100 100 100 100 100 100 100 83 100 100 100 100 100 100 100 100 100 100 100 100 100 100 100 100 100 100 100 100 100 100 100 100 20 100 100 100 100 100 100 100 100 100 100 100 100 100 100 100 100 97 100 100 100 100 100 100 100 100 100 0 100 100 100 100 100 41 100 27 100 100 100 100 100 100 63 87 81 100 100 100 100 100 100 100 100 
100 100 100 100 100 100 100 98 100 100 100 100 100 100 100 100 100 100 100 100 100 86 82 100 100 100 100 78 28 100 100 84 100 100 97 80 100 100 100 100 100 100 100 100 100 100 100 100 100 100 100 100 36 82 100 100 100 100 100 100 100 100 100 100 96 66 100 90 100 53 100 100 100 82 100 0 43 100 54 100 100 100 100 94 100 100 100 100 100 62 100 80 100 85 100 64 40 100 100 100 
100 100 100 100 100 100 100 100 100 100 62 100 100 100 100 100 100 100 76 100 100 100 100 100 100 100 71 100 100 100 100 100 100 66 100 100 100 100 100 100 100 100 100 100 100 100 100 100 100 100 100 100 87 100 100 100 100 100 100 100 100 100 100 100 100 100 100 100 100 100 100 100 95 100 100 100 0 100 100 100 100 100 100 100 100 100 100 100 91 100 100 100 100 100 100 100 91 100 100 100 
100 100 100 100 58 100 100 100 100 100 100 100 100 100 100 100 100 100 100 100 100 100 100 100 100 100 100 100 100 100 100 100 100 100 100 100 100 100 100 100 100 100 100 100 100 100 100 100 100 100 100 100 100 100 100 100 100 100 100 100 100 100 100 100 100 100 100 100 100 100 100 100 100 100 100 100 100 0 59 100 40 100 100 100 100 100 100 100 100 100 86 100 100 100 100 100 100 100 100 100 
100 100 100 100 100 100 100 100 100 100 100 100 100 100 100 100 100 100 100 100 100 100 100 100 100 83 100 100 100 100 100 100 100 100 100 100 100 100 100 100 100 100 100 100 100 100 100 100 100 100 100 100 100 100 100 100 100 100 100 100 100 100 100 100 100 100 100 100 100 100 100 100 100 100 100 100 100 100 0 100 100 100 100 100 100 100 100 100 100 100 100 100 100 100 100 100 100 100 100 100 
100 100 100 100 100 100 100 100 100 100 74 100 100 100 100 100 100 100 88 100 100 100 100 100 100 100 100 99 49 100 100 100 100 78 100 100 100 75 100 100 100 100 100 100 100 67 100 100 100 100 100 100 57 100 100 100 100 100 100 100 100 100 100 100 100 87 100 100 100 74 45 100 100 100 100 21 64 100 75 0 100 100 100 100 100 100 100 100 100 83 94 100 100 100 100 85 61 100 100 100 
100 100 94 99 100 100 100 78 100 100 100 100 100 100 100 100 100 100 89 100 100 100 100 93 100 100 100 100 100 100 100 100 100 100 100 100 62 100 100 100 100 100 100 100 100 100 100 100 100 100 100 100 100 100 100 67 100 100 100 100 100 100 100 100 100 100 100 100 100 75 100 100 100 100 100 100 100 100 100 100 0 100 100 100 100 100 69 100 100 100 46 100 100 100 100 100 100 100 100 100 
67 100 100 100 74 100 100 100 100 100 100 100 100 100 100 100 100 100 100 100 100 100 100 100 100 100 100 100 100 100 100 100 90 100 100 100 100 100 100 100 81 100 100 100 100 100 100 100 100 100 100 100 100 100 100 100 100 100 100 100 100 100 100 100 25 100 100 100 100 100 100 100 100 100 100 100 100 100 100 100 100 0 100 100 100 100 100 73 100 100 100 100 100 100 100 100 100 100 100 100 
100 100 100 100 100 100 100 100 100 100 100 100 100 100 100 100 100 100 100 100 100 100 56 100 100 100 100 100 100 100 100 100 100 100 76 100 100 100 100 100 100 100 100 100 100 100 100 100 100 100 100 100 100 100 100 100 100 100 100 100 100 100 85 100 70 100 100 100 100 100 100 100 100 100 100 100 100 100 100 100 100 100 0 100 100 100 100 100 100 36 100 54 100 100 100 100 100 100 100 100 
100 100 80 85 100 100 100 100 100 100 100 100 100 100 100 100 100 100 100 100 100 100 100 100 100 100 100 100 100 100 100 100 100 100 100 100 100 100 100 100 100 100 100 100 100 100 100 100 100 100 100 100 100 100 100 100 100 100 100 100 100 100 100 100 100 100 100 95 100 100 100 100 100 100 100 100 100 100 100 100 100 100 100 0 100 100 55 100 100 100 100 100 100 100 100 100 100 100 100 100 
100 100 100 100 100 100 100 100 100 100 100 100 100 100 100 100 100 100 100 100 100 100 100 100 100 100 100 100 100 100 100 100 100 100 100 100 100 100 100 100 100 100 100 100 100 100 100 100 100 100 100 100 100 100 100 100 100 100 100 100 100 100 100 100 100 100 100 100 100 100 100 100 11 100 100 100 100 67 100 100 100 100 100 100 0 100 100 100 100 100 100 100 100 100 100 100 100 100 100 100 
100 100 100 100 100 100 100 100 100 100 100 100 100 47 100 100 100 100 100 100 100 100 100 100 100 100 100 100 100 100 100 100 100 100 100 100 100 100 100 100 100 100 100 100 100 100 100 100 100 100 100 100 100 100 100 100 100 100 100 100 100 100 100 100 100 100 100 57 100 100 100 100 100 100 100 100 100 100 100 100 100 100 100 100 100 0 100 100 100 100 100 100 100 100 100 100 100 80 100 100 
91 100 25 30 71 68 100 100 63 100 100 100 100 100 100 100 100 93 100 100 100 100 91 100 100 100 100 100 100 100 100 63 100 100 100 84 100 100 100 92 100 67 59 100 100 100 100 100 100 100 100 100 49 100 100 49 55 100 100 100 100 53 100 100 100 100 85 100 100 57 100 100 96 86 100 100 100 100 100 92 89 100 90 96 100 100 0 100 100 100 100 89 100 98 100 100 53 100 100 100 
100 100 100 100 100 100 100 100 100 100 100 100 100 100 100 100 100 100 100 100 100 100 100 100 100 100 100 100 100 100 100 100 100 100 100 94 100 100 100 100 100 100 100 100 100 100 100 100 100 100 100 100 100 100 100 59 100 100 100 100 100 100 96 100 100 100 100 100 86 67 100 100 100 96 100 100 100 100 100 100 100 100 100 100 100 100 100 0 100 100 100 100 100 100 100 100 100 100 100 100 
100 100 100 100 100 100 100 100 100 100 100 100 100 100 100 100 53 100 100 100 100 100 100 100 100 100 100 100 100 91 100 100 63 100 100 100 100 100 100 99 100 100 100 100 100 100 100 77 100 100 100 100 100 100 100 100 100 100 100 100 83 100 100 100 100 100 100 100 100 100 100 100 100 100 100 100 100 100 100 100 100 100 100 100 100 100 100 100 0 100 100 100 100 100 93 100 100 100 100 100 
100 100 100 100 90 77 100 100 82 100 100 100 100 100 100 100 100 76 100 100 100 96 20 100 100 100 100 100 100 100 100 100 99 100 40 100 100 100 100 100 90 83 100 100 100 85 87 100 100 100 100 100 90 92 100 100 71 100 100 100 100 100 100 100 34 100 100 100 100 100 100 100 100 100 100 100 100 100 100 100 100 100 100 100 100 100 100 96 100 0 100 18 71 100 100 100 94 100 100 100 
98 100 58 100 85 62 100 32 79 100 100 100 71 100 100 100 100 100 43 96 100 100 100 47 100 100 100 98 100 100 100 100 100 100 100 56 16 57 100 99 100 74 78 100 100 100 100 100 100 81 100 100 100 100 100 21 62 100 100 78 61 100 100 100 77 100 100 100 100 29 100 100 100 58 83 100 100 100 100 100 100 100 62 62 100 100 100 80 100 98 0 100 100 100 71 100 100 100 100 100 
89 100 100 100 72 100 100 100 64 100 100 100 100 100 100 100 100 91 100 100 100 100 2 100 100 100 100 100 100 100 100 100 81 100 100 100 100 100 100 90 72 65 100 100 100 67 100 100 100 100 100 100 100 100 100 100 53 87 100 100 100 100 100 100 16 100 86 100 100 100 100 100 97 100 100 92 100 100 100 100 90 100 100 94 100 100 100 100 100 100 100 0 53 100 100 100 100 100 100 100 
100 100 80 100 100 100 100 100 100 100 100 100 100 100 100 100 100 100 100 100 100 100 100 100 100 100 100 100 100 100 100 100 100 100 100 100 100 100 100 100 100 100 100 100 100 100 100 100 100 100 75 100 75 100 100 100 100 100 100 100 100 100 100 100 100 100 100 100 100 100 100 100 100 100 100 100 100 100 100 100 100 100 100 100 100 100 100 100 100 100 100 100 0 100 100 100 79 100 100 100 
100 100 100 100 100 100 100 94 100 100 100 100 100 100 100 100 100 100 100 100 100 100 100 100 100 100 100 100 100 100 100 100 100 100 100 76 100 100 100 100 100 100 100 100 100 100 100 100 100 100 100 100 100 100 100 100 100 100 100 100 100 100 100 100 100 100 100 100 100 49 100 100 100 78 100 100 100 100 100 100 100 100 100 100 100 100 100 100 100 100 100 100 100 0 100 100 100 100 100 100 
100 100 100 100 85 62 100 100 100 100 100 100 97 100 100 100 100 100 100 59 100 39 100 73 100 100 100 100 100 100 100 100 100 100 100 100 100 100 88 100 100 100 7 100 100 100 100 100 100 100 100 100 100 35 100 100 88 100 100 100 100 100 100 100 100 100 100 100 100 100 100 100 53 100 85 100 100 100 100 100 100 100 100 100 42 100 100 100 100 100 100 100 100 100 0 100 100 100 100 100 
93 100 100 100 68 45 100 100 100 100 100 100 80 100 100 100 100 95 100 100 100 22 100 56 100 100 100 100 100 100 100 100 100 100 100 60 100 100 100 94 100 69 100 100 100 100 100 88 100 100 100 100 100 18 100 100 57 100 100 87 100 100 100 100 86 100 100 100 100 100 100 100 100 100 68 100 100 100 100 100 100 100 95 98 100 100 100 100 100 100 100 100 100 100 100 0 100 100 100 100 
100 100 100 100 100 100 100 100 100 100 100 100 100 100 100 100 100 100 100 100 100 100 100 100 100 100 100 100 100 100 100 100 100 100 100 100 100 100 100 100 100 100 100 100 100 100 100 100 100 100 100 100 100 100 100 100 100 100 100 100 100 100 100 100 100 100 100 100 100 100 100 100 100 100 100 100 100 100 100 100 100 100 100 100 100 100 100 100 100 100 100 100 100 100 100 100 0 100 100 100 
100 100 100 100 100 100 100 100 100 100 100 100 100 100 100 100 100 100 100 100 100 100 100 100 100 100 100 100 100 100 100 100 100 100 100 100 100 100 100 100 100 100 100 100 100 100 100 100 100 100 100 100 100 100 100 100 100 100 100 100 100 100 100 100 100 100 100 100 100 100 100 100 100 100 100 100 100 100 100 100 100 100 100 100 100 100 100 100 100 100 100 100 100 100 100 100 100 0 100 100 
100 100 94 99 100 100 100 100 100 100 100 100 100 100 100 100 100 100 100 100 100 100 100 100 100 100 100 100 100 100 100 100 100 100 100 100 100 100 100 100 100 100 100 100 100 100 100 100 100 100 100 100 100 100 100 100 100 100 100 100 100 100 100 100 74 100 100 100 100 100 100 100 100 100 100 100 100 74 100 100 100 49 100 14 100 100 69 100 100 100 100 100 100 100 100 100 100 100 0 100 
100 100 100 100 100 100 100 100 100 100 100 100 100 100 100 100 100 100 100 100 100 100 100 100 100 100 100 100 64 100 100 100 25 100 100 100 100 100 100 100 16 100 100 100 100 100 100 100 100 100 100 100 72 100 100 100 100 100 100 100 100 100 100 100 100 100 100 100 100 89 94 100 100 100 100 36 79 100 90 49 100 100 100 100 100 100 100 100 100 98 100 100 100 100 100 100 76 100 100 0 
