0 57 28 43 83 58 46 25 82 63 38 76 75 47 42 86 68 72 67 28 41 59 4 27 38 73 45 66 62 6 65 71 30 64 34 39 52 46 64 36 69 31 52 73 78 84 47 69 68 67 70 54 23 96 59 49 53 46 46 72 26 71 56 56 73 22 55 54 52 46 63 71 42 68 55 35 56 68 53 66 34 42 100 64 8 48 73 68 45 78 36 52 56 49 64 64 75 39 68 95 
59 0 57 61 93 24 44 46 71 57 39 100 64 48 60 73 36 78 33 30 88 48 53 37 40 61 46 55 64 53 52 100 46 74 75 59 72 35 16 30 65 73 50 81 74 53 59 51 89 56 38 64 44 73 63 50 44 75 64 76 67 23 73 58 93 54 58 43 59 47 73 70 66 41 7 65 44 92 41 54 52 52 68 100 51 36 62 56 57 80 38 54 43 57 72 49 83 62 62 60 
99 100 0 96 75 57 64 78 100 100 79 82 100 88 93 100 60 100 66 63 100 82 86 70 73 100 86 95 97 77 90 100 79 100 78 92 100 75 56 96 89 100 70 45 92 93 100 84 100 80 62 66 76 100 100 72 52 96 38 100 86 63 78 91 100 87 80 67 97 69 93 94 86 81 95 84 84 100 81 94 85 85 100 100 85 76 100 96 97 100 71 87 83 75 90 90 80 51 86 87 
3 60 31 0 40 61 29 28 76 61 41 49 78 50 45 78 25 65 70 31 44 62 7 30 41 59 48 60 35 9 55 63 33 67 37 42 55 40 21 39 42 34 35 76 57 58 50 52 71 45 27 53 26 65 61 52 56 49 3 66 29 28 43 59 76 25 58 32 55 49 62 59 45 46 58 38 42 71 46 52 37 45 99 67 11 41 67 61 48 80 39 25 48 52 67 67 45 42 51 52 
69 71 76 67 0 60 60 46 81 34 49 91 42 58 66 80 14 66 65 66 68 64 56 51 76 62 56 65 71 46 60 100 52 88 74 63 76 45 46 61 43 77 49 91 17 77 27 66 92 34 16 42 47 92 67 60 64 86 70 55 66 53 68 47 36 55 29 21 22 57 51 48 82 35 49 50 56 80 69 55 58 41 75 100 65 64 58 84 85 76 31 78 51 71 86 86 97 40 40 79 
57 58 45 54 89 0 47 39 100 66 32 81 100 41 36 64 65 58 9 6 64 53 47 13 16 56 39 68 40 29 43 76 22 50 57 53 66 66 65 43 47 55 53 74 77 64 82 27 80 68 67 76 37 65 58 43 47 51 57 53 49 54 61 34 96 30 51 55 54 40 78 62 62 69 65 43 39 71 37 49 28 28 100 96 53 32 75 52 53 77 14 30 34 57 69 72 83 63 61 52 
35 68 53 32 72 47 0 14 100 45 49 81 82 58 53 65 57 53 56 46 71 69 22 16 56 49 56 56 58 24 66 95 39 53 52 28 41 64 53 39 30 64 6 87 57 73 58 23 57 21 59 29 12 79 54 60 64 47 35 42 44 60 57 59 65 40 68 8 47 57 56 35 60 22 36 34 59 62 71 42 45 28 97 82 43 66 45 80 80 63 54 51 74 67 78 78 56 49 27 66 
72 97 54 100 100 68 84 0 100 70 71 86 100 80 75 100 100 79 77 74 73 67 76 66 84 100 78 79 49 61 100 100 90 100 89 100 96 100 89 91 56 64 90 99 75 100 100 77 100 100 100 50 90 100 56 57 86 100 92 69 81 96 100 100 94 77 83 89 100 79 77 100 97 100 100 90 88 93 85 98 67 81 100 100 70 93 86 100 100 75 82 39 100 93 100 100 100 35 100 95 
54 56 56 51 38 20 45 52 0 72 49 80 27 58 16 65 24 17 29 26 35 42 40 33 27 41 56 66 51 27 46 87 39 9 55 47 57 58 64 45 53 66 51 43 55 9 65 29 69 44 26 2 50 61 62 60 64 52 54 65 47 71 62 32 74 41 67 31 17 57 29 58 54 41 59 24 59 31 57 65 45 46 24 100 45 52 53 72 64 71 34 41 54 49 58 64 36 50 50 72 
51 83 62 48 88 73 77 67 100 0 79 97 94 83 91 100 73 64 82 48 82 34 55 69 58 91 81 95 80 57 84 100 81 76 85 78 91 75 56 69 81 82 83 83 100 93 73 84 100 72 71 57 65 66 93 51 94 90 51 90 77 63 74 72 100 21 59 80 84 48 84 63 93 81 90 34 74 78 71 84 85 56 100 83 37 74 96 86 74 100 56 72 76 48 63 63 74 73 75 53 
64 26 61 61 100 20 67 43 97 79 0 79 90 9 56 84 62 51 29 26 69 21 51 17 36 69 7 81 60 49 63 87 42 54 77 57 65 61 42 46 67 75 73 42 90 79 63 47 86 82 43 48 41 85 71 11 15 71 64 73 69 49 81 54 64 50 19 69 62 8 75 78 82 67 33 63 52 65 49 62 48 32 94 100 24 52 88 64 61 89 34 50 54 47 62 62 57 33 81 72 
49 73 70 46 86 64 75 28 100 62 47 0 99 56 51 92 71 70 73 60 88 68 36 30 70 66 54 73 74 38 71 100 37 67 66 42 55 78 67 56 47 80 23 89 74 87 75 40 71 38 73 46 26 77 71 58 62 64 49 59 58 74 74 62 82 54 66 25 64 55 73 52 74 14 53 48 67 84 85 59 43 45 100 96 57 80 62 94 94 80 42 64 62 81 96 95 91 63 44 83 
43 29 50 46 86 53 18 28 92 63 50 95 0 42 42 38 65 71 46 38 84 71 14 30 48 67 57 39 59 16 51 100 40 67 44 42 55 56 45 46 48 65 24 75 58 35 76 41 71 39 67 47 26 80 55 61 65 56 49 55 36 52 43 5 77 32 65 26 62 58 73 53 52 14 36 45 66 78 63 60 46 45 97 74 51 58 46 78 79 64 46 62 66 59 74 74 74 63 45 84 
79 100 100 96 100 82 84 89 100 100 98 70 100 0 100 100 100 100 91 88 100 70 83 91 98 86 100 75 95 85 100 100 100 100 100 92 56 100 92 100 100 91 90 33 94 100 100 100 100 98 77 97 87 100 88 60 100 100 96 100 100 99 92 100 55 100 68 85 84 57 100 100 100 84 100 98 69 100 93 79 94 100 100 100 73 100 82 100 88 100 96 91 100 96 100 100 100 82 100 100 
57 59 68 54 94 53 51 49 87 78 33 83 100 42 0 99 58 84 62 54 88 54 57 50 52 78 40 71 76 11 90 100 23 82 39 63 76 51 75 41 68 74 57 46 83 96 79 74 92 72 60 80 47 100 64 44 48 51 57 77 31 82 61 82 97 27 52 59 57 41 92 71 47 73 60 40 61 73 58 71 29 62 100 100 57 53 78 73 74 83 62 66 82 54 69 69 80 66 62 100 
54 57 45 51 81 51 68 38 94 65 31 74 95 4 35 0 64 57 8 57 75 52 46 12 67 49 38 63 57 46 13 98 21 49 63 47 44 58 70 61 64 32 57 37 70 32 80 45 81 70 66 36 36 64 51 42 46 64 54 17 55 77 5 58 59 62 50 59 47 39 63 61 54 73 64 53 32 71 29 42 27 27 86 95 55 24 70 44 45 60 65 47 60 78 39 93 88 40 60 51 
56 61 62 53 93 46 50 35 100 67 48 77 81 57 52 67 0 52 55 52 70 50 43 37 62 48 55 55 57 32 46 98 38 74 60 49 62 69 68 47 29 63 56 90 56 67 57 55 78 20 2 28 33 78 53 48 63 72 56 41 52 57 72 37 64 48 67 7 46 56 37 34 68 21 35 55 42 66 62 41 44 27 74 100 51 57 44 77 78 62 17 64 37 57 72 72 83 26 26 65 
65 76 59 62 100 78 45 44 100 69 59 100 77 68 60 100 87 0 87 47 18 64 23 46 57 58 66 85 81 25 84 100 49 83 53 58 71 65 83 55 75 79 51 100 52 96 84 68 52 66 89 74 42 100 69 56 74 65 65 82 45 90 75 75 71 41 64 53 56 53 51 80 61 67 74 54 68 14 69 51 55 61 100 83 45 64 90 75 47 87 55 71 75 68 83 83 94 78 72 100 
51 49 54 48 88 43 75 30 100 75 23 95 98 32 27 100 56 49 0 49 67 44 38 4 59 73 30 90 49 38 54 90 13 41 66 44 57 78 65 59 56 64 70 65 98 89 76 70 73 62 58 70 28 56 86 34 38 78 51 44 58 72 88 62 87 54 42 62 49 31 93 53 74 76 56 50 73 63 70 83 19 19 100 87 47 65 86 85 84 100 57 39 77 70 80 85 80 56 52 43 
54 52 39 51 83 76 41 55 96 60 56 75 96 35 60 58 61 64 66 0 58 69 58 43 10 50 33 62 34 23 37 70 54 79 51 49 62 60 59 53 41 49 47 68 71 58 76 47 74 62 63 70 53 100 52 63 71 63 54 65 43 48 63 28 90 24 68 49 48 60 72 67 56 63 59 37 33 65 31 43 52 58 95 100 47 26 69 46 47 71 8 24 28 51 63 66 77 57 68 100 
65 100 88 62 99 82 88 49 100 80 76 100 95 85 80 100 84 88 91 81 0 75 57 51 91 52 83 91 93 59 82 100 66 88 87 58 71 99 80 74 65 89 41 100 70 78 83 58 34 56 86 64 47 100 79 65 90 82 62 77 79 87 92 94 89 75 73 43 50 62 91 70 95 57 71 64 62 100 82 45 72 63 100 100 73 93 80 57 29 98 89 84 73 100 100 100 100 84 62 100 
62 49 40 59 99 65 50 52 77 58 45 71 100 54 66 79 42 30 74 71 48 0 53 54 72 57 52 61 72 55 58 66 71 54 81 55 68 41 22 72 71 69 52 85 78 59 42 63 82 62 44 70 50 79 59 56 60 68 62 72 73 29 78 74 97 71 64 49 55 53 58 73 72 47 56 61 40 44 37 50 72 69 100 100 3 42 68 52 40 78 59 62 49 26 41 41 52 57 68 66 
42 53 36 39 79 56 42 21 78 69 36 88 71 45 40 82 64 68 65 24 79 57 0 23 34 69 43 62 58 2 61 94 26 60 30 35 48 42 60 32 65 65 48 78 74 80 70 65 64 63 66 71 19 92 55 47 51 42 42 68 22 67 52 52 93 18 51 50 48 44 83 67 38 64 51 31 52 64 49 62 32 38 100 60 50 44 69 64 65 74 32 48 52 45 60 60 71 56 64 91 
47 55 50 44 84 79 73 26 100 71 67 91 100 76 52 100 52 45 47 58 63 88 34 0 55 69 74 92 45 36 95 86 60 37 64 40 53 76 65 66 52 60 66 71 97 85 86 83 69 71 54 75 24 100 82 78 82 76 47 91 56 72 86 86 100 52 79 58 45 75 89 85 72 72 62 46 86 59 83 92 63 15 98 94 55 78 94 92 92 100 66 35 86 79 94 94 89 61 77 90 
44 69 29 41 81 66 70 60 100 50 46 65 100 55 50 63 66 54 71 41 48 67 48 41 0 78 53 85 24 50 42 60 59 69 78 71 84 65 62 80 31 39 76 74 98 66 66 74 82 86 64 62 58 91 80 57 61 83 44 80 70 53 67 69 81 14 58 73 76 54 89 94 83 79 76 27 61 55 58 71 42 49 85 100 52 53 92 73 74 89 49 14 33 41 56 56 67 47 92 92 
13 50 41 10 50 44 39 38 86 71 24 59 88 33 28 86 35 69 53 41 54 45 17 40 51 0 31 58 45 19 65 73 14 77 47 6 19 50 31 49 46 44 45 66 67 51 60 62 81 37 37 45 36 75 70 35 39 59 13 58 39 38 53 69 81 35 43 24 63 32 72 51 55 38 52 12 52 81 56 58 20 34 100 77 21 51 61 71 58 79 49 35 58 62 77 77 55 52 43 62 
57 65 58 54 94 84 83 36 100 78 77 72 100 2 62 100 62 55 57 68 73 72 44 10 65 62 0 77 55 46 82 96 70 47 74 50 58 86 75 76 62 70 76 35 83 95 93 68 79 81 64 85 34 100 64 62 92 86 57 77 66 82 94 96 57 62 70 68 55 59 92 78 82 82 72 56 45 69 42 55 73 25 100 100 65 88 84 57 90 83 76 45 73 89 93 100 99 71 87 100 
4 59 25 32 72 45 27 14 86 30 33 80 44 32 37 28 57 55 36 32 45 42 8 16 42 51 40 0 20 10 41 75 34 53 38 28 41 50 53 40 32 26 33 65 19 46 51 50 57 23 59 31 12 41 16 32 40 50 35 29 30 60 33 49 38 26 31 10 49 29 34 37 46 24 38 34 60 69 57 44 29 30 75 68 12 52 7 72 49 25 40 51 60 53 67 68 77 34 29 68 
23 80 5 66 80 62 69 48 100 26 61 87 98 70 65 100 65 90 71 51 64 60 27 50 61 96 68 89 0 29 88 94 53 87 57 62 75 69 61 59 92 54 75 50 97 98 70 89 91 85 67 71 46 92 82 72 57 69 43 95 49 68 79 79 96 45 78 72 75 69 86 89 65 86 78 58 79 91 76 89 57 65 100 87 31 71 96 91 68 100 59 75 79 72 87 87 85 56 91 79 
46 51 57 43 83 64 40 54 76 67 44 92 97 53 74 88 68 79 73 43 77 65 50 50 41 67 51 60 65 0 79 100 74 71 28 65 78 40 64 30 70 63 46 86 72 85 68 63 97 61 66 69 52 90 53 55 59 40 46 66 20 71 50 71 91 16 49 48 46 52 81 75 36 62 49 29 50 62 47 60 66 51 99 100 54 42 67 62 63 72 51 55 71 43 58 58 69 71 62 95 
41 68 32 38 68 69 58 52 81 52 49 69 82 58 59 77 63 81 78 69 75 59 45 50 63 36 56 51 51 47 0 100 50 87 50 34 47 45 57 48 58 48 44 77 57 75 67 32 95 59 65 67 50 92 38 49 64 56 41 51 42 64 66 45 76 63 57 46 34 46 56 52 41 60 74 40 19 95 16 29 51 62 73 92 49 11 58 31 32 47 77 41 47 76 26 80 83 56 65 90 
54 78 75 51 91 69 79 33 100 67 52 5 100 61 56 97 76 75 78 56 93 65 41 35 66 71 59 78 79 43 76 0 42 72 71 47 60 83 72 61 52 85 28 28 79 92 80 45 76 43 78 51 31 82 76 55 67 69 54 64 63 79 79 67 87 59 63 30 69 52 78 57 79 19 58 53 72 89 87 64 48 50 100 100 62 82 67 99 91 85 47 69 67 86 74 96 96 68 49 88 
47 36 70 44 84 30 65 26 100 89 10 89 100 19 14 94 69 61 39 36 79 31 34 27 46 79 17 85 70 25 73 97 0 64 53 40 53 65 52 55 45 64 66 52 97 85 73 57 69 71 53 58 24 95 78 21 25 65 47 54 45 59 75 64 74 41 29 58 71 18 85 85 61 72 43 46 62 75 59 72 6 42 100 94 34 62 92 74 71 97 44 60 64 57 72 72 67 43 39 82 
45 74 47 42 82 61 53 43 85 68 48 71 85 57 15 81 15 8 66 55 26 65 31 45 18 32 55 69 42 26 60 78 38 0 54 38 51 49 63 56 44 57 59 34 60 82 72 70 60 35 17 43 41 79 66 59 63 66 45 56 46 70 76 52 79 32 67 22 8 56 52 49 45 36 50 15 57 22 70 56 44 37 61 91 53 65 57 83 55 75 32 32 51 59 74 74 85 41 41 80 
36 42 42 54 85 36 58 46 48 62 16 78 75 25 63 60 72 65 45 42 61 37 30 22 13 53 23 32 37 32 55 73 56 57 0 51 64 12 58 18 44 52 61 58 51 57 79 49 89 55 59 50 44 62 48 27 31 28 57 61 8 65 38 45 70 27 35 42 34 24 66 69 8 53 49 40 36 68 33 46 55 37 72 90 40 28 39 48 49 57 50 27 46 54 69 69 73 49 50 88 
7 64 35 4 44 57 33 32 80 65 45 53 82 43 49 80 29 63 66 35 48 66 11 34 45 59 52 52 39 13 59 67 37 71 41 0 13 44 25 43 40 38 39 76 61 45 54 56 75 31 31 39 30 69 64 56 60 53 7 52 33 32 47 63 75 29 62 18 57 53 66 45 49 32 46 6 46 75 50 52 41 28 100 71 15 45 55 65 52 73 43 29 52 56 71 71 49 46 37 56 
43 91 64 71 82 84 66 53 97 69 65 100 83 71 76 67 67 94 75 71 84 75 47 55 81 90 72 39 59 49 80 100 73 92 77 67 0 61 63 79 71 65 72 100 58 85 90 89 96 62 69 70 51 80 55 65 79 89 45 68 69 70 72 88 77 65 70 49 88 68 73 76 57 63 77 73 85 100 82 83 68 69 100 100 51 77 46 97 88 64 79 90 90 92 100 100 87 73 68 94 
24 30 45 52 74 24 46 34 36 50 4 83 63 13 52 48 60 53 33 30 65 25 18 21 40 71 11 20 40 20 61 91 44 45 48 48 61 0 46 50 52 46 52 46 39 45 67 51 77 43 47 38 32 61 36 15 19 60 55 49 40 53 53 33 58 36 23 30 53 12 54 57 56 44 37 49 56 67 53 64 49 36 60 78 28 56 27 68 65 45 38 54 58 51 66 66 61 37 49 76 
43 49 41 47 77 43 28 30 55 61 23 96 82 32 44 57 20 72 52 49 84 44 37 32 59 45 30 39 59 39 36 100 53 64 59 43 56 19 0 57 49 57 34 65 58 37 76 41 73 40 22 48 28 57 47 34 38 65 50 60 51 7 57 52 77 55 42 27 43 31 57 54 50 25 55 49 28 86 25 38 59 47 79 88 47 20 46 40 41 64 37 50 27 70 62 85 80 46 46 44 
77 80 59 87 100 74 77 67 100 80 54 86 100 63 58 94 97 84 83 36 78 75 78 54 46 86 61 98 54 59 73 81 44 91 87 84 95 96 95 0 61 69 83 96 100 94 87 83 100 98 45 84 68 100 88 65 69 99 90 98 79 84 99 64 100 60 73 85 84 62 80 64 92 99 87 73 69 87 67 79 50 69 100 100 78 62 100 82 83 100 44 44 64 87 99 100 100 69 83 100 
80 46 81 77 100 40 68 63 100 77 20 90 100 29 76 100 82 23 49 46 41 41 46 37 56 81 27 100 80 48 83 85 62 74 76 73 85 81 62 52 0 95 71 62 75 99 61 67 75 86 63 68 61 100 91 31 35 88 80 67 68 69 98 74 84 64 39 73 79 28 74 98 84 87 53 77 72 37 69 74 68 52 100 100 22 72 100 84 59 100 54 70 74 67 80 82 77 53 92 92 
49 33 52 46 70 27 62 28 98 73 7 59 97 16 11 91 54 47 36 33 65 28 36 2 40 71 14 68 47 22 70 88 34 39 50 42 55 62 49 52 54 0 68 49 86 86 70 50 71 73 50 23 26 81 75 18 22 62 49 80 42 56 72 61 42 38 26 60 47 15 50 78 58 73 40 48 59 61 56 69 3 17 100 96 31 59 74 71 68 64 41 37 61 54 69 69 64 8 73 68 
29 62 47 26 66 41 55 8 94 39 43 75 76 52 47 78 51 47 50 40 65 63 16 10 50 43 50 50 52 18 77 89 33 47 46 22 35 58 47 33 24 58 0 81 51 67 52 17 51 15 53 23 6 73 48 54 58 41 29 36 38 54 51 53 59 34 62 2 41 51 50 29 54 16 30 28 53 61 65 36 39 22 91 76 37 60 39 74 74 57 48 45 68 61 76 72 71 43 21 60 
86 86 77 83 100 49 51 65 100 95 65 37 100 74 69 100 79 67 58 55 85 37 73 60 65 92 72 98 89 75 92 100 71 91 100 79 92 78 59 90 81 58 57 0 100 96 78 74 100 72 76 64 63 100 96 27 80 98 86 93 95 66 59 83 100 79 35 59 92 24 91 86 100 51 87 85 77 81 74 87 61 75 100 100 40 79 96 89 63 100 63 79 83 63 78 68 89 49 78 100 
61 54 75 58 98 73 43 40 100 17 75 100 25 67 67 63 58 79 71 63 81 51 39 42 73 75 82 64 84 41 76 100 65 79 69 54 67 81 70 65 56 90 32 100 0 60 84 49 83 47 60 55 38 83 80 68 90 73 61 68 61 77 51 30 19 38 12 34 73 65 82 61 77 39 61 33 85 93 88 68 71 54 90 99 54 83 71 100 87 89 71 77 91 65 80 80 91 75 53 70 
64 66 71 61 100 60 58 56 94 85 40 90 68 49 7 100 65 91 69 61 95 61 64 57 59 85 47 78 66 18 97 100 30 89 46 70 83 58 82 48 75 81 64 53 90 0 86 81 99 79 67 87 54 52 71 51 55 58 64 84 38 89 68 73 100 34 59 66 64 48 99 78 54 80 67 47 68 80 65 78 36 69 100 100 64 60 85 80 81 90 69 73 89 61 76 76 87 73 69 92 
67 92 58 64 94 48 81 78 100 78 75 66 100 34 84 59 89 77 57 54 95 47 71 61 64 62 82 75 77 41 72 100 70 98 69 60 73 71 69 71 84 74 70 67 83 91 0 57 100 85 91 30 76 88 64 37 90 81 67 76 61 76 64 71 87 57 83 72 60 72 57 78 67 80 90 66 45 91 42 55 76 76 100 100 50 37 81 57 58 71 62 67 73 73 88 88 99 15 91 75 
80 93 75 88 100 87 60 74 100 96 67 100 88 76 34 100 92 100 88 52 76 88 82 70 62 82 74 100 70 45 89 97 57 100 73 88 88 85 100 16 77 85 66 80 91 100 100 0 100 81 61 87 72 100 88 78 82 24 91 61 65 100 34 80 100 61 86 68 30 75 96 80 81 82 94 74 85 100 83 75 63 85 83 100 88 78 79 98 99 97 60 60 80 88 100 100 100 72 46 100 
73 75 57 70 100 61 74 82 100 84 75 100 100 73 79 69 72 100 70 67 100 75 77 74 75 68 82 91 83 34 48 100 65 100 62 66 79 71 70 64 90 80 80 100 89 100 99 80 0 92 74 100 80 100 70 65 56 74 73 83 54 59 74 93 65 50 73 79 66 62 98 84 70 93 82 63 51 96 48 61 71 85 100 100 78 59 98 23 80 89 75 73 39 77 74 92 98 87 96 100 
39 47 42 36 75 26 44 18 100 47 28 83 61 37 32 74 60 32 35 32 50 48 26 20 42 28 35 46 37 28 69 78 18 57 56 32 45 68 56 51 9 43 50 70 36 63 59 35 61 0 62 8 16 87 33 39 43 59 38 21 48 63 69 38 44 44 47 50 26 36 35 77 64 64 54 38 38 46 63 21 24 7 79 84 31 58 24 78 68 42 40 55 60 55 70 70 80 51 6 78 
88 97 65 89 100 57 90 96 100 100 71 75 100 80 75 100 90 78 66 63 96 48 92 70 73 94 78 84 92 50 91 100 79 83 78 85 98 89 70 77 100 100 96 100 100 100 80 66 100 95 0 39 94 78 96 46 86 90 92 100 70 77 100 89 100 66 90 94 91 79 35 94 86 89 99 79 77 92 74 87 67 85 72 100 51 82 90 89 88 80 71 87 91 55 70 70 81 24 100 84 
75 74 61 72 100 18 63 57 100 74 50 99 88 59 54 82 82 70 27 24 82 40 65 31 34 74 57 73 58 47 61 94 40 68 75 71 84 81 62 43 65 70 69 92 63 80 72 27 98 84 70 0 55 83 60 61 65 51 75 71 67 69 61 50 82 48 66 71 57 58 27 80 80 85 81 61 57 84 55 67 46 46 89 100 43 50 51 70 71 69 32 48 52 47 62 62 73 78 73 70 
23 59 46 20 60 66 49 2 88 72 46 69 81 55 50 92 45 49 51 34 64 67 10 4 44 73 53 68 49 12 71 83 36 41 40 16 29 52 41 42 56 54 42 75 77 61 62 59 45 47 47 52 0 85 58 57 61 52 23 68 32 48 62 62 91 28 61 34 49 54 79 61 48 48 61 22 62 63 59 68 42 19 100 70 31 54 71 68 68 77 42 39 62 55 70 70 65 37 53 72 
36 83 19 33 73 76 62 28 100 40 72 82 95 53 76 98 58 75 62 60 77 74 36 30 70 87 79 70 14 38 88 96 62 67 66 42 31 73 54 56 68 67 68 64 89 87 73 85 71 59 60 67 26 0 84 83 71 78 36 77 58 61 76 59 97 54 87 60 75 80 94 50 74 74 87 48 75 89 79 80 68 45 57 84 44 74 77 94 81 95 68 58 81 81 96 96 78 63 62 40 
27 43 48 55 80 37 28 37 100 14 17 69 44 26 21 51 64 57 46 43 68 38 31 12 50 74 24 23 43 32 54 98 44 49 60 51 40 72 59 35 55 10 34 59 19 69 73 51 80 46 60 33 35 64 0 28 32 72 58 13 52 66 49 49 38 35 31 33 57 25 28 60 68 47 50 48 69 71 66 67 13 27 90 91 35 65 30 81 72 19 51 47 71 48 63 63 74 18 52 67 
72 59 50 69 100 22 60 61 87 68 54 81 100 63 58 86 52 40 31 28 58 10 63 35 38 67 61 71 62 51 65 76 44 64 79 65 78 51 32 65 69 77 62 95 88 69 52 49 92 72 54 80 59 87 69 0 69 73 72 75 71 39 83 56 100 52 73 59 65 62 68 83 82 57 66 65 50 54 47 60 50 50 100 100 13 52 78 62 50 88 36 52 56 36 51 51 62 67 78 74 
49 49 50 46 86 5 52 28 100 71 37 86 100 46 41 69 70 63 14 11 69 58 36 18 21 61 44 73 45 34 48 81 27 55 62 42 55 71 65 48 52 60 58 79 82 69 86 32 71 73 72 78 26 70 63 48 0 56 49 58 54 59 66 39 100 35 56 60 59 45 83 63 67 74 56 48 44 76 42 54 33 33 100 96 57 37 80 57 58 82 19 35 39 62 64 77 42 63 66 57 
56 100 64 68 100 81 73 67 100 78 81 99 92 56 56 100 90 97 64 84 52 80 60 64 94 58 54 77 68 62 100 100 72 100 90 64 64 100 86 57 74 74 79 89 67 94 80 41 86 65 92 63 78 90 64 70 88 0 68 37 82 93 10 97 86 78 79 52 6 68 82 79 98 66 80 70 68 100 96 51 77 72 59 100 64 100 55 100 81 73 92 90 100 100 100 100 100 48 22 100 
61 67 59 58 37 61 26 40 73 71 41 99 79 50 62 75 22 74 70 67 92 62 48 42 53 63 48 57 76 50 52 100 60 79 40 54 67 37 18 58 51 75 32 83 54 55 64 49 81 42 24 50 38 62 65 52 56 58 0 63 48 25 40 59 73 66 60 29 59 49 59 56 48 43 57 60 46 88 43 56 66 49 96 93 65 38 64 58 59 82 39 67 45 79 64 94 42 48 48 49 
50 78 71 73 100 72 70 60 100 76 52 100 90 61 19 74 77 92 81 73 91 73 54 62 71 97 59 46 66 30 87 100 42 99 58 74 27 70 90 60 69 72 71 65 65 92 97 88 100 69 79 77 58 87 62 63 67 70 72 0 50 97 79 95 84 46 71 56 76 60 74 83 66 70 79 59 80 92 77 90 48 76 100 100 58 72 53 92 59 65 81 85 100 73 88 88 99 80 75 100 
44 50 43 49 79 44 66 54 56 63 24 86 83 33 68 68 74 73 53 46 69 45 38 30 21 47 31 40 45 40 63 81 54 65 8 45 58 20 66 10 52 59 55 66 59 65 78 43 97 63 55 58 52 70 49 35 39 20 52 57 0 73 30 53 78 35 29 50 26 32 74 63 16 61 57 48 30 76 27 40 60 45 79 98 48 22 47 42 43 65 52 35 54 62 77 77 81 57 42 96 
36 42 34 40 70 36 21 23 48 54 16 89 75 25 55 50 13 65 45 42 77 37 30 25 52 38 23 32 52 32 29 100 46 57 52 36 49 12 11 50 42 50 27 58 51 48 69 34 66 33 15 41 21 68 40 27 31 58 43 53 44 0 50 45 70 48 35 20 36 24 50 47 43 34 48 42 21 79 18 31 52 40 72 90 40 13 39 33 34 57 30 43 20 63 55 78 73 39 39 55 
98 100 54 95 100 72 63 77 100 100 100 100 100 100 100 100 100 100 81 78 77 100 85 79 88 100 100 100 100 87 100 100 94 100 100 91 100 100 100 100 93 100 69 99 100 100 100 86 100 84 100 92 75 100 100 100 100 100 92 100 100 100 0 100 100 100 100 71 100 100 100 98 100 83 99 97 100 100 100 100 100 91 100 100 100 100 100 100 100 100 86 100 100 100 100 100 100 100 90 100 
38 24 59 45 85 48 13 27 88 58 56 94 78 65 37 62 60 66 57 54 79 72 35 29 53 62 63 34 54 37 75 100 52 66 40 41 54 52 40 52 43 60 19 83 53 30 71 36 70 34 62 42 25 75 50 66 68 60 48 55 48 47 67 0 72 53 65 21 60 63 68 48 48 35 31 47 68 75 65 55 58 41 92 95 46 60 41 80 81 59 62 64 67 80 91 73 69 62 40 79 
100 100 100 100 100 100 100 88 100 100 99 100 100 100 100 100 78 100 76 100 100 100 96 80 100 100 100 100 100 98 100 100 89 100 100 100 100 100 100 100 100 100 80 100 100 100 100 97 100 95 80 100 86 100 100 100 100 100 100 89 100 100 100 100 0 100 100 82 100 100 100 100 100 96 100 100 100 100 100 100 95 95 71 100 100 100 100 100 68 100 95 100 100 100 100 100 100 100 74 100 
30 75 41 27 67 88 56 46 100 87 68 76 100 62 70 85 52 63 83 27 61 89 34 48 37 77 60 87 61 36 63 90 60 55 64 57 70 67 48 66 68 61 62 86 84 85 52 74 89 72 50 80 44 77 79 79 83 69 30 92 56 55 53 55 100 0 85 59 63 76 79 86 72 73 82 13 60 77 58 70 64 35 100 94 38 53 94 73 74 98 35 51 55 27 42 42 53 67 78 79 
100 100 100 99 100 92 96 81 100 100 94 100 100 100 98 100 46 98 100 98 100 96 89 83 100 94 100 100 100 78 92 100 84 100 100 95 100 100 100 93 75 100 100 100 100 100 100 100 100 66 48 74 79 100 99 94 100 100 100 87 98 100 100 83 100 94 0 53 92 100 83 80 100 67 81 100 88 100 100 87 90 73 100 100 97 100 90 100 100 100 63 100 83 100 100 100 100 72 72 100 
49 60 55 46 86 39 57 28 100 60 41 95 74 50 45 76 56 45 48 45 63 61 36 30 55 41 48 48 50 38 82 91 31 67 66 42 55 78 67 40 22 56 63 83 49 76 50 48 71 13 58 21 26 71 46 52 56 72 49 34 58 74 81 51 57 54 60 0 39 49 48 27 74 14 28 48 51 59 76 34 37 20 89 96 44 71 37 91 81 55 53 65 73 68 83 70 91 63 19 58 
75 100 67 92 100 85 69 61 100 72 75 100 86 84 79 99 100 91 58 91 46 89 79 62 100 87 82 71 62 81 100 100 71 99 100 88 98 100 98 86 68 68 75 100 61 88 96 92 80 59 100 67 72 100 58 86 82 84 80 71 98 100 94 91 80 93 73 46 0 83 76 73 100 60 74 94 97 100 100 80 71 66 53 100 83 100 49 100 75 67 99 97 100 96 100 100 100 76 65 100 
75 62 53 72 100 25 63 64 90 71 57 76 100 66 61 89 55 43 34 31 61 13 66 38 41 70 64 74 65 51 68 79 47 67 79 68 81 54 35 68 72 80 65 98 91 72 55 52 95 75 57 40 62 90 72 3 72 76 63 78 71 42 86 59 100 55 11 62 68 0 67 86 85 60 69 68 53 57 50 63 53 53 100 100 16 55 81 65 53 81 39 55 59 39 54 54 65 25 81 77 
57 62 34 54 94 78 63 65 90 71 58 78 100 67 63 92 55 43 67 84 61 13 61 67 66 70 65 74 85 63 56 79 80 48 91 50 63 54 35 66 84 82 65 79 91 72 45 76 85 75 43 74 63 92 72 69 73 62 57 85 83 42 72 78 100 79 77 62 56 66 0 86 85 60 69 56 53 57 50 63 85 78 62 100 16 55 81 65 53 91 72 75 62 20 35 35 46 59 81 79 
74 100 66 87 100 63 95 84 100 87 87 89 100 57 69 82 98 92 72 69 100 62 78 76 79 85 94 70 61 64 95 100 85 100 92 83 31 92 84 51 100 96 93 90 89 100 23 35 100 92 96 53 82 100 86 60 100 59 76 96 84 91 69 94 100 80 100 79 65 95 80 0 88 93 100 89 68 100 65 78 83 91 100 100 65 60 77 80 81 94 77 90 96 88 100 100 100 38 81 98 
28 34 41 47 77 28 50 38 40 54 8 87 67 17 56 52 64 57 37 34 69 29 22 25 44 45 15 24 44 24 65 95 48 49 52 43 56 4 50 53 56 50 53 50 43 49 71 41 81 47 51 42 36 54 40 19 23 64 50 53 44 57 57 37 62 40 27 34 43 16 58 61 0 48 41 49 28 71 25 38 53 40 64 82 32 20 31 40 41 49 42 50 56 55 70 70 65 41 53 80 
35 71 58 32 72 78 61 14 100 84 58 81 93 67 62 100 57 61 63 46 76 79 22 16 56 85 65 80 61 24 83 95 48 53 52 28 41 64 53 54 68 66 54 87 89 73 74 71 57 59 59 64 12 97 70 69 73 64 35 80 44 60 74 53 100 40 73 46 61 66 91 73 60 0 73 34 74 75 71 80 54 31 100 82 43 66 83 80 80 89 54 51 74 67 82 82 77 49 65 84 
57 75 62 54 94 17 64 56 100 50 49 98 57 58 53 81 79 71 26 23 81 41 61 30 33 73 56 85 57 46 60 93 39 67 74 57 70 82 63 60 64 72 70 91 72 81 52 44 97 85 50 82 54 82 75 60 37 68 57 70 66 70 78 51 91 47 68 72 71 57 85 79 79 48 0 60 56 85 54 66 45 45 61 100 44 49 92 69 70 94 31 47 51 50 65 42 76 67 78 69 
45 62 53 51 91 86 80 33 100 100 77 98 100 86 81 100 76 80 70 65 48 98 41 35 75 100 84 99 78 43 100 93 67 72 71 47 60 83 72 73 87 76 73 98 100 92 92 90 76 78 78 82 31 64 89 88 92 83 54 99 63 79 93 93 100 59 92 65 80 85 100 88 79 79 69 0 93 94 90 93 73 22 100 100 53 85 100 99 77 100 73 70 93 86 100 100 96 68 84 78 
30 62 37 27 64 52 47 55 92 33 36 76 63 45 40 70 49 62 61 58 56 40 34 31 68 17 43 42 32 36 73 90 31 68 64 23 36 57 38 54 39 29 53 78 38 68 48 70 90 54 51 52 53 83 19 30 51 76 27 32 56 45 67 68 57 52 38 41 15 27 47 68 72 55 69 29 0 76 63 10 32 46 68 73 38 58 49 78 75 38 66 22 65 66 48 61 69 37 60 76 
51 62 45 48 88 64 31 30 87 69 45 97 80 54 49 91 73 77 73 33 88 52 9 32 43 44 52 71 67 11 70 100 35 69 39 44 57 51 69 41 61 65 37 87 74 89 75 54 73 52 75 60 28 100 55 42 60 51 51 68 31 76 61 61 93 27 50 39 42 39 83 66 47 53 60 40 54 0 58 37 41 47 95 69 55 53 76 73 74 74 41 57 61 54 69 69 80 64 58 97 
25 52 16 22 62 55 50 50 95 36 39 71 66 48 43 61 47 65 64 53 59 43 29 34 63 20 46 45 35 31 40 85 34 71 59 18 31 60 41 57 42 32 56 61 41 63 51 71 93 49 49 55 48 86 22 33 54 71 25 35 51 48 65 71 60 47 41 36 18 30 50 36 67 50 59 24 3 79 0 13 35 46 71 76 33 51 52 15 70 41 61 25 31 69 51 64 67 40 55 74 
20 57 48 17 54 42 43 45 90 50 31 66 74 40 35 87 39 60 51 48 51 30 24 23 58 7 38 59 49 26 69 80 21 58 54 13 26 54 35 56 53 46 49 73 55 58 38 66 85 44 41 52 43 79 36 20 46 66 17 49 46 42 57 76 74 42 28 31 5 17 64 58 62 45 59 19 17 74 60 0 27 38 58 63 28 55 54 75 65 55 56 39 62 56 65 71 59 42 50 66 
65 30 65 62 100 24 59 47 95 83 4 83 94 13 8 88 66 55 33 30 73 25 55 21 40 73 11 79 64 19 67 91 31 58 47 61 69 59 46 49 71 58 65 46 91 83 67 51 90 80 47 52 45 89 72 15 19 59 65 77 39 53 69 58 68 35 23 67 65 12 79 79 55 70 37 48 56 69 53 66 0 36 98 100 28 56 86 68 65 91 38 54 58 51 66 66 61 37 70 76 
32 40 55 29 69 64 58 11 97 81 55 76 90 64 59 100 54 58 48 43 73 76 19 13 53 82 62 77 58 21 80 71 45 50 49 25 38 61 50 51 65 63 51 84 86 70 71 68 54 56 56 60 9 94 67 66 70 61 32 77 41 57 71 71 100 37 70 43 58 63 87 70 57 57 47 31 71 72 68 77 51 0 100 79 40 63 80 77 77 86 51 48 71 64 79 79 74 46 62 81 
56 54 59 53 93 48 80 35 100 80 28 100 100 37 32 100 61 54 5 54 72 49 43 9 64 78 35 85 54 43 59 95 18 46 71 49 62 83 70 64 61 69 75 70 98 94 81 72 52 67 63 75 33 61 91 39 43 31 56 49 63 77 41 67 92 59 47 67 37 36 90 58 79 81 61 55 78 68 75 82 24 24 0 92 52 70 86 75 89 81 62 44 82 75 85 90 85 61 53 48 
26 40 54 23 60 26 29 39 91 56 37 72 11 46 41 49 45 54 35 32 57 36 25 29 42 13 44 50 55 27 30 86 27 64 55 19 32 60 41 57 59 52 35 70 61 46 44 44 59 50 47 58 37 85 42 26 21 36 23 55 47 48 46 16 80 43 34 37 11 23 70 64 63 25 33 25 23 68 41 6 33 44 64 0 34 41 57 56 62 61 40 45 60 62 42 75 20 48 56 72 
78 100 89 75 100 87 100 57 100 55 92 68 100 67 96 98 100 96 96 89 100 68 65 59 99 92 65 99 100 67 100 63 82 96 95 71 84 100 90 82 73 100 49 91 100 100 39 66 100 64 98 69 55 100 97 76 100 90 78 85 87 97 100 100 100 76 100 51 90 100 55 78 100 65 79 77 84 100 81 85 88 71 100 100 0 76 88 96 37 100 97 94 100 75 90 90 100 54 70 100 
30 57 21 27 57 58 47 41 70 41 38 76 71 47 48 66 52 70 67 58 64 48 34 39 52 25 45 50 40 36 45 90 39 76 39 23 36 34 46 37 47 37 33 66 46 64 56 21 84 48 54 56 39 84 27 38 53 45 30 40 31 53 55 34 65 52 46 35 23 35 55 41 30 49 63 29 8 84 5 18 40 51 76 81 38 0 57 20 21 46 66 30 36 74 56 69 72 45 54 79 
26 52 18 52 68 38 20 34 100 23 26 78 37 35 30 50 53 64 47 44 67 40 30 21 54 69 33 22 13 32 63 97 53 58 60 48 49 68 49 44 50 19 26 63 12 39 72 43 70 41 55 42 32 63 9 37 33 67 31 22 52 56 55 42 31 44 24 28 66 34 27 55 68 42 56 45 77 78 74 62 22 28 68 90 34 69 0 89 71 18 52 56 72 47 62 62 73 27 47 76 
66 52 34 63 93 72 57 59 84 77 52 94 100 50 56 46 49 100 54 54 100 73 66 58 64 61 59 68 76 67 25 100 42 93 75 59 72 48 47 73 78 73 63 79 82 78 92 57 100 69 51 77 57 100 63 63 67 81 66 63 67 36 51 70 100 78 71 56 59 60 81 77 66 70 59 65 44 100 41 54 48 73 98 100 74 36 75 0 57 72 62 66 16 99 51 100 100 75 75 91 
41 74 59 38 78 53 67 20 100 51 55 87 88 64 59 90 63 59 62 52 77 75 28 22 62 55 62 62 64 30 89 100 45 59 58 34 47 70 59 45 36 70 12 93 63 79 64 29 63 27 65 35 18 85 60 66 70 53 41 48 50 66 63 65 71 46 74 14 53 63 62 41 66 28 42 40 65 73 77 48 51 34 100 88 49 72 51 86 0 69 60 57 80 73 88 84 83 55 33 72 
8 61 29 36 76 49 31 18 90 34 35 84 48 36 39 32 61 52 40 36 49 22 12 20 46 55 42 4 24 14 45 79 38 57 42 32 45 54 44 44 36 28 37 69 23 50 54 54 61 27 52 35 16 45 20 36 44 54 39 33 34 51 37 53 42 30 35 14 53 33 9 41 50 28 42 37 62 66 59 48 31 34 71 72 16 56 11 74 53 0 44 55 64 29 44 44 55 36 33 72 
55 44 61 52 89 68 33 47 88 58 56 98 88 54 57 50 53 86 58 58 81 65 55 49 56 42 63 54 57 15 29 100 46 86 43 48 61 52 51 45 63 54 39 87 63 50 73 56 90 54 55 62 45 95 44 55 71 55 52 57 35 40 55 20 82 31 63 41 40 52 64 68 51 55 51 44 25 77 45 35 52 61 93 98 63 40 61 60 61 63 0 47 20 58 55 73 84 62 60 95 
33 58 15 71 90 52 79 53 100 36 32 84 100 41 36 90 75 40 61 58 34 53 37 27 65 86 39 93 10 39 95 100 59 64 67 67 80 79 71 69 17 25 75 60 92 100 78 75 68 82 75 48 51 100 92 43 47 79 53 84 59 78 89 86 67 55 44 77 72 40 75 99 75 91 65 68 84 54 81 79 28 42 100 97 39 81 99 91 63 89 66 0 86 79 94 94 89 33 88 89 
50 36 41 47 77 56 41 43 68 61 36 78 91 34 40 30 33 85 38 62 84 57 50 42 72 45 43 52 60 51 9 100 26 77 59 43 56 32 31 57 62 57 47 67 66 62 76 41 86 53 35 61 41 88 47 47 51 65 50 47 51 20 35 54 85 67 55 40 43 44 65 61 50 54 43 49 28 99 25 38 32 57 82 100 58 20 59 40 41 56 50 50 0 83 35 85 92 59 59 75 
37 80 14 34 74 71 63 58 97 69 54 58 99 54 43 84 43 36 80 65 54 65 41 60 46 60 52 78 69 43 36 97 66 28 71 30 43 74 55 46 70 65 69 59 74 75 25 68 65 61 23 55 56 99 55 62 66 42 37 68 63 62 52 58 93 59 73 48 36 62 52 75 73 62 68 36 50 50 47 60 68 58 89 100 45 47 85 62 68 74 60 59 78 0 15 15 26 40 64 86 
64 100 65 61 100 100 90 43 100 97 87 43 100 45 91 100 86 87 92 75 100 100 51 45 85 100 94 100 90 53 87 100 77 79 81 57 70 93 82 83 90 93 66 78 100 100 76 83 86 81 74 89 41 100 83 98 100 93 64 96 73 89 100 100 100 69 100 68 87 95 100 95 89 57 96 63 87 100 84 97 83 60 100 100 72 95 100 99 100 100 83 80 100 51 0 66 77 78 87 100 
22 79 50 19 59 58 48 47 95 54 57 68 84 39 61 69 44 78 67 50 63 56 26 47 60 72 37 63 54 28 74 82 52 84 56 15 28 59 40 31 55 50 54 72 59 60 10 67 90 46 8 40 45 84 40 47 72 68 22 53 48 47 62 78 78 44 71 33 70 65 43 60 64 47 53 21 55 90 52 65 53 43 80 86 30 47 70 67 67 59 58 44 67 63 78 0 64 25 52 71 
46 54 37 43 78 48 45 59 71 57 28 65 87 37 64 82 68 79 57 54 68 49 50 45 64 41 35 61 56 52 10 100 55 80 60 39 52 55 62 58 63 53 51 70 62 62 72 42 39 66 70 73 57 100 43 39 43 16 46 53 52 69 26 32 80 68 47 53 22 36 66 57 51 54 61 45 24 93 21 34 56 60 75 97 52 21 68 36 42 57 62 46 52 73 22 85 0 61 38 95 
64 77 66 69 100 33 66 72 100 86 65 51 100 74 69 88 74 62 42 39 80 32 68 46 49 70 72 60 73 26 76 98 55 83 54 68 81 66 54 56 80 82 72 100 78 91 74 42 100 79 76 15 70 73 72 22 80 66 72 85 46 61 76 65 97 42 75 70 68 73 42 70 62 65 75 55 53 76 50 63 61 61 100 100 35 58 66 65 72 56 47 63 67 58 73 73 84 0 82 60 
34 91 62 77 100 87 80 59 100 91 67 100 100 47 34 89 92 77 96 62 75 88 38 61 72 100 74 61 81 40 99 100 57 98 68 73 42 80 98 70 84 65 86 80 80 100 58 100 100 84 94 88 57 100 77 78 82 80 80 15 60 100 90 90 99 56 86 71 86 75 89 98 76 85 89 69 90 91 87 100 63 76 100 98 42 82 68 100 74 80 70 86 90 83 98 98 100 73 0 100 
41 43 32 46 86 45 32 37 100 53 47 95 55 56 51 81 71 51 54 51 69 67 45 39 61 47 54 53 27 47 74 97 37 76 59 51 41 71 59 16 28 62 38 77 55 49 33 45 80 19 61 27 35 13 52 58 62 69 49 37 67 66 79 19 57 63 66 40 45 55 54 10 67 54 50 57 57 65 75 40 43 26 70 44 49 70 43 90 86 61 59 60 79 74 86 89 64 48 22 0 
