100 100
99
2 4 35 7 45
2 56 575 59 583
2 89 874 88 884
2 20 208 23 215
2 65 643 64 646
2 99 966 98 973
2 68 697 71 701
2 22 234 25 240
2 45 428 44 431
2 8 87 11 91
2 97 955 96 957
2 42 411 45 421
2 51 496 50 499
2 34 336 37 337
2 19 167 18 168
2 94 941 97 948
2 44 435 47 442
2 48 484 51 491
2 35 332 34 336
2 85 835 84 844
2 2 27 5 32
2 98 974 100 977
2 36 359 39 361
2 25 240 24 242
2 50 501 53 505
2 13 118 12 124
2 15 140 14 145
2 24 247 27 251
2 63 627 62 633
2 74 749 77 750
2 73 725 72 726
2 83 814 82 818
2 54 553 57 556
2 78 782 81 783
2 81 788 80 798
2 64 655 67 661
2 31 292 30 294
2 91 898 90 903
2 10 106 13 116
2 18 174 21 180
2 21 189 20 199
2 72 726 75 734
2 52 521 55 531
2 11 97 10 101
2 70 715 73 717
2 60 621 63 625
2 39 365 38 373
2 79 777 78 780
2 49 473 48 479
2 41 382 40 387
2 30 303 33 310
2 9 77 8 84
2 61 611 60 618
2 27 260 26 262
2 17 149 16 152
2 71 701 70 711
2 14 146 17 149
2 55 535 54 545
2 6 65 9 68
2 33 310 32 319
2 23 217 22 225
2 69 683 68 692
2 1 3 3 10
2 95 931 94 938
2 38 373 41 377
2 66 680 69 682
2 87 863 86 864
2 12 130 15 137
2 5 33 4 35
2 90 904 93 905
2 88 886 91 893
2 76 768 79 773
2 59 586 58 594
2 93 914 92 917
2 62 633 65 642
2 43 404 42 409
2 29 276 28 278
2 3 13 2 22
2 57 560 56 568
2 26 264 29 272
2 7 54 6 59
2 67 670 66 674
2 47 442 46 452
2 37 345 36 352
2 16 152 19 160
2 96 959 99 960
2 58 601 61 606
2 40 394 43 400
2 86 869 89 873
2 82 821 85 829
2 32 324 35 325
2 28 284 31 290
2 46 459 49 469
2 84 850 87 854
2 53 511 52 520
2 75 737 74 741
2 92 919 95 922
2 80 803 83 813
2 77 757 76 767
