20 13
24
12 1 50839 2 50916 3 50963 4 51026 6 51086 7 51119 10 51192 12 51213 15 51261 17 51286 18 51363 20 51435
14 1 70293 4 70370 5 70466 6 70503 7 70560 8 70624 12 70676 13 70736 14 70822 15 70874 16 70950 17 71010 18 71039 19 71114
4 19 49248 17 49341 11 49366 10 49457
9 20 18904 17 18956 15 19027 11 19123 9 19146 7 19229 6 19278 5 19289 1 19367
4 1 125052 6 125138 7 125181 13 125275
3 10 45521 5 45551 2 45654
6 9 64935 10 65010 11 65096 14 65180 18 65190 20 65203
20 1 110903 2 110988 3 111057 4 111141 5 111164 6 111183 7 111276 8 111296 9 111367 10 111439 11 111529 12 111545 13 111623 14 111700 15 111792 16 111840 17 111898 18 111920 19 111931 20 111962
11 20 105786 18 105826 16 105854 15 105951 13 106022 11 106055 10 106137 8 106167 7 106210 3 106282 1 106330
17 1 81103 2 81167 4 81229 5 81236 6 81287 7 81331 8 81382 9 81485 10 81540 11 81610 12 81666 13 81762 14 81813 17 81912 18 81951 19 82028 20 82064
14 1 93567 2 93644 4 93670 5 93734 6 93765 8 93798 10 93875 11 93909 13 93945 14 94002 16 94104 18 94179 19 94264 20 94269
13 1 70619 3 70664 5 70745 6 70776 7 70793 8 70811 9 70816 10 70884 13 70980 16 70997 17 71036 18 71079 19 71121
17 20 123304 19 123371 18 123460 17 123507 16 123577 15 123645 14 123726 13 123828 12 123882 11 123905 10 123940 8 123968 7 124072 5 124150 4 124210 3 124291 1 124304
9 17 60696 16 60777 15 60782 14 60795 11 60848 9 60865 8 60899 5 60952 3 61030
12 2 28011 3 28103 4 28120 5 28199 8 28266 9 28341 11 28367 12 28464 13 28563 14 28632 16 28678 19 28704
4 13 70698 12 70746 8 70794 6 70819
14 1 60414 3 60433 4 60444 5 60525 6 60596 7 60612 8 60666 11 60718 12 60782 14 60820 15 60896 17 60904 18 60942 19 61011
7 19 36288 17 36344 15 36437 11 36507 10 36566 9 36628 2 36671
10 20 77952 16 78024 15 78101 13 78140 11 78169 10 78258 9 78346 5 78388 4 78427 3 78503
20 20 116676 19 116704 18 116780 17 116809 16 116880 15 116890 14 116900 13 116986 12 117014 11 117041 10 117125 9 117226 8 117262 7 117323 6 117383 5 117449 4 117454 3 117534 2 117556 1 117597
11 1 108031 2 108108 3 108179 7 108250 9 108291 11 108382 15 108405 17 108418 18 108461 19 108557 20 108645
13 2 115629 3 115719 5 115757 7 115790 8 115834 9 115886 10 115893 12 115901 13 115928 14 115966 18 115998 19 116086 20 116162
17 1 85610 2 85673 3 85726 4 85789 6 85837 9 85891 10 85932 11 85986 12 86016 13 86036 14 86103 15 86181 16 86284 17 86301 18 86347 19 86374 20 86423
10 17 98425 15 98525 13 98560 12 98615 10 98688 8 98723 7 98730 5 98807 4 98837 3 98890
