40 22
30
35 40 44635 38 44697 37 44734 36 44751 34 44804 33 44891 32 44939 30 45033 29 45057 28 45105 27 45172 26 45183 25 45268 23 45274 22 45337 21 45438 20 45500 19 45565 18 45625 17 45698 16 45761 15 45797 14 45901 13 46003 12 46024 11 46084 10 46110 9 46140 8 46232 7 46279 6 46358 5 46455 4 46468 2 46490 1 46589
21 40 48960 36 48972 34 49053 33 49118 31 49136 30 49153 25 49163 24 49213 23 49316 22 49365 21 49441 20 49446 17 49531 16 49601 13 49625 12 49654 11 49700 10 49737 8 49803 6 49863 4 49872
10 2 74536 5 74605 12 74688 24 74778 25 74858 27 74947 29 75040 30 75058 31 75070 35 75160
22 1 33072 4 33121 9 33217 11 33297 13 33335 14 33433 16 33480 18 33540 20 33624 21 33657 22 33730 23 33822 25 33913 26 33921 27 33957 28 33986 29 34013 31 34055 33 34155 34 34232 36 34237 40 34256
30 1 49077 2 49178 3 49242 4 49280 6 49286 8 49336 9 49428 11 49440 12 49485 13 49527 14 49588 15 49659 16 49747 17 49795 19 49859 20 49864 21 49874 22 49897 23 49933 24 49959 25 49982 28 50018 29 50057 30 50109 33 50131 34 50139 35 50147 37 50152 38 50207 39 50212
12 2 50186 6 50229 9 50324 10 50363 11 50382 13 50421 20 50460 22 50563 27 50580 29 50646 34 50710 39 50721
27 37 110377 34 110426 33 110432 31 110441 30 110465 29 110510 27 110587 26 110686 25 110786 24 110827 23 110914 22 110922 21 110935 18 110976 17 111030 16 111127 15 111181 14 111197 13 111296 11 111329 8 111414 7 111476 6 111556 5 111586 4 111629 3 111730 2 111834
15 40 53056 39 53131 36 53136 32 53226 27 53269 24 53312 21 53404 17 53452 16 53538 14 53586 11 53635 8 53736 7 53758 5 53777 2 53872
28 2 8347 4 8401 6 8504 9 8540 10 8568 11 8574 13 8606 16 8670 17 8717 18 8771 19 8808 20 8880 21 8920 22 8958 23 9011 25 9104 28 9167 29 9253 30 9350 31 9404 32 9431 33 9449 34 9543 35 9566 36 9601 37 9614 39 9717 40 9758
5 3 66905 8 66987 11 67090 14 67108 31 67167
24 3 82872 4 82931 5 83006 6 83033 7 83107 10 83114 11 83140 13 83158 15 83206 17 83247 19 83345 21 83418 22 83428 23 83470 24 83521 26 83553 28 83578 30 83613 31 83705 32 83714 33 83794 34 83813 36 83909 39 83983
7 35 86092 30 86190 25 86292 19 86378 14 86452 10 86491 7 86526
29 1 37524 2 37593 3 37655 4 37677 6 37731 7 37828 10 37882 11 37932 12 37957 15 37981 16 37990 18 38006 19 38084 20 38102 21 38128 22 38209 23 38232 24 38276 25 38290 27 38374 29 38470 30 38549 31 38556 32 38587 34 38592 36 38691 38 38752 39 38758 40 38814
34 1 23040 2 23061 4 23103 5 23130 7 23164 8 23215 9 23236 10 23299 11 23370 12 23452 13 23494 14 23521 15 23605 16 23670 17 23683 18 23703 20 23756 21 23827 22 23866 23 23964 25 24067 26 24137 27 24194 28 24258 29 24280 30 24355 31 24366 33 24433 35 24511 36 24534 37 24613 38 24669 39 24741 40 24807
31 40 90025 39 90044 38 90148 37 90226 36 90244 35 90275 34 90374 33 90456 32 90482 30 90542 29 90556 28 90653 25 90690 24 90703 21 90801 20 90808 19 90869 18 90945 17 90952 16 90974 15 91011 11 91088 9 91113 8 91142 7 91187 6 91252 5 91289 4 91336 3 91427 2 91497 1 91531
38 1 98381 2 98409 3 98512 4 98521 6 98607 7 98698 8 98734 9 98835 10 98858 12 98937 13 98995 14 99068 15 99171 16 99270 17 99286 18 99300 19 99319 20 99372 21 99448 22 99460 23 99506 24 99582 25 99606 26 99644 27 99680 28 99761 29 99782 30 99803 31 99858 32 99909 33 99972 34 100020 35 100063 36 100082 37 100102 38 100159 39 100223 40 100254
23 5 67528 7 67572 9 67676 11 67727 12 67826 13 67832 14 67842 15 67931 17 67982 20 68037 21 68096 22 68187 25 68212 26 68283 27 68355 28 68392 29 68423 30 68479 31 68506 33 68602 34 68703 37 68760 38 68822
27 5 50919 6 50979 7 51075 8 51176 9 51201 10 51243 11 51252 12 51310 13 51365 14 51424 16 51474 17 51528 18 51536 19 51601 21 51647 22 51662 25 51695 27 51764 30 51843 31 51918 32 51929 33 52031 34 52096 36 52125 37 52150 38 52182 40 52201
29 2 50339 3 50393 5 50478 6 50497 8 50568 10 50589 11 50606 13 50701 14 50735 15 50760 16 50815 17 50869 19 50892 21 50962 22 51060 23 51149 24 51184 26 51238 27 51243 28 51313 29 51398 30 51498 32 51576 33 51649 34 51672 36 51704 37 51807 38 51906 39 51951
28 2 105578 3 105641 4 105735 5 105773 7 105790 8 105813 9 105904 11 105988 12 106058 13 106152 15 106227 18 106302 19 106341 20 106432 21 106536 23 106548 25 106595 26 106678 27 106686 28 106730 29 106810 33 106835 34 106876 35 106961 36 107001 37 107024 38 107113 39 107157
3 33 110358 30 110418 22 110475
28 2 34015 3 34045 6 34061 7 34117 9 34131 10 34146 11 34239 12 34248 13 34259 14 34350 15 34358 16 34421 17 34486 19 34557 20 34661 24 34689 25 34739 26 34841 27 34901 29 34990 31 35089 32 35182 35 35202 36 35222 37 35263 38 35280 39 35367 40 35393
10 34 75391 31 75477 30 75535 28 75611 27 75662 24 75674 21 75700 14 75749 10 75852 5 75862
36 40 56593 39 56614 38 56634 37 56644 36 56728 35 56743 34 56813 33 56864 32 56894 31 56990 30 57018 29 57036 28 57072 27 57095 26 57192 25 57208 24 57217 23 57227 21 57299 19 57373 16 57474 15 57522 14 57563 13 57635 12 57688 11 57760 10 57803 9 57812 8 57859 7 57942 6 58044 5 58109 4 58170 3 58227 2 58310 1 58386
12 1 23645 17 23687 19 23755 20 23777 22 23879 26 23962 29 24061 33 24153 34 24164 35 24229 36 24243 37 24248
7 3 46091 21 46193 23 46276 24 46359 30 46388 32 46490 36 46539
3 23 81094 14 81168 8 81203
9 5 48510 6 48585 14 48679 17 48764 24 48784 28 48887 34 48905 35 49008 40 49076
39 40 88057 39 88081 38 88088 37 88178 36 88276 35 88309 34 88336 33 88396 32 88449 31 88525 30 88581 29 88626 28 88685 27 88714 26 88754 25 88856 24 88954 23 89031 22 89087 21 89110 20 89168 19 89212 18 89278 17 89291 16 89370 15 89462 13 89493 12 89528 11 89586 10 89652 9 89725 8 89747 7 89805 6 89907 5 89919 4 89978 3 90000 2 90013 1 90042
39 1 67438 2 67445 3 67518 4 67585 5 67600 6 67698 7 67802 8 67867 9 67935 10 68034 11 68088 12 68129 13 68190 14 68225 15 68312 16 68375 17 68418 18 68466 19 68524 20 68539 21 68599 22 68668 23 68691 24 68766 25 68807 26 68847 27 68945 28 68951 29 69015 30 69085 31 69164 32 69181 33 69192 34 69231 35 69334 36 69376 38 69400 39 69482 40 69487
