100 55
100
75 1 44744 4 44828 5 44906 6 44937 7 44949 9 44969 11 44981 12 44988 14 45088 15 45141 16 45195 17 45218 18 45263 19 45303 21 45324 24 45369 25 45453 26 45467 27 45525 28 45588 29 45679 32 45697 33 45731 35 45808 36 45894 37 45937 39 45977 41 46046 42 46098 43 46117 44 46186 45 46208 46 46308 47 46326 49 46375 50 46425 51 46436 52 46511 53 46565 55 46641 56 46689 57 46709 59 46724 60 46763 61 46780 66 46879 67 46979 68 47023 69 47041 71 47048 72 47097 73 47165 74 47186 75 47261 76 47330 78 47427 79 47480 80 47556 81 47593 83 47651 84 47726 85 47766 86 47820 87 47877 88 47978 89 47984 90 48036 91 48091 92 48170 93 48207 94 48266 96 48292 97 48313 98 48392 100 48450
89 100 26789 99 26840 98 26921 97 26982 96 27051 95 27115 94 27126 93 27226 92 27239 91 27280 90 27380 89 27425 88 27516 86 27570 85 27673 83 27682 82 27763 81 27857 80 27904 79 27935 78 27955 77 27988 76 28085 75 28149 74 28162 73 28261 71 28364 70 28394 69 28493 68 28559 67 28659 66 28762 65 28861 64 28894 63 28915 62 28973 61 29051 59 29122 58 29142 57 29157 56 29233 55 29258 54 29303 53 29356 52 29456 51 29483 50 29571 49 29647 48 29737 47 29788 44 29883 43 29953 41 30037 40 30044 38 30089 37 30148 36 30208 35 30272 34 30368 33 30434 32 30456 31 30503 30 30581 29 30612 27 30665 26 30714 25 30789 24 30841 23 30916 22 30963 21 30983 20 31011 19 31068 18 31085 17 31093 16 31135 15 31218 14 31315 13 31408 12 31418 11 31487 9 31509 8 31531 7 31600 6 31676 5 31719 4 31743 2 31843 1 31926
10 99 40574 92 40645 89 40718 87 40723 84 40807 78 40835 73 40923 57 40999 18 41085 2 41111
29 95 57392 94 57478 93 57568 88 57612 87 57642 79 57708 78 57807 70 57889 67 57906 65 57986 63 58023 57 58117 53 58185 52 58245 51 58262 44 58319 42 58357 41 58420 38 58498 36 58532 30 58577 28 58651 20 58662 17 58725 11 58793 6 58817 4 58850 3 58954 2 58982
15 6 89500 11 89552 21 89599 27 89651 52 89724 55 89798 62 89857 64 89873 70 89908 72 89967 77 90071 82 90095 87 90172 93 90183 98 90228
31 98 44699 97 44774 96 44855 94 44898 92 44922 91 44989 81 45063 78 45087 71 45094 70 45101 69 45116 67 45202 66 45290 65 45391 60 45434 55 45538 52 45601 44 45656 43 45759 41 45772 38 45854 35 45883 32 45889 28 45921 21 45931 19 46011 17 46103 16 46157 9 46211 3 46258 1 46289
48 99 68351 97 68395 96 68418 94 68506 92 68592 91 68675 90 68699 87 68738 84 68830 83 68877 81 68958 78 68998 71 69003 70 69074 68 69113 65 69190 63 69229 62 69288 61 69377 58 69410 57 69487 55 69536 54 69614 51 69690 50 69736 47 69817 46 69850 45 69931 43 70008 42 70049 41 70142 38 70176 37 70226 35 70314 33 70331 28 70394 27 70408 26 70483 25 70489 24 70586 21 70604 19 70631 18 70697 16 70754 14 70759 12 70794 10 70880 9 70896
52 3 79753 8 79836 11 79897 12 79990 15 80026 16 80090 19 80098 20 80115 25 80189 27 80229 29 80311 35 80373 36 80453 38 80492 39 80504 40 80577 42 80653 43 80665 44 80683 45 80785 46 80794 47 80815 50 80840 53 80905 55 80941 58 80971 59 80995 63 81099 64 81140 65 81202 67 81242 68 81255 71 81287 72 81345 73 81378 74 81460 76 81544 77 81593 79 81625 82 81705 83 81721 85 81745 88 81843 89 81921 90 81948 91 82010 94 82051 95 82128 96 82152 97 82205 99 82267 100 82279
13 1 110877 12 110927 13 110951 21 110969 23 111065 29 111143 54 111204 60 111217 70 111225 74 111247 78 111285 91 111319 99 111414
82 1 50112 3 50135 4 50176 5 50225 6 50260 7 50279 8 50318 9 50414 10 50463 11 50526 12 50554 13 50654 15 50670 16 50676 18 50771 19 50779 20 50811 22 50839 23 50847 25 50928 27 50978 29 51006 30 51090 31 51098 32 51120 33 51191 34 51249 35 51306 36 51326 37 51361 38 51372 39 51475 40 51515 42 51608 43 51635 45 51736 46 51776 47 51805 48 51877 50 51972 51 52031 52 52111 53 52144 54 52230 55 52238 57 52280 58 52329 60 52418 61 52462 62 52543 63 52561 64 52621 65 52689 66 52740 67 52812 68 52889 69 52980 70 53082 71 53137 73 53233 74 53315 75 53333 76 53364 77 53379 80 53453 81 53496 82 53518 83 53548 85 53650 86 53714 87 53762 88 53826 89 53923 90 53989 91 54007 92 54084 93 54135 94 54213 95 54313 98 54342 99 54394 100 54477
46 2 88937 8 89020 9 89083 10 89150 12 89165 13 89233 14 89298 15 89363 17 89467 18 89482 19 89537 20 89581 21 89670 22 89762 23 89794 24 89833 26 89893 31 89951 33 89956 34 90037 39 90059 43 90156 44 90234 48 90295 49 90382 50 90389 51 90464 56 90502 57 90538 58 90546 59 90624 61 90632 63 90649 64 90723 67 90800 70 90805 74 90905 77 90913 80 90953 84 90972 85 91076 86 91083 87 91126 91 91169 92 91231 94 91333
42 1 34447 4 34539 7 34637 8 34736 10 34836 13 34882 15 34982 17 35054 19 35063 23 35110 24 35115 27 35218 34 35239 37 35287 38 35295 40 35390 41 35423 42 35499 44 35578 46 35648 48 35745 49 35775 51 35838 54 35885 56 35909 58 35982 59 35992 62 36035 67 36099 68 36197 70 36213 71 36289 74 36321 77 36329 82 36338 86 36375 90 36406 92 36451 93 36456 96 36511 98 36535 100 36595
11 12 89886 14 89965 20 89980 21 89997 69 90089 77 90153 78 90232 85 90249 90 90301 99 90343 100 90389
85 1 47152 2 47173 3 47230 4 47242 5 47310 6 47410 7 47437 8 47472 9 47562 10 47615 11 47638 12 47700 14 47782 15 47870 16 47900 17 47972 18 48035 19 48082 20 48118 21 48215 22 48267 23 48289 24 48349 25 48401 26 48475 27 48518 28 48532 30 48628 31 48730 33 48783 34 48862 36 48947 37 49021 38 49118 39 49133 41 49139 42 49236 43 49294 44 49349 45 49446 47 49542 49 49566 50 49606 51 49697 52 49786 53 49876 54 49966 55 50021 56 50118 57 50214 58 50247 59 50333 62 50436 63 50517 64 50542 65 50548 66 50582 67 50677 68 50720 69 50782 70 50821 71 50915 73 50941 75 50956 76 51015 77 51038 78 51127 79 51219 80 51245 81 51288 82 51347 83 51360 84 51416 85 51490 86 51576 87 51606 89 51693 90 51751 91 51786 92 51832 93 51837 94 51889 95 51955 98 52042 99 52091
12 12 42299 16 42400 38 42447 40 42474 43 42541 48 42592 62 42619 66 42707 69 42740 72 42762 75 42808 92 42862
20 2 92111 3 92181 5 92238 13 92327 17 92408 27 92495 28 92586 29 92612 36 92659 39 92758 40 92844 45 92854 46 92897 49 92998 53 93084 68 93140 74 93217 84 93235 88 93269 92 93310
54 2 70944 4 71047 6 71142 7 71156 9 71204 11 71218 15 71277 17 71322 20 71413 22 71486 24 71556 26 71636 27 71716 28 71770 29 71861 30 71889 31 71951 32 71985 34 72075 36 72133 40 72165 41 72235 45 72268 47 72273 49 72294 50 72299 51 72372 52 72474 58 72555 60 72627 62 72646 64 72733 65 72823 68 72912 69 72954 71 72969 72 72986 74 73027 75 73075 76 73135 78 73148 79 73250 83 73261 85 73352 86 73367 88 73410 89 73477 91 73547 92 73641 95 73663 96 73764 97 73856 98 73930 99 73989
72 1 121521 2 121550 3 121579 4 121624 5 121709 6 121810 7 121894 8 121995 10 122090 11 122116 12 122177 13 122254 15 122290 17 122301 18 122341 20 122394 21 122433 22 122472 23 122549 24 122596 25 122666 28 122770 29 122785 30 122808 32 122893 33 122962 34 123018 35 123025 36 123074 37 123127 38 123192 40 123223 41 123264 43 123324 44 123398 46 123410 47 123507 50 123595 52 123609 54 123652 57 123721 58 123819 59 123916 60 123977 62 124058 64 124070 65 124090 67 124189 69 124216 70 124305 71 124375 74 124437 75 124484 77 124574 78 124617 80 124684 81 124740 82 124759 84 124777 85 124811 86 124833 87 124861 89 124891 90 124927 91 124956 92 125050 94 125105 95 125137 96 125194 97 125223 99 125315 100 125352
56 98 27265 95 27288 94 27390 93 27451 90 27529 89 27553 87 27630 86 27655 84 27714 83 27752 80 27840 79 27856 75 27888 74 27944 72 28048 70 28143 68 28176 66 28196 65 28206 64 28285 62 28299 61 28377 60 28410 58 28491 57 28588 55 28660 54 28736 53 28802 52 28815 50 28834 49 28886 46 28901 43 28921 41 29022 40 29069 38 29096 36 29147 34 29232 31 29284 30 29368 29 29401 27 29440 26 29487 24 29550 23 29645 21 29659 19 29690 18 29761 15 29785 12 29883 11 29901 10 29934 9 30012 8 30087 4 30143 2 30214
27 1 65597 3 65615 9 65680 10 65719 12 65789 16 65804 17 65864 24 65894 25 65980 30 66006 32 66084 33 66132 39 66186 44 66194 47 66248 55 66290 59 66343 63 66377 64 66407 74 66510 77 66559 79 66623 83 66710 85 66738 87 66838 90 66876 91 66962
83 99 25258 98 25317 97 25382 96 25392 95 25451 94 25510 93 25569 90 25623 89 25639 88 25705 87 25716 85 25783 84 25802 83 25838 81 25938 79 25981 78 26068 77 26120 76 26170 75 26266 74 26300 73 26308 72 26386 70 26419 69 26473 68 26509 67 26588 66 26661 65 26756 64 26768 63 26872 62 26966 60 27060 59 27071 58 27135 57 27176 56 27272 55 27352 54 27418 53 27450 52 27459 51 27522 50 27569 48 27624 47 27666 46 27755 45 27840 42 27871 41 27917 40 28019 39 28106 38 28188 37 28231 36 28246 35 28335 34 28387 33 28399 32 28490 31 28515 30 28563 29 28648 28 28747 27 28776 25 28874 24 28926 23 29018 21 29115 19 29174 18 29258 17 29270 16 29289 15 29307 14 29333 13 29341 12 29396 10 29454 9 29475 8 29507 6 29518 4 29605 3 29661 2 29702 1 29745
54 7 56357 9 56392 11 56417 16 56473 18 56559 20 56588 23 56656 24 56680 25 56686 26 56743 27 56816 29 56881 30 56979 32 56987 33 57072 34 57124 35 57201 36 57263 37 57318 39 57384 40 57404 44 57488 46 57507 48 57557 49 57627 51 57649 52 57685 53 57705 54 57779 56 57793 58 57798 59 57832 61 57921 62 58002 66 58078 69 58108 75 58168 76 58223 77 58323 78 58413 80 58489 82 58578 83 58678 84 58750 88 58781 89 58814 91 58868 92 58897 93 58965 95 59033 96 59051 97 59063 98 59138 99 59191
33 99 50306 95 50385 92 50424 86 50484 81 50538 79 50590 78 50618 76 50713 75 50760 72 50823 70 50905 69 50980 65 51003 61 51066 58 51147 55 51166 53 51215 51 51258 50 51311 47 51322 40 51355 39 51372 36 51410 35 51436 33 51458 27 51549 25 51599 16 51680 15 51753 14 51818 10 51880 4 51930 1 52034
68 3 79990 4 80086 5 80163 6 80208 7 80301 8 80395 9 80496 11 80545 14 80632 15 80647 16 80718 17 80743 18 80847 19 80897 20 80976 21 81002 22 81030 23 81054 25 81106 26 81176 28 81214 29 81231 32 81300 33 81315 35 81340 38 81413 40 81442 44 81543 45 81631 46 81691 50 81743 51 81788 52 81856 54 81902 55 81907 56 81974 58 82031 59 82047 61 82129 62 82204 64 82291 66 82330 67 82409 68 82457 69 82553 71 82612 72 82657 73 82729 74 82746 75 82817 76 82919 79 82966 81 83009 82 83015 83 83079 85 83136 86 83199 88 83231 89 83324 90 83382 92 83451 93 83502 94 83576 95 83623 97 83703 98 83752 99 83759 100 83772
30 99 99333 98 99384 94 99401 90 99483 88 99572 87 99598 82 99676 70 99742 66 99773 65 99800 64 99833 61 99897 59 99926 57 100008 54 100025 50 100129 48 100209 43 100276 42 100341 36 100381 35 100478 33 100580 31 100608 28 100630 23 100701 20 100800 19 100806 18 100852 17 100916 12 100987
33 94 31590 89 31636 87 31728 86 31819 83 31860 75 31900 72 31941 70 32034 66 32104 64 32171 62 32247 56 32299 55 32361 53 32440 49 32495 42 32514 41 32610 39 32713 37 32737 35 32780 31 32838 28 32849 23 32904 22 32918 21 32967 19 33066 18 33099 13 33180 6 33262 4 33335 3 33425 2 33498 1 33557
66 1 110532 2 110604 3 110706 7 110711 9 110766 10 110805 11 110855 12 110895 14 110988 16 111038 17 111107 21 111135 22 111223 23 111265 27 111328 28 111404 29 111444 30 111507 31 111598 32 111669 34 111737 35 111750 36 111820 37 111854 40 111885 42 111954 43 112034 44 112057 45 112070 47 112107 48 112132 49 112147 51 112181 53 112189 54 112204 55 112276 56 112333 57 112355 58 112412 59 112490 61 112589 62 112638 63 112718 64 112735 66 112818 67 112871 70 112898 71 112914 72 112987 73 113084 74 113171 75 113246 76 113330 78 113428 80 113492 82 113547 83 113607 86 113657 89 113737 90 113743 92 113802 93 113871 96 113957 97 114003 99 114100 100 114120
14 99 61520 98 61572 90 61581 68 61635 64 61675 63 61693 50 61725 47 61814 42 61880 39 61965 35 62047 27 62128 25 62192 5 62203
67 100 96135 99 96171 98 96207 96 96290 93 96295 92 96392 91 96458 90 96501 89 96543 88 96623 87 96696 85 96724 84 96736 83 96772 82 96867 79 96958 78 96979 77 97005 76 97071 75 97103 74 97109 72 97160 70 97202 69 97278 68 97297 67 97356 65 97369 64 97462 63 97497 61 97599 60 97646 58 97681 57 97779 55 97805 54 97817 52 97834 51 97841 50 97858 49 97937 47 97988 46 97993 45 98037 43 98133 42 98222 41 98268 38 98333 34 98429 33 98502 31 98527 29 98616 28 98687 26 98758 25 98766 24 98778 23 98797 16 98849 15 98949 14 99015 13 99080 11 99118 10 99157 8 99211 6 99311 5 99331 4 99425 2 99482 1 99564
40 2 44559 3 44645 4 44749 5 44846 7 44904 8 44935 9 45008 15 45092 16 45141 19 45211 20 45262 25 45321 26 45367 29 45379 31 45385 32 45398 37 45465 38 45551 49 45578 51 45626 52 45677 53 45720 55 45819 57 45850 59 45878 60 45968 65 46001 66 46046 68 46077 70 46120 71 46222 77 46283 80 46315 83 46407 85 46463 87 46477 93 46541 95 46575 97 46591 98 46641
71 100 83688 99 83715 98 83759 97 83779 96 83833 95 83872 93 83927 92 83959 91 84007 90 84057 88 84134 87 84192 86 84224 85 84325 84 84369 83 84424 82 84525 81 84543 80 84566 78 84625 77 84636 76 84651 74 84705 71 84758 70 84803 69 84852 66 84935 64 85021 62 85097 61 85143 60 85165 58 85240 56 85324 54 85426 52 85448 50 85547 49 85647 48 85681 47 85707 45 85775 44 85867 43 85881 42 85927 41 85973 40 85986 39 86024 38 86106 36 86144 35 86215 34 86307 33 86373 31 86443 27 86545 26 86572 25 86589 24 86627 23 86668 22 86725 21 86755 20 86859 19 86899 18 86931 16 86959 14 87002 13 87062 10 87118 8 87176 6 87269 4 87316 3 87371 2 87389
46 100 50182 98 50228 96 50286 94 50364 93 50449 92 50544 91 50559 90 50600 88 50671 87 50758 84 50846 82 50916 81 51008 80 51097 75 51106 74 51192 69 51201 66 51281 61 51359 59 51440 58 51505 57 51514 54 51570 53 51614 50 51623 49 51668 46 51728 45 51770 43 51850 36 51872 34 51941 30 51990 28 52085 26 52141 24 52206 21 52237 18 52291 17 52379 15 52428 14 52461 13 52512 11 52609 8 52624 5 52664 3 52703 2 52760
75 1 15127 2 15158 3 15164 5 15265 7 15284 8 15320 9 15359 10 15429 11 15466 12 15495 13 15518 15 15554 16 15567 18 15648 19 15669 21 15770 22 15822 23 15914 25 15938 26 15965 27 16012 28 16046 29 16055 32 16136 33 16191 34 16237 35 16296 36 16320 37 16394 38 16467 39 16543 40 16572 41 16651 42 16665 44 16678 47 16711 48 16747 49 16799 52 16815 53 16888 54 16989 55 17047 56 17079 57 17125 58 17226 59 17322 60 17364 61 17467 62 17484 63 17566 66 17594 68 17665 69 17704 73 17761 74 17817 75 17854 76 17913 77 18005 78 18074 80 18151 81 18170 82 18195 83 18296 84 18380 87 18414 89 18419 90 18470 93 18508 94 18554 95 18646 96 18744 97 18768 98 18868 99 18893 100 18933
83 99 96309 98 96338 97 96379 95 96458 94 96466 92 96504 91 96570 90 96671 88 96770 87 96822 86 96921 85 96992 84 97031 83 97073 82 97152 81 97197 78 97215 76 97245 74 97341 73 97391 72 97396 71 97463 70 97481 69 97493 68 97546 67 97592 66 97625 65 97635 63 97724 62 97738 61 97749 60 97820 59 97887 58 97896 57 97958 56 97978 55 97987 54 98023 52 98073 50 98103 49 98177 48 98256 47 98347 46 98412 45 98436 44 98521 43 98556 42 98637 41 98708 39 98801 38 98825 37 98872 36 98904 35 98975 34 99035 33 99137 31 99174 30 99276 29 99311 28 99351 27 99388 26 99411 25 99428 24 99444 23 99473 21 99482 20 99548 19 99644 18 99746 17 99804 15 99851 14 99953 13 99999 12 100015 11 100079 10 100097 9 100188 8 100242 7 100252 6 100319 5 100399 2 100476 1 100517
73 1 57129 2 57199 3 57275 4 57317 6 57341 7 57352 8 57378 9 57392 10 57403 11 57437 12 57535 13 57597 15 57606 16 57639 17 57710 18 57811 21 57831 23 57888 24 57946 25 58020 26 58094 27 58170 29 58260 31 58310 32 58322 33 58418 34 58492 37 58523 38 58597 42 58693 43 58740 44 58815 45 58909 46 58986 47 59075 48 59082 50 59095 51 59139 52 59225 53 59307 54 59377 55 59428 56 59480 59 59502 60 59548 61 59643 62 59683 63 59717 67 59761 68 59793 69 59804 72 59897 73 59942 75 59991 77 60038 79 60075 81 60159 82 60177 83 60185 84 60200 85 60210 86 60226 87 60308 88 60379 89 60424 90 60513 91 60596 92 60674 93 60721 94 60804 96 60886 97 60925 98 60968
86 100 36374 99 36394 98 36491 97 36531 96 36552 95 36573 94 36665 93 36729 92 36764 91 36840 90 36909 89 37003 88 37049 87 37063 86 37155 85 37207 84 37251 83 37304 82 37328 81 37408 79 37472 77 37505 75 37602 74 37692 73 37777 72 37859 71 37931 70 37984 69 38072 68 38100 67 38114 66 38187 65 38228 64 38313 63 38341 62 38393 61 38425 60 38485 59 38513 58 38554 56 38640 55 38710 54 38754 53 38815 52 38838 49 38912 48 38997 47 39100 46 39137 44 39178 43 39279 41 39338 40 39366 39 39379 35 39417 34 39466 33 39562 32 39613 30 39665 28 39703 27 39782 26 39833 25 39875 24 39920 23 39931 22 40012 21 40033 20 40049 19 40058 18 40129 17 40141 15 40239 14 40275 13 40329 12 40395 11 40418 10 40506 9 40566 8 40594 7 40610 6 40711 5 40785 4 40873 3 40941 2 41018 1 41065
5 98 57332 91 57432 81 57492 37 57566 1 57575
72 100 66911 99 66929 98 66964 97 67016 95 67026 93 67119 92 67128 91 67205 89 67210 88 67257 87 67352 85 67441 83 67491 82 67515 81 67603 80 67625 78 67689 77 67726 76 67743 75 67796 74 67829 73 67926 72 67981 71 68032 70 68092 68 68136 67 68226 65 68307 64 68356 63 68382 62 68456 60 68520 59 68555 55 68577 54 68661 53 68727 52 68732 51 68745 49 68769 48 68845 46 68923 43 68968 42 69049 41 69120 40 69151 39 69190 38 69205 36 69302 34 69397 33 69434 31 69459 29 69469 28 69528 27 69613 25 69651 24 69707 23 69758 22 69771 21 69781 19 69860 18 69946 17 69985 16 70020 15 70111 14 70213 13 70231 12 70329 10 70373 9 70393 5 70412 3 70429 2 70515
100 1 52864 2 52945 3 53040 4 53080 5 53147 6 53170 7 53203 8 53231 9 53305 10 53318 11 53406 12 53466 13 53545 14 53620 15 53664 16 53723 17 53805 18 53887 19 53941 20 53979 21 54050 22 54136 23 54216 24 54272 25 54309 26 54340 27 54436 28 54503 29 54555 30 54648 31 54733 32 54778 33 54858 34 54917 35 55003 36 55078 37 55143 38 55194 39 55278 40 55325 41 55361 42 55402 43 55458 44 55474 45 55574 46 55596 47 55695 48 55789 49 55822 50 55852 51 55859 52 55943 53 56015 54 56050 55 56138 56 56228 57 56309 58 56346 59 56362 60 56416 61 56462 62 56501 63 56578 64 56673 65 56777 66 56872 67 56920 68 56985 69 57013 70 57043 71 57051 72 57094 73 57118 74 57222 75 57307 76 57332 77 57433 78 57491 79 57575 80 57665 81 57680 82 57735 83 57781 84 57830 85 57858 86 57880 87 57909 88 58007 89 58104 90 58143 91 58169 92 58206 93 58310 94 58352 95 58400 96 58441 97 58536 98 58569 99 58606 100 58673
65 1 43895 3 43981 4 44041 6 44123 7 44220 10 44265 11 44325 13 44373 14 44418 15 44508 17 44594 18 44679 19 44684 21 44754 22 44762 23 44781 24 44833 25 44878 27 44915 31 44953 32 44969 33 44995 35 45073 36 45087 37 45092 39 45131 41 45226 42 45328 43 45403 45 45470 46 45530 47 45558 49 45641 50 45697 52 45732 54 45759 58 45803 59 45906 60 45951 61 46041 62 46124 64 46175 65 46273 67 46302 68 46352 69 46411 74 46501 75 46585 76 46620 78 46653 80 46747 82 46756 83 46773 84 46800 86 46812 87 46840 88 46943 89 46993 90 47038 92 47079 94 47160 96 47199 97 47215 98 47229 100 47289
83 100 86831 99 86841 97 86869 96 86957 95 86992 94 87078 93 87155 92 87249 91 87271 89 87346 88 87366 87 87470 86 87520 85 87599 84 87626 82 87716 81 87741 80 87792 79 87889 78 87936 77 87979 76 88054 75 88107 74 88185 73 88220 71 88252 70 88342 69 88380 68 88480 67 88488 66 88550 65 88584 64 88651 63 88690 62 88778 61 88843 60 88879 58 88952 57 88961 55 88968 54 89066 53 89166 52 89215 51 89313 50 89346 49 89443 48 89487 47 89581 46 89609 45 89670 43 89718 42 89787 41 89864 39 89910 38 89938 37 90034 36 90080 35 90107 33 90207 31 90250 29 90260 28 90311 27 90407 25 90456 24 90465 22 90506 20 90530 18 90603 17 90678 16 90759 15 90844 14 90887 13 90905 12 90990 11 91059 10 91086 9 91169 8 91199 7 91208 6 91226 5 91238 3 91253 1 91354
98 100 36794 99 36888 98 36939 97 37027 96 37106 95 37114 94 37202 93 37304 92 37318 91 37383 90 37402 89 37481 88 37568 87 37649 86 37723 85 37827 84 37927 83 37970 82 38040 81 38121 80 38142 78 38224 77 38311 76 38381 75 38394 74 38490 73 38543 72 38610 71 38679 70 38684 69 38700 68 38777 67 38807 66 38877 65 38932 64 39006 63 39034 62 39065 61 39089 60 39146 59 39152 58 39169 57 39214 56 39249 55 39342 54 39397 53 39406 52 39416 51 39461 50 39537 49 39544 48 39571 47 39643 46 39722 45 39776 44 39803 43 39817 42 39841 41 39884 40 39900 39 39940 38 39994 37 40042 36 40061 35 40139 34 40205 33 40276 32 40292 31 40303 30 40385 29 40480 28 40529 27 40604 26 40699 24 40793 23 40847 22 40908 21 40985 20 41087 19 41160 18 41173 17 41272 16 41326 15 41357 14 41415 13 41489 12 41535 11 41622 10 41632 9 41663 8 41731 7 41834 6 41881 5 41981 4 42008 3 42089 2 42141 1 42172
40 1 54291 3 54391 8 54430 11 54483 14 54555 16 54649 22 54663 24 54678 30 54713 31 54727 33 54791 34 54819 39 54889 42 54985 45 55018 49 55106 50 55204 52 55242 53 55326 58 55397 59 55474 64 55571 65 55634 66 55732 71 55780 80 55835 82 55841 83 55854 85 55909 86 55985 87 56056 89 56063 90 56117 91 56202 93 56223 95 56251 96 56270 97 56315 98 56377 99 56453
5 14 38066 33 38082 34 38145 36 38240 69 38323
40 2 57275 6 57294 10 57373 11 57447 15 57524 22 57623 26 57683 29 57757 30 57783 36 57789 37 57800 38 57810 41 57840 43 57935 45 57960 49 58044 50 58117 52 58132 54 58222 56 58240 57 58288 63 58321 65 58422 66 58509 67 58579 70 58675 71 58752 73 58802 74 58874 76 58934 77 59017 83 59081 84 59115 86 59143 88 59170 93 59271 95 59353 96 59426 97 59494 100 59579
44 100 19091 99 19163 96 19204 95 19297 92 19314 90 19390 89 19403 83 19493 82 19589 81 19671 80 19676 75 19730 74 19744 71 19835 70 19921 67 20013 66 20064 64 20080 63 20176 59 20198 58 20208 57 20275 55 20375 54 20459 53 20483 51 20514 50 20526 49 20601 48 20687 45 20785 44 20884 43 20963 42 20993 38 21027 33 21108 30 21201 29 21299 28 21307 24 21402 20 21461 16 21539 14 21638 9 21731 4 21811
67 1 63784 5 63804 6 63844 7 63896 9 63904 10 63936 11 63979 13 64000 14 64065 15 64088 16 64159 19 64223 20 64230 21 64320 22 64353 24 64378 26 64439 28 64482 31 64562 32 64621 33 64636 35 64720 37 64756 38 64858 39 64946 40 64963 41 65008 42 65092 43 65189 45 65215 46 65311 47 65390 48 65447 50 65464 51 65510 54 65574 55 65645 57 65662 58 65695 59 65723 60 65827 62 65893 63 65950 64 65991 67 66028 68 66083 70 66169 71 66253 72 66302 73 66391 75 66480 78 66485 79 66582 80 66660 81 66677 82 66710 83 66754 84 66846 85 66937 87 67031 88 67127 90 67157 94 67214 95 67295 97 67333 98 67409 99 67421
85 1 85318 2 85407 3 85468 4 85490 5 85502 6 85510 7 85567 8 85627 9 85731 10 85782 11 85878 12 85947 13 85970 14 86022 15 86036 17 86069 18 86173 19 86227 20 86284 21 86314 22 86324 23 86423 24 86457 25 86490 26 86559 27 86580 28 86632 29 86722 30 86743 31 86846 33 86875 34 86899 35 86961 36 86977 37 87026 38 87037 39 87123 40 87167 41 87271 42 87299 43 87351 44 87409 45 87450 46 87524 47 87569 49 87669 51 87765 52 87867 53 87951 56 88041 57 88144 58 88177 61 88193 62 88258 63 88348 64 88366 65 88456 66 88462 67 88480 69 88558 70 88651 71 88682 72 88695 73 88745 74 88763 75 88797 76 88891 77 88988 78 89054 79 89077 80 89093 81 89165 82 89174 84 89248 85 89305 86 89354 87 89441 88 89535 89 89568 90 89618 91 89707 96 89799 97 89823 99 89862 100 89917
63 99 82928 96 82997 95 83092 94 83161 93 83252 89 83260 88 83359 87 83457 85 83485 84 83506 83 83558 81 83624 79 83690 78 83769 76 83852 74 83857 73 83923 72 83996 71 84071 70 84151 68 84243 67 84301 66 84361 65 84422 64 84446 63 84511 62 84548 61 84560 60 84641 57 84707 55 84800 54 84872 53 84963 51 85015 50 85025 47 85039 46 85100 45 85131 43 85136 40 85141 38 85180 35 85273 34 85300 32 85404 31 85483 30 85551 26 85650 25 85719 23 85762 20 85843 19 85946 18 86012 17 86113 16 86211 15 86236 14 86323 13 86338 11 86429 9 86441 8 86478 4 86499 3 86588 1 86605
36 100 57860 98 57942 96 57958 90 58039 88 58060 87 58073 81 58141 78 58184 77 58252 75 58327 74 58383 70 58443 69 58487 68 58515 60 58616 58 58686 54 58779 53 58820 50 58867 46 58882 44 58937 39 59009 37 59098 36 59187 35 59226 33 59312 27 59363 25 59375 21 59463 20 59559 18 59635 17 59735 14 59788 9 59815 8 59886 3 59923
48 2 67168 3 67189 4 67275 6 67335 8 67439 17 67540 18 67623 19 67654 20 67733 22 67778 26 67806 30 67883 31 67916 32 67925 33 67955 36 68012 37 68093 39 68157 40 68203 43 68249 47 68266 51 68277 52 68358 55 68389 56 68490 58 68533 59 68548 62 68610 63 68681 64 68715 65 68783 68 68822 69 68854 71 68912 75 69014 76 69060 77 69086 78 69151 81 69186 86 69279 90 69361 91 69434 93 69454 94 69468 96 69550 97 69607 98 69705 100 69727
10 90 87851 76 87936 73 87980 70 88017 57 88083 41 88165 34 88195 33 88266 29 88361 1 88440
98 100 92313 99 92412 98 92502 97 92563 96 92658 95 92755 94 92770 93 92785 92 92855 91 92908 90 92971 89 93070 88 93096 87 93115 86 93168 85 93197 84 93239 83 93303 82 93370 81 93434 80 93464 79 93477 78 93510 77 93596 76 93683 75 93716 74 93795 73 93831 72 93931 71 94013 70 94058 69 94112 68 94123 67 94151 66 94234 65 94255 64 94311 63 94404 62 94470 61 94476 60 94529 59 94624 58 94721 57 94782 56 94788 55 94875 54 94968 53 94979 52 95010 51 95024 50 95095 49 95147 48 95187 47 95229 46 95297 45 95326 44 95353 43 95373 42 95450 41 95520 40 95572 39 95664 38 95738 37 95750 36 95853 35 95922 34 95992 33 96096 31 96193 30 96201 29 96218 28 96238 27 96283 26 96362 25 96403 24 96492 23 96571 22 96593 21 96688 20 96717 19 96758 18 96861 17 96904 16 96955 15 97018 14 97045 13 97078 11 97135 10 97224 9 97306 8 97405 7 97465 6 97495 5 97507 4 97523 3 97614 2 97653 1 97689
93 100 90720 99 90813 98 90876 97 90943 96 91015 95 91096 94 91122 93 91221 92 91295 91 91392 90 91428 89 91487 87 91545 86 91631 85 91702 84 91788 83 91826 82 91922 81 92018 80 92122 79 92147 78 92230 77 92243 76 92317 75 92367 74 92459 73 92519 72 92598 71 92642 70 92742 69 92821 68 92869 67 92934 66 93008 65 93107 64 93191 62 93257 61 93338 60 93353 59 93391 58 93451 57 93489 56 93544 55 93583 54 93611 53 93715 52 93772 51 93861 50 93925 49 93969 48 93987 47 94054 46 94117 45 94139 44 94203 43 94211 42 94305 41 94406 40 94470 39 94524 38 94535 37 94582 36 94681 35 94771 34 94869 33 94956 32 94991 30 95092 28 95138 26 95190 25 95267 24 95300 23 95309 22 95407 21 95501 20 95541 19 95640 18 95653 17 95710 16 95736 15 95832 14 95857 13 95873 11 95920 10 96017 9 96098 8 96200 7 96219 6 96249 4 96317 3 96371 2 96402 1 96501
79 2 84161 3 84195 4 84257 6 84351 7 84395 8 84489 9 84558 10 84582 11 84648 12 84721 13 84802 14 84879 15 84923 16 84984 17 84992 18 85036 20 85063 21 85114 22 85164 23 85212 25 85270 28 85275 29 85362 31 85385 32 85420 33 85472 34 85556 35 85615 36 85652 37 85718 38 85779 39 85852 40 85913 41 85968 42 86006 43 86049 44 86065 45 86113 46 86164 49 86185 50 86237 52 86297 53 86303 54 86310 55 86344 56 86433 57 86444 58 86484 59 86572 60 86627 63 86731 64 86781 65 86855 67 86947 68 87021 69 87105 70 87171 71 87229 72 87261 75 87334 77 87378 78 87391 80 87475 81 87508 82 87530 83 87628 85 87647 86 87748 87 87832 89 87928 90 88030 91 88076 92 88153 93 88219 95 88266 96 88281 97 88287 98 88367 100 88467
6 8 2961 13 3019 42 3111 58 3172 61 3206 76 3299
80 1 88122 2 88161 3 88224 4 88231 5 88329 6 88392 7 88489 9 88576 12 88594 13 88614 14 88622 15 88672 16 88736 17 88827 18 88878 20 88978 21 89078 22 89170 23 89270 24 89331 25 89390 26 89406 27 89432 29 89524 30 89548 31 89572 32 89591 33 89630 35 89652 36 89753 38 89794 39 89857 40 89935 41 89959 42 89989 44 90085 46 90188 47 90194 48 90280 49 90379 50 90399 52 90404 54 90497 55 90534 56 90578 57 90600 58 90674 59 90767 60 90834 62 90860 63 90947 65 91018 66 91043 67 91118 68 91206 70 91297 71 91337 72 91357 73 91396 74 91440 75 91501 77 91521 79 91555 80 91630 81 91692 82 91791 83 91847 84 91862 85 91915 86 91931 88 91939 89 92011 90 92032 91 92077 93 92144 94 92201 95 92207 97 92281 98 92343 100 92442
76 1 107794 2 107890 4 107922 7 108023 8 108049 9 108079 10 108098 12 108126 14 108190 15 108214 16 108255 20 108306 21 108394 22 108432 25 108458 26 108502 27 108567 29 108616 30 108674 31 108763 32 108829 33 108928 34 108965 35 108987 36 109052 37 109068 38 109171 39 109176 42 109261 43 109269 44 109288 45 109345 46 109436 47 109495 48 109573 49 109637 51 109668 52 109752 54 109846 55 109899 56 109968 57 109994 60 110085 61 110095 63 110154 64 110240 66 110342 67 110420 69 110480 70 110517 71 110546 73 110591 75 110688 76 110744 77 110783 78 110806 79 110900 80 110968 81 111062 83 111154 84 111219 85 111316 86 111353 87 111377 88 111392 89 111459 90 111546 92 111588 93 111684 94 111767 95 111775 96 111846 97 111875 98 111882 99 111941 100 112018
61 98 102745 97 102801 96 102832 95 102853 94 102889 93 102944 92 102954 90 103045 88 103088 87 103158 85 103238 84 103312 83 103380 82 103471 79 103552 78 103607 77 103615 75 103695 74 103722 73 103824 72 103910 70 104000 69 104083 66 104184 65 104205 62 104239 61 104306 60 104319 51 104350 49 104436 47 104474 46 104530 44 104616 43 104657 42 104717 40 104773 39 104836 38 104904 37 104945 36 104954 35 105018 34 105052 32 105149 31 105179 30 105198 29 105271 27 105367 26 105384 24 105460 23 105495 22 105559 20 105584 15 105615 13 105666 12 105735 9 105772 7 105853 6 105932 4 105952 3 106047 2 106137
17 93 34195 88 34242 87 34325 82 34349 80 34438 73 34502 72 34557 66 34598 61 34648 48 34705 39 34742 38 34809 34 34821 32 34910 21 35007 12 35073 3 35151
92 1 107137 2 107200 3 107230 4 107265 5 107284 6 107374 7 107412 8 107494 9 107593 10 107614 11 107628 12 107714 13 107809 14 107839 15 107936 16 108024 17 108035 18 108118 19 108167 20 108176 21 108262 22 108286 24 108348 25 108407 26 108489 27 108592 28 108690 29 108787 30 108821 31 108893 32 108967 33 109002 35 109014 36 109019 37 109059 39 109152 40 109193 41 109200 42 109214 43 109256 44 109308 45 109316 46 109382 49 109477 50 109563 51 109639 52 109710 53 109740 54 109800 55 109894 56 109959 58 110023 59 110092 60 110156 61 110244 62 110348 63 110436 64 110487 65 110571 66 110611 67 110701 68 110783 70 110877 71 110947 72 111048 73 111101 74 111175 75 111236 76 111291 77 111300 78 111311 79 111396 80 111419 81 111429 82 111447 83 111542 84 111561 85 111650 86 111695 87 111710 88 111730 89 111797 90 111827 91 111899 92 111949 93 112035 95 112097 96 112189 97 112198 98 112262 99 112317 100 112342
39 100 101899 99 101988 95 102074 93 102080 92 102146 91 102234 85 102326 84 102353 80 102378 79 102423 78 102518 77 102594 75 102675 74 102694 70 102702 65 102709 64 102803 60 102860 57 102865 56 102896 52 102925 50 102943 47 103005 46 103068 45 103165 43 103252 38 103353 37 103395 35 103423 34 103504 32 103552 29 103605 26 103699 21 103750 17 103823 14 103865 13 103926 8 103932 6 104018
7 1 62808 9 62832 38 62871 40 62904 41 62990 60 63090 89 63168
3 68 53529 33 53596 28 53620
34 3 30886 6 30949 9 31001 11 31088 17 31127 18 31224 20 31304 24 31344 29 31420 37 31522 40 31562 45 31619 46 31712 47 31775 49 31797 50 31812 53 31874 56 31969 59 32005 60 32024 62 32085 66 32166 69 32238 75 32294 79 32300 80 32344 82 32363 86 32402 87 32459 89 32521 90 32547 91 32591 93 32634 96 32715
7 77 46971 75 47016 73 47111 69 47213 56 47266 41 47325 7 47365
69 99 57063 97 57148 95 57221 94 57284 93 57350 92 57403 90 57447 89 57545 88 57649 87 57703 84 57803 83 57832 82 57895 81 57961 80 58021 77 58125 76 58211 75 58276 74 58339 73 58441 70 58456 69 58528 67 58617 66 58639 64 58698 63 58709 62 58788 61 58873 60 58915 58 58929 57 58989 56 59028 55 59041 54 59132 53 59190 52 59243 50 59304 49 59378 48 59456 47 59500 46 59562 44 59633 42 59683 40 59772 38 59824 37 59834 35 59936 34 60031 33 60042 31 60087 30 60183 28 60227 27 60310 26 60380 25 60407 24 60435 23 60522 22 60577 20 60668 19 60708 18 60796 17 60886 15 60952 13 61047 11 61067 8 61083 6 61132 3 61223 2 61325
69 99 72481 96 72565 95 72658 91 72695 90 72714 87 72774 86 72878 84 72952 82 73043 79 73060 78 73160 76 73246 74 73287 73 73382 72 73463 69 73470 68 73571 67 73639 66 73655 65 73746 64 73823 63 73898 62 73941 61 73954 60 74050 59 74064 58 74113 57 74153 56 74206 55 74226 54 74295 53 74327 52 74394 51 74473 50 74554 49 74578 48 74654 47 74716 45 74722 43 74817 42 74861 41 74948 40 74967 38 75001 36 75051 35 75081 34 75114 33 75157 31 75247 28 75292 27 75312 26 75363 25 75466 24 75543 22 75621 20 75650 19 75658 18 75715 17 75773 16 75786 15 75804 14 75839 13 75938 12 76037 10 76086 9 76158 8 76215 5 76270 2 76339
100 100 39645 99 39705 98 39720 97 39824 96 39889 95 39912 94 39959 93 40060 92 40077 91 40084 90 40187 89 40251 88 40277 87 40323 86 40342 85 40398 84 40417 83 40439 82 40543 81 40594 80 40616 79 40642 78 40732 77 40772 76 40835 75 40848 74 40858 73 40899 72 40971 71 41018 70 41060 69 41076 68 41140 67 41211 66 41284 65 41344 64 41367 63 41413 62 41449 61 41553 60 41563 59 41623 58 41661 57 41706 56 41774 55 41859 54 41956 53 41967 52 42071 51 42105 50 42133 49 42226 48 42289 47 42349 46 42411 45 42453 44 42472 43 42557 42 42649 41 42730 40 42791 39 42838 38 42909 37 42999 36 43047 35 43072 34 43078 33 43154 32 43196 31 43258 30 43285 29 43295 28 43364 27 43459 26 43488 25 43510 24 43562 23 43636 22 43740 21 43808 20 43822 19 43835 18 43855 17 43866 16 43921 15 43951 14 43966 13 44049 12 44092 11 44132 10 44137 9 44168 8 44249 7 44274 6 44307 5 44345 4 44371 3 44463 2 44567 1 44666
85 1 21521 2 21534 3 21546 4 21646 5 21662 6 21725 7 21828 8 21932 9 21943 10 21994 11 22078 12 22131 13 22143 15 22183 18 22244 19 22268 20 22346 21 22356 22 22373 23 22447 24 22529 25 22548 27 22600 28 22692 30 22767 31 22776 32 22799 33 22825 34 22857 36 22907 37 23011 38 23072 39 23161 40 23258 41 23312 42 23381 43 23460 44 23546 45 23597 46 23638 47 23669 48 23770 49 23791 50 23860 52 23951 53 24047 54 24137 55 24188 56 24266 57 24313 59 24336 60 24368 61 24453 62 24512 63 24546 64 24643 65 24723 66 24794 67 24874 68 24957 69 25041 70 25070 71 25143 72 25228 73 25243 74 25347 75 25421 77 25482 78 25510 79 25606 81 25652 83 25715 85 25816 86 25859 87 25955 88 26010 90 26046 91 26064 93 26078 94 26172 96 26242 97 26343 98 26443 99 26515 100 26549
34 1 62345 5 62407 11 62466 12 62548 14 62562 15 62580 17 62608 21 62707 28 62722 30 62816 31 62838 34 62845 35 62889 43 62920 47 62935 50 63010 52 63068 54 63164 58 63207 59 63303 60 63309 63 63362 65 63459 71 63466 72 63486 73 63538 74 63597 79 63697 83 63724 86 63773 87 63827 89 63888 92 63900 97 63935
74 1 90967 3 90993 6 91028 7 91044 8 91114 9 91129 10 91185 12 91202 13 91237 14 91281 19 91323 21 91386 22 91399 24 91484 25 91507 26 91578 27 91671 28 91683 29 91721 30 91755 31 91848 32 91854 33 91907 34 91923 35 92025 37 92076 39 92131 40 92187 41 92194 42 92230 43 92243 44 92332 45 92430 46 92465 47 92472 48 92480 49 92537 53 92572 55 92628 56 92636 57 92723 58 92777 59 92867 60 92963 61 93005 62 93048 64 93112 65 93167 66 93218 67 93295 68 93399 69 93491 71 93536 73 93616 74 93631 75 93648 76 93697 77 93724 78 93741 79 93765 81 93850 82 93891 84 93968 85 94046 86 94135 87 94188 88 94237 91 94262 92 94323 93 94330 94 94374 97 94449 99 94533 100 94556
93 100 62756 99 62767 98 62814 97 62882 96 62901 95 62990 94 63009 93 63017 92 63069 91 63121 90 63171 89 63254 86 63346 85 63413 84 63495 83 63542 82 63640 81 63717 80 63747 79 63757 78 63799 77 63896 76 63942 75 63982 74 64053 73 64144 72 64204 71 64260 69 64313 68 64350 67 64443 66 64455 65 64515 64 64580 63 64658 62 64741 61 64802 60 64809 59 64838 58 64933 57 64996 56 65005 54 65036 53 65114 52 65126 51 65220 50 65270 49 65282 48 65307 47 65375 46 65469 44 65478 43 65516 42 65619 41 65673 40 65722 39 65804 37 65865 36 65897 35 65955 34 65977 33 66001 32 66010 31 66015 30 66032 29 66077 28 66103 27 66143 26 66232 25 66275 24 66355 23 66378 22 66396 21 66404 20 66454 19 66550 18 66636 17 66710 16 66725 15 66731 14 66776 13 66873 11 66885 10 66963 9 67044 8 67073 7 67151 6 67158 5 67257 4 67336 3 67373 2 67475 1 67531
13 4 53475 8 53527 16 53550 20 53562 25 53608 43 53659 45 53723 68 53820 70 53828 71 53863 75 53963 90 54046 97 54055
94 100 35005 99 35101 98 35177 97 35213 96 35305 95 35369 94 35455 93 35486 92 35537 91 35607 90 35661 89 35745 88 35790 87 35893 86 35908 85 35970 84 36056 81 36071 80 36162 79 36238 78 36266 77 36305 76 36390 75 36422 74 36486 73 36520 72 36539 71 36549 70 36613 69 36683 68 36703 67 36731 66 36765 65 36815 64 36863 63 36938 62 36976 61 37016 60 37045 59 37077 58 37112 57 37181 56 37227 55 37237 54 37247 53 37344 52 37434 51 37500 50 37599 49 37684 48 37770 47 37852 46 37907 45 38010 44 38034 43 38067 41 38149 40 38201 39 38287 38 38338 37 38381 36 38390 35 38430 34 38506 33 38537 32 38640 31 38664 30 38720 29 38758 27 38838 26 38910 25 38940 24 39017 23 39048 22 39081 21 39183 19 39218 18 39293 17 39383 16 39478 15 39542 14 39568 13 39651 12 39703 10 39737 9 39826 8 39920 7 40022 6 40033 5 40097 4 40136 3 40164 2 40196 1 40242
85 100 48593 99 48601 98 48660 97 48723 96 48772 95 48869 94 48915 93 48985 92 49054 91 49152 90 49201 89 49235 88 49273 87 49366 86 49454 85 49473 84 49551 81 49580 80 49645 78 49702 76 49741 75 49775 74 49847 73 49926 72 50020 71 50046 70 50117 69 50212 68 50221 67 50246 65 50305 64 50352 63 50439 62 50535 61 50627 60 50703 59 50782 56 50846 55 50855 54 50934 53 50952 52 50960 51 51043 50 51076 49 51090 48 51097 47 51103 46 51115 45 51135 43 51231 42 51288 41 51331 40 51396 39 51462 38 51501 37 51559 36 51646 35 51743 34 51809 33 51848 32 51889 31 51921 30 51959 27 52040 26 52101 25 52115 24 52157 23 52257 21 52334 20 52374 18 52436 17 52498 16 52540 15 52562 13 52650 12 52681 11 52693 10 52744 9 52795 8 52832 6 52916 5 53009 4 53043 3 53063 2 53138
75 1 40287 2 40298 3 40339 4 40386 6 40478 7 40530 8 40565 9 40649 10 40678 11 40698 12 40790 13 40838 14 40866 20 40960 22 40967 24 41016 25 41088 26 41146 27 41179 28 41281 30 41356 31 41428 32 41519 33 41530 34 41539 35 41617 36 41664 37 41712 38 41764 39 41861 42 41896 43 41917 44 41987 45 41992 46 42080 47 42094 49 42165 51 42264 52 42366 54 42411 56 42427 57 42512 58 42543 61 42601 62 42656 63 42714 64 42727 66 42789 68 42815 69 42861 70 42912 71 42983 73 43030 74 43071 75 43086 76 43103 77 43175 78 43229 79 43262 81 43296 82 43397 83 43434 84 43519 85 43553 87 43623 88 43709 90 43729 91 43762 92 43810 93 43818 95 43881 96 43964 97 43984 98 43989 100 44069
26 4 42861 5 42952 10 42965 11 43056 13 43118 14 43207 29 43234 32 43267 33 43306 36 43343 39 43406 43 43503 49 43569 51 43614 53 43715 56 43772 58 43820 62 43835 64 43857 79 43869 80 43931 81 44010 90 44031 94 44118 96 44156 99 44242
80 1 114356 2 114371 5 114459 6 114532 7 114603 8 114704 9 114723 10 114756 11 114802 12 114847 13 114889 14 114974 16 115075 17 115104 18 115131 19 115176 20 115224 22 115279 23 115355 24 115431 25 115528 26 115599 27 115658 29 115670 31 115718 32 115738 34 115765 35 115771 36 115801 37 115893 38 115993 39 116032 40 116056 41 116085 42 116134 43 116231 44 116304 45 116406 46 116418 47 116430 48 116476 49 116538 50 116547 51 116563 54 116601 55 116640 56 116692 58 116749 59 116851 62 116878 63 116943 64 117014 65 117060 66 117164 67 117224 68 117240 69 117297 71 117346 72 117373 73 117383 74 117404 75 117467 76 117508 78 117531 79 117577 80 117598 81 117696 82 117722 83 117748 84 117840 85 117858 86 117945 88 118035 89 118045 90 118141 93 118212 95 118232 96 118321 98 118393 99 118479
46 1 82652 5 82692 6 82701 7 82805 8 82896 9 82972 11 82997 12 83071 13 83137 14 83205 17 83217 20 83308 25 83326 26 83420 27 83478 30 83550 33 83573 34 83644 43 83711 44 83741 46 83793 47 83854 49 83864 50 83967 52 84059 54 84116 55 84196 56 84228 60 84327 62 84389 63 84471 68 84569 69 84613 70 84686 71 84785 72 84840 79 84918 80 84965 81 84982 87 85030 88 85071 93 85080 94 85182 95 85259 97 85354 98 85372
43 96 76603 93 76686 92 76755 90 76825 83 76898 82 76939 81 77027 78 77035 77 77046 74 77139 71 77164 70 77215 69 77274 65 77375 64 77466 63 77472 62 77569 60 77671 52 77680 49 77761 48 77859 47 77960 46 78050 44 78077 43 78159 42 78223 40 78304 32 78352 30 78449 28 78498 27 78526 26 78612 25 78700 22 78762 19 78781 18 78796 17 78822 11 78838 9 78849 6 78863 5 78966 3 79003 1 79039
93 100 62159 99 62219 98 62279 97 62378 96 62477 95 62488 93 62519 92 62598 91 62679 90 62721 89 62778 88 62816 87 62868 86 62912 85 62933 84 63037 83 63067 82 63141 81 63212 80 63310 79 63380 78 63416 77 63440 76 63486 75 63533 74 63613 73 63694 72 63759 71 63844 70 63886 69 63971 68 63985 67 64042 66 64080 65 64108 64 64163 63 64264 62 64294 61 64395 60 64469 58 64495 57 64566 56 64609 55 64642 54 64655 53 64737 52 64761 51 64833 50 64858 49 64867 48 64944 46 65019 44 65102 43 65179 42 65245 41 65318 39 65388 38 65423 37 65462 36 65509 35 65585 34 65639 33 65659 32 65702 31 65800 30 65820 28 65858 27 65888 26 65932 25 65986 24 66066 23 66120 22 66137 21 66162 20 66197 19 66261 18 66337 17 66386 16 66451 15 66475 14 66574 13 66672 12 66770 11 66800 10 66894 9 66941 8 66999 7 67090 5 67126 4 67171 3 67234 2 67295 1 67312
77 1 34311 2 34395 4 34452 5 34496 6 34562 7 34600 8 34688 9 34706 10 34761 11 34775 13 34805 14 34860 15 34930 16 35006 17 35022 18 35052 19 35078 20 35120 21 35215 22 35288 23 35365 24 35461 25 35530 26 35536 27 35580 28 35634 30 35736 32 35749 34 35809 35 35863 36 35882 37 35982 39 35992 40 36043 42 36118 43 36184 45 36279 46 36332 48 36398 49 36406 50 36481 53 36493 54 36591 58 36605 60 36663 61 36733 62 36785 64 36814 65 36850 66 36877 67 36978 68 37066 69 37155 70 37212 71 37286 72 37347 73 37355 74 37374 76 37433 78 37481 79 37491 81 37515 83 37527 86 37548 87 37589 88 37636 89 37731 90 37830 91 37927 92 37938 93 38001 94 38104 95 38201 96 38282 97 38371 98 38406 100 38414
26 100 37067 93 37101 91 37111 90 37169 89 37182 88 37257 78 37302 73 37322 72 37389 69 37466 68 37497 62 37582 61 37668 60 37711 57 37721 47 37821 38 37888 36 37920 31 37945 29 38048 28 38109 24 38188 22 38201 17 38245 8 38269 3 38321
74 2 117447 3 117526 4 117551 5 117628 7 117729 8 117801 9 117856 10 117864 11 117923 13 117955 15 117978 16 118082 17 118171 19 118228 20 118302 21 118328 22 118345 23 118414 25 118472 27 118488 30 118512 31 118547 33 118646 34 118735 35 118754 36 118846 37 118891 39 118971 40 119006 42 119027 43 119110 45 119161 46 119248 47 119305 49 119367 53 119390 55 119492 56 119559 57 119635 58 119727 60 119751 61 119846 62 119924 63 119972 64 120027 65 120097 66 120141 67 120230 69 120306 70 120349 71 120355 74 120371 75 120432 76 120506 78 120518 79 120564 80 120647 81 120735 82 120826 83 120901 84 120981 85 121072 86 121111 87 121193 88 121199 89 121299 90 121327 91 121378 93 121395 95 121415 97 121446 98 121514 99 121553 100 121645
5 87 105579 75 105677 73 105702 37 105728 27 105832
85 1 84622 2 84712 3 84787 4 84862 5 84936 7 84997 8 85096 9 85163 10 85247 11 85319 12 85338 14 85375 15 85466 16 85494 17 85565 18 85650 19 85693 20 85789 21 85871 22 85933 23 86020 24 86056 25 86122 26 86211 27 86258 28 86331 29 86358 31 86446 32 86543 33 86561 34 86587 35 86603 36 86691 37 86774 38 86847 39 86922 40 86949 41 86989 43 87065 44 87111 45 87133 46 87144 47 87196 48 87277 49 87312 50 87326 51 87396 52 87425 54 87440 56 87518 58 87617 59 87715 60 87810 61 87820 62 87887 64 87959 65 88035 66 88122 67 88186 68 88222 69 88264 71 88346 72 88384 73 88464 74 88527 75 88602 76 88668 79 88742 80 88837 81 88928 83 88936 84 88991 85 89065 86 89132 87 89202 89 89258 90 89324 92 89367 94 89394 95 89447 96 89470 97 89506 98 89606 99 89656 100 89705
24 6 25901 10 25991 13 26068 15 26092 19 26099 20 26150 24 26206 49 26250 53 26325 54 26337 61 26410 63 26487 65 26539 66 26589 68 26640 74 26711 76 26750 78 26771 81 26807 82 26866 85 26948 86 26980 88 27059 100 27122
62 99 45550 98 45620 95 45720 94 45780 92 45826 90 45922 89 46019 88 46080 85 46110 84 46131 83 46213 82 46230 81 46289 80 46325 79 46365 78 46400 74 46467 72 46487 69 46555 68 46594 65 46627 64 46683 62 46766 60 46842 59 46913 56 47002 52 47084 51 47172 47 47206 46 47286 45 47312 44 47398 43 47423 42 47492 39 47518 38 47599 37 47606 36 47667 35 47741 34 47810 32 47868 31 47949 30 47981 29 48051 28 48150 27 48238 23 48301 22 48357 21 48367 20 48392 18 48492 16 48534 14 48541 13 48585 12 48641 11 48654 9 48679 7 48728 5 48751 4 48756 3 48822 2 48848
33 98 57841 97 57913 96 57970 91 58033 84 58069 82 58106 79 58202 77 58276 76 58340 70 58409 68 58416 66 58424 64 58479 61 58516 60 58535 59 58545 56 58551 51 58643 41 58747 40 58805 35 58848 33 58871 32 58894 31 58939 30 59009 26 59098 25 59106 19 59175 16 59227 12 59324 9 59352 6 59393 4 59408
82 1 79843 2 79898 4 79950 5 80019 6 80053 8 80096 9 80171 10 80202 11 80234 12 80317 13 80366 14 80397 15 80440 16 80474 17 80485 18 80589 19 80680 20 80736 21 80764 22 80774 24 80799 25 80885 27 80912 28 80980 29 81044 30 81084 31 81138 32 81228 33 81302 34 81360 35 81391 36 81486 38 81524 39 81545 40 81641 41 81648 42 81658 43 81664 44 81680 45 81722 46 81802 48 81864 49 81874 50 81928 51 82009 52 82027 53 82068 54 82170 55 82179 56 82242 58 82289 60 82324 61 82378 63 82430 64 82457 65 82479 68 82526 69 82557 70 82654 72 82735 73 82817 74 82902 76 82993 77 83056 78 83114 79 83168 80 83231 82 83249 83 83307 84 83372 85 83386 88 83413 89 83474 90 83556 92 83622 93 83718 94 83762 95 83832 97 83865 98 83900 99 83929 100 83945
78 1 99730 2 99789 3 99814 5 99887 6 99910 7 99917 9 99981 10 100061 11 100107 13 100141 15 100217 16 100255 18 100358 19 100372 21 100474 22 100504 26 100587 27 100659 28 100692 29 100779 30 100866 31 100942 32 100972 33 101069 34 101131 35 101149 36 101243 37 101288 38 101333 40 101352 41 101412 42 101466 43 101552 44 101578 48 101649 49 101655 50 101700 53 101709 54 101803 55 101835 57 101925 59 101971 60 102017 61 102038 62 102090 63 102156 64 102219 65 102310 66 102399 67 102498 68 102529 69 102632 70 102719 71 102760 72 102817 73 102843 74 102935 76 102964 77 103004 79 103080 80 103123 81 103217 82 103300 83 103397 84 103466 86 103505 89 103566 90 103609 91 103660 92 103702 93 103713 94 103806 95 103879 96 103886 97 103924 98 104020 99 104029 100 104119
31 3 95317 10 95357 17 95379 19 95446 25 95516 27 95539 28 95600 32 95696 34 95705 37 95802 40 95892 44 95905 45 95932 46 95952 49 96030 50 96073 52 96150 55 96197 57 96210 61 96229 62 96290 65 96353 67 96405 68 96424 76 96520 79 96578 80 96634 81 96660 87 96736 90 96815 100 96841
16 2 40908 3 40984 5 41004 6 41074 9 41153 16 41185 22 41240 32 41320 37 41405 46 41495 50 41564 53 41590 73 41666 87 41671 89 41710 93 41745
57 99 51749 98 51808 97 51910 96 51979 95 51990 94 52060 93 52112 89 52122 88 52127 87 52218 84 52277 82 52322 79 52362 78 52391 76 52412 75 52437 73 52444 72 52509 70 52547 67 52569 66 52631 64 52659 62 52739 60 52774 57 52820 56 52899 53 52982 51 53022 48 53082 47 53118 45 53213 44 53289 43 53334 42 53395 41 53468 38 53506 36 53581 35 53663 34 53694 31 53717 30 53787 29 53816 28 53878 27 53946 26 54019 24 54117 23 54209 21 54261 20 54325 18 54397 17 54451 16 54518 15 54612 14 54688 11 54764 4 54834 1 54898
26 8 114041 12 114118 14 114188 20 114267 22 114363 38 114457 46 114466 48 114507 57 114537 60 114551 67 114631 68 114663 69 114747 71 114833 76 114853 77 114916 78 114945 82 115038 83 115046 84 115065 86 115112 87 115124 90 115162 94 115247 99 115336 100 115421
33 3 33749 7 33818 10 33914 15 33971 16 33987 18 34009 19 34016 22 34101 26 34113 27 34164 28 34226 31 34269 32 34277 41 34293 42 34379 46 34416 51 34475 53 34538 60 34562 64 34648 65 34670 68 34763 69 34826 73 34858 76 34884 77 34969 78 35058 79 35085 82 35102 83 35125 84 35160 85 35224 98 35281
73 99 65951 96 66054 95 66116 94 66209 91 66248 90 66317 88 66332 86 66373 85 66453 84 66460 81 66473 79 66542 78 66589 75 66609 72 66707 69 66789 68 66855 64 66946 63 67022 62 67050 61 67147 60 67172 59 67183 58 67281 57 67311 56 67395 55 67489 54 67544 53 67559 52 67575 51 67672 50 67752 49 67852 48 67862 46 67891 45 67988 44 68028 43 68042 42 68065 41 68079 40 68177 39 68276 38 68318 37 68404 36 68451 35 68508 33 68586 32 68675 29 68730 28 68797 27 68861 26 68933 25 69035 24 69106 23 69164 22 69268 21 69329 20 69366 19 69404 18 69463 17 69514 16 69618 15 69645 14 69727 13 69764 10 69797 8 69847 7 69895 6 69929 5 69946 3 70011 2 70106 1 70153
13 3 82105 22 82118 30 82208 34 82258 35 82321 39 82401 50 82483 70 82549 82 82633 83 82701 84 82715 87 82788 95 82802
90 1 9721 2 9810 3 9878 4 9924 5 9945 6 9961 7 10029 8 10081 9 10180 10 10191 11 10196 12 10233 14 10254 15 10322 16 10393 17 10460 18 10558 19 10607 20 10693 21 10781 22 10868 23 10900 24 10969 25 11057 26 11106 27 11146 28 11227 29 11325 30 11372 32 11438 33 11524 34 11616 35 11708 36 11769 37 11872 38 11910 39 11989 40 12050 41 12096 42 12197 43 12272 45 12322 46 12404 47 12420 48 12454 49 12554 50 12600 51 12664 52 12731 53 12774 54 12868 55 12898 56 12978 57 13015 60 13105 61 13128 62 13199 63 13258 65 13304 66 13394 67 13434 68 13457 69 13534 70 13586 72 13633 73 13639 74 13659 75 13693 76 13736 77 13783 78 13831 79 13919 80 13957 82 13976 83 14046 84 14061 85 14147 86 14170 87 14257 88 14292 89 14300 90 14333 92 14408 93 14481 94 14566 95 14663 96 14739 97 14790 98 14867 99 14949
