80 51
71
51 1 28356 4 28428 6 28436 7 28518 8 28622 9 28708 10 28785 12 28833 17 28846 20 28913 21 29013 23 29040 24 29067 25 29096 26 29146 27 29213 28 29303 29 29340 30 29435 31 29446 32 29516 34 29527 35 29614 37 29681 38 29734 39 29809 40 29902 41 29930 43 29981 46 30066 47 30134 49 30195 50 30258 53 30309 54 30375 55 30399 58 30483 59 30527 60 30564 61 30652 62 30688 63 30762 64 30829 66 30904 67 30970 69 31015 72 31057 74 31087 76 31126 77 31168 78 31225
74 1 63251 2 63266 3 63359 4 63424 5 63520 6 63589 7 63634 8 63640 9 63708 11 63764 12 63839 13 63850 14 63860 15 63877 16 63939 17 64023 19 64029 20 64081 21 64153 22 64237 23 64293 24 64380 25 64414 26 64496 27 64544 28 64621 29 64667 30 64770 31 64782 32 64788 33 64808 34 64831 35 64841 36 64848 37 64929 38 64999 39 65061 40 65075 41 65146 42 65180 43 65186 44 65208 45 65240 46 65324 47 65361 48 65371 49 65442 50 65512 51 65591 52 65642 53 65660 54 65686 55 65763 56 65797 59 65838 60 65861 61 65893 62 65934 63 66013 65 66048 66 66139 67 66218 68 66314 69 66324 70 66399 71 66456 72 66540 73 66604 74 66629 76 66664 77 66720 78 66761 79 66825 80 66844
80 1 20633 2 20665 3 20694 4 20767 5 20805 6 20879 7 20949 8 21028 9 21101 10 21135 11 21151 12 21252 13 21355 14 21430 15 21480 16 21565 17 21665 18 21730 19 21755 20 21760 21 21811 22 21898 23 21986 24 22032 25 22038 26 22047 27 22081 28 22127 29 22169 30 22189 31 22276 32 22342 33 22390 34 22449 35 22470 36 22535 37 22583 38 22657 39 22721 40 22818 41 22854 42 22950 43 23010 44 23079 45 23167 46 23190 47 23253 48 23260 49 23319 50 23346 51 23448 52 23479 53 23578 54 23633 55 23680 56 23728 57 23769 58 23842 59 23877 60 23961 61 23995 62 24062 63 24139 64 24177 65 24212 66 24231 67 24254 68 24281 69 24369 70 24381 71 24448 72 24489 73 24528 74 24549 75 24579 76 24621 77 24689 78 24702 79 24726 80 24790
39 78 18856 76 18920 75 19023 74 19123 69 19141 68 19244 59 19318 56 19395 55 19425 54 19442 53 19507 52 19607 51 19644 50 19718 48 19759 47 19863 46 19920 45 20002 42 20086 37 20172 34 20213 33 20226 32 20277 29 20369 27 20381 26 20479 23 20575 22 20626 19 20636 16 20718 15 20805 14 20893 12 20951 9 21001 8 21079 7 21179 6 21214 4 21272 3 21285
68 80 77018 79 77053 78 77064 77 77095 76 77183 75 77214 74 77261 71 77339 70 77371 69 77471 68 77488 67 77521 66 77580 65 77618 64 77718 63 77743 62 77767 60 77847 59 77923 58 77947 57 78039 56 78143 55 78210 54 78266 52 78370 51 78392 50 78424 49 78451 48 78528 47 78574 46 78638 45 78734 44 78815 43 78867 42 78891 41 78976 40 79040 39 79099 38 79104 36 79114 35 79123 34 79226 33 79254 32 79318 31 79371 30 79445 29 79533 28 79634 27 79728 26 79775 25 79805 24 79902 23 79970 21 79989 20 80093 19 80163 17 80244 14 80282 13 80310 11 80316 10 80326 8 80414 7 80491 6 80517 5 80542 4 80599 3 80658 2 80721
70 1 50257 2 50360 4 50400 6 50458 8 50468 9 50473 11 50500 12 50514 13 50567 14 50652 15 50754 16 50858 17 50918 18 50958 20 51058 21 51068 22 51145 24 51236 25 51282 26 51372 27 51399 28 51440 29 51538 30 51615 31 51653 32 51721 33 51820 34 51843 35 51911 36 51998 37 52010 38 52093 40 52154 41 52221 42 52260 43 52265 44 52356 45 52374 46 52427 47 52491 48 52584 49 52644 50 52722 51 52796 52 52870 54 52911 55 53011 56 53047 57 53103 58 53190 60 53200 61 53234 62 53332 63 53401 64 53493 65 53574 66 53672 67 53713 68 53725 69 53784 70 53859 71 53949 72 54034 73 54061 74 54123 75 54198 76 54300 77 54382 78 54476 79 54550
48 80 11137 79 11215 76 11282 75 11357 74 11410 73 11505 69 11591 68 11678 67 11752 66 11759 65 11815 62 11914 58 12017 54 12042 53 12065 50 12136 49 12185 48 12246 47 12279 42 12316 41 12418 40 12504 38 12552 37 12634 36 12683 35 12751 34 12786 33 12878 31 12907 30 12990 28 13054 27 13075 26 13083 25 13127 20 13176 19 13273 17 13364 16 13448 11 13462 10 13503 8 13601 7 13699 6 13776 5 13877 4 13948 3 13967 2 14055 1 14154
75 80 57647 79 57658 78 57716 77 57798 76 57880 75 57907 74 57972 72 57992 71 58033 70 58086 69 58172 68 58248 67 58272 64 58322 63 58365 62 58433 61 58505 60 58600 59 58673 58 58740 57 58835 56 58935 55 58971 54 59052 53 59080 52 59151 51 59226 50 59297 49 59351 48 59435 47 59472 46 59527 45 59534 44 59591 43 59659 42 59695 41 59784 40 59813 39 59874 38 59898 37 59982 36 60067 35 60077 34 60131 33 60182 32 60261 31 60360 30 60389 28 60401 27 60461 26 60497 25 60521 24 60603 23 60689 22 60789 21 60823 20 60831 19 60917 18 60993 17 61061 16 61067 15 61083 14 61166 13 61261 12 61277 10 61375 9 61394 8 61406 7 61422 6 61480 5 61570 4 61663 3 61724 2 61819 1 61910
13 70 27980 68 28038 60 28119 57 28192 54 28258 40 28319 37 28422 31 28526 29 28567 27 28646 13 28653 11 28701 9 28805
12 72 74531 67 74617 64 74645 61 74703 59 74780 52 74807 50 74839 43 74911 37 74938 16 74949 7 75008 3 75067
11 7 79379 8 79390 15 79474 22 79495 33 79556 42 79594 45 79635 50 79697 68 79781 76 79823 79 79923
25 80 52414 79 52428 70 52509 67 52576 65 52634 59 52708 55 52772 46 52798 43 52812 41 52846 39 52915 38 52970 36 53058 32 53155 31 53258 27 53292 25 53348 23 53362 22 53397 19 53432 15 53469 14 53509 7 53520 6 53572 3 53597
47 1 40392 3 40426 4 40492 6 40566 7 40662 12 40749 14 40759 15 40790 16 40864 18 40931 19 41018 21 41039 25 41075 26 41131 27 41140 29 41240 32 41305 33 41344 35 41358 36 41433 37 41477 38 41516 44 41555 45 41602 46 41648 48 41668 49 41742 52 41827 53 41887 54 41939 55 42042 57 42053 59 42157 60 42198 62 42245 63 42273 65 42297 66 42336 68 42407 70 42429 71 42506 72 42516 73 42525 74 42537 77 42572 78 42590 79 42617
24 75 97804 72 97857 70 97887 65 97983 63 98001 60 98042 56 98059 53 98124 52 98183 51 98243 50 98259 41 98348 35 98384 34 98431 33 98533 26 98566 21 98645 20 98710 18 98730 16 98811 13 98904 10 98934 7 98950 1 98998
24 2 53452 7 53463 9 53510 22 53533 25 53568 26 53602 27 53644 32 53721 38 53772 39 53782 40 53807 45 53853 47 53942 59 54029 60 54040 63 54062 65 54087 67 54165 70 54210 71 54283 74 54307 75 54410 77 54479 78 54506
24 75 129244 69 129315 59 129329 54 129421 52 129493 49 129557 48 129599 47 129666 45 129714 40 129786 39 129824 37 129915 35 129924 34 130014 30 130098 29 130187 28 130206 22 130295 17 130357 16 130414 14 130505 9 130585 3 130644 1 130719
77 80 21495 79 21515 77 21528 76 21551 75 21565 74 21669 73 21680 72 21754 71 21804 70 21873 69 21945 68 22011 67 22047 66 22125 65 22184 64 22263 63 22339 62 22350 61 22434 60 22513 58 22518 57 22600 56 22664 55 22720 54 22804 53 22898 52 22991 51 23058 50 23157 49 23245 48 23331 47 23347 46 23415 45 23474 44 23528 43 23617 42 23702 41 23741 40 23841 39 23858 38 23917 37 23980 36 24039 34 24084 33 24106 32 24183 31 24207 30 24230 29 24250 28 24304 27 24327 26 24383 25 24483 24 24505 23 24541 22 24609 21 24683 20 24697 19 24770 18 24836 17 24842 16 24857 15 24920 14 24948 13 25011 12 25056 11 25156 10 25188 9 25211 8 25222 7 25285 6 25385 5 25420 4 25440 3 25446 2 25484 1 25546
22 1 62507 9 62558 14 62630 15 62710 16 62791 21 62826 23 62924 31 62978 33 62996 38 63073 41 63129 49 63217 50 63315 52 63322 54 63364 58 63406 61 63412 64 63504 65 63604 67 63616 73 63672 80 63745
25 73 79080 68 79138 61 79235 59 79309 55 79404 54 79499 51 79529 49 79604 47 79625 46 79687 41 79768 39 79782 37 79808 35 79894 32 79914 29 79980 26 80037 25 80094 17 80175 15 80202 10 80215 7 80238 5 80254 4 80332 3 80372
27 78 81027 76 81046 70 81096 68 81184 66 81214 63 81280 56 81350 54 81389 52 81459 51 81528 50 81620 49 81629 47 81704 42 81748 39 81819 37 81855 35 81874 29 81919 28 81954 21 82014 20 82044 17 82123 16 82167 13 82211 7 82262 5 82275 3 82349
40 2 74662 4 74670 6 74706 10 74796 11 74882 13 74981 15 75040 16 75107 17 75142 18 75169 19 75253 21 75315 22 75369 23 75375 24 75472 25 75492 27 75565 28 75588 31 75626 32 75705 35 75757 37 75787 39 75826 40 75918 43 76021 44 76069 46 76122 47 76208 50 76247 51 76311 57 76329 59 76430 60 76440 66 76525 67 76567 70 76610 72 76627 75 76715 79 76730 80 76774
23 1 93152 7 93253 10 93299 16 93332 19 93405 22 93472 26 93544 33 93583 34 93592 35 93689 37 93783 40 93801 44 93823 49 93927 50 94013 51 94098 54 94169 59 94209 61 94275 62 94338 71 94362 72 94401 79 94428
46 1 37643 3 37709 5 37730 6 37814 9 37917 11 38003 12 38040 15 38101 17 38172 18 38197 19 38272 20 38328 21 38362 22 38415 24 38452 25 38477 26 38494 27 38580 31 38613 33 38698 34 38749 35 38829 36 38864 38 38943 40 38958 41 38996 44 39051 49 39118 50 39132 51 39220 53 39246 56 39271 58 39362 59 39396 62 39406 63 39459 64 39552 65 39641 66 39680 68 39709 69 39753 75 39791 76 39889 77 39945 78 40047 79 40142
62 1 22317 2 22402 3 22442 4 22541 5 22562 6 22628 7 22666 8 22713 9 22748 10 22834 11 22922 12 22982 13 23047 15 23131 16 23226 17 23293 18 23350 20 23451 21 23499 23 23544 24 23570 26 23672 27 23721 28 23750 29 23787 30 23825 31 23914 32 23963 33 23990 34 24013 35 24064 36 24108 37 24145 38 24219 39 24301 40 24358 41 24382 43 24422 44 24473 45 24482 46 24555 47 24565 48 24638 50 24734 51 24748 53 24839 54 24929 55 24985 56 25011 58 25090 60 25120 61 25134 62 25216 64 25292 66 25361 67 25453 68 25521 71 25540 72 25627 75 25672 77 25743 79 25770
74 1 88983 2 89006 3 89100 4 89113 5 89215 6 89313 7 89356 8 89388 9 89413 10 89499 11 89592 12 89648 13 89713 14 89792 15 89830 16 89846 17 89868 18 89968 19 90016 20 90080 21 90138 22 90224 23 90276 25 90341 26 90416 27 90439 28 90461 29 90551 30 90584 31 90625 32 90679 33 90753 34 90853 35 90951 36 91004 37 91040 39 91115 40 91200 41 91280 42 91334 44 91355 45 91398 46 91408 47 91457 48 91466 49 91543 50 91553 51 91571 52 91632 53 91732 54 91770 56 91799 57 91828 58 91874 59 91898 60 91958 61 92021 62 92059 63 92137 65 92177 66 92230 67 92326 69 92366 70 92412 71 92452 72 92469 73 92539 74 92570 75 92597 76 92670 77 92704 78 92718 79 92779 80 92879
31 79 51577 78 51637 75 51648 70 51706 67 51763 61 51839 58 51878 56 51906 55 51913 53 51937 48 51981 47 52006 43 52065 41 52155 38 52215 37 52259 36 52330 30 52372 29 52387 28 52403 27 52427 24 52527 22 52558 20 52609 19 52675 16 52707 14 52793 12 52892 9 52906 2 52984 1 53085
14 78 70002 72 70094 64 70155 52 70191 51 70211 49 70309 40 70328 33 70367 26 70426 23 70464 18 70473 11 70498 9 70570 7 70618
27 80 66471 74 66499 73 66543 71 66619 69 66697 68 66788 67 66855 65 66933 61 67029 60 67112 54 67160 53 67212 51 67232 49 67311 48 67415 45 67470 40 67495 38 67579 34 67584 30 67610 29 67681 28 67745 26 67819 25 67857 23 67889 10 67939 4 67996
27 6 97053 9 97073 10 97107 11 97202 12 97232 18 97252 22 97332 25 97367 26 97456 28 97559 34 97614 35 97718 36 97745 41 97843 42 97848 44 97923 45 97940 49 97985 50 98008 52 98108 55 98177 56 98264 58 98342 62 98390 76 98454 78 98469 79 98543
26 80 73673 77 73748 75 73834 72 73920 67 74014 66 74046 64 74114 55 74138 54 74174 43 74221 42 74301 41 74332 38 74341 34 74384 32 74453 30 74539 29 74569 28 74580 26 74672 23 74710 17 74715 16 74769 15 74851 13 74905 6 74985 3 75007
19 75 67244 64 67278 63 67348 56 67371 53 67473 50 67500 45 67585 43 67626 41 67651 39 67731 35 67746 33 67839 25 67904 22 67920 13 67948 10 68052 7 68085 5 68123 1 68187
37 77 96191 73 96198 70 96228 69 96277 65 96333 63 96435 61 96517 58 96590 56 96686 53 96780 52 96834 49 96859 48 96929 47 96959 46 97023 45 97093 41 97163 39 97238 38 97270 33 97359 31 97407 30 97495 28 97511 24 97565 23 97648 21 97671 17 97736 16 97768 15 97855 13 97879 12 97885 10 97918 9 97976 6 98054 5 98145 3 98213 1 98256
47 1 58501 2 58535 4 58545 6 58627 9 58702 11 58756 12 58855 14 58930 15 59004 18 59108 19 59125 22 59175 24 59253 25 59311 26 59326 30 59349 32 59377 33 59432 35 59503 36 59525 38 59539 39 59636 40 59647 43 59701 45 59772 46 59798 47 59832 48 59852 50 59945 51 59960 52 59980 54 59993 55 60051 56 60065 57 60071 58 60124 61 60183 63 60219 64 60259 66 60314 67 60399 68 60459 69 60533 70 60568 77 60659 78 60667 79 60710
69 80 67652 79 67690 78 67764 77 67842 76 67874 75 67946 74 67962 73 67998 71 68097 70 68128 69 68219 68 68285 67 68361 66 68393 65 68460 64 68526 63 68603 62 68652 61 68680 60 68713 59 68777 58 68804 57 68885 56 68890 55 68988 53 69024 52 69079 51 69116 49 69138 48 69213 47 69222 46 69281 45 69371 44 69411 43 69421 42 69453 41 69490 40 69509 39 69548 38 69636 37 69671 36 69774 34 69806 33 69837 32 69916 31 70013 29 70097 28 70131 27 70149 26 70230 25 70280 24 70331 23 70344 22 70402 18 70430 17 70466 16 70541 15 70629 14 70654 13 70693 12 70729 11 70823 9 70839 6 70855 5 70903 4 70984 3 71040 2 71117 1 71123
13 10 40078 19 40092 20 40114 26 40199 32 40205 36 40275 41 40369 48 40457 50 40519 52 40610 56 40695 61 40761 64 40798
39 2 33095 4 33131 9 33190 11 33252 13 33301 15 33351 16 33380 18 33463 23 33541 24 33553 26 33626 27 33716 29 33820 33 33902 34 33943 35 33985 36 34039 38 34113 40 34129 42 34201 45 34271 48 34295 50 34311 51 34351 52 34420 53 34429 54 34495 55 34531 57 34540 59 34608 60 34664 62 34678 63 34705 64 34781 65 34795 70 34893 71 34940 77 35030 80 35094
5 29 55989 38 56057 64 56137 68 56235 79 56325
65 80 79615 79 79623 76 79684 75 79718 74 79776 73 79848 72 79941 71 80025 70 80057 69 80104 68 80179 67 80204 66 80252 65 80323 64 80398 63 80410 61 80443 60 80461 57 80477 54 80504 53 80607 51 80705 50 80775 49 80844 48 80871 47 80918 46 81013 45 81066 44 81143 43 81217 41 81303 39 81392 38 81465 37 81472 36 81526 35 81626 33 81633 32 81660 31 81719 30 81809 29 81832 28 81845 27 81893 26 81961 24 82059 22 82072 21 82155 20 82256 19 82278 18 82301 17 82364 16 82400 15 82495 14 82542 13 82604 12 82636 11 82723 9 82774 8 82831 7 82914 5 82936 4 82982 3 83079 2 83090 1 83166
59 1 35505 2 35539 3 35626 4 35724 5 35747 6 35848 7 35913 8 35954 9 35969 10 35978 11 35984 16 36039 17 36102 18 36206 20 36226 21 36295 22 36369 24 36470 26 36535 28 36567 29 36656 30 36698 31 36710 32 36732 33 36792 35 36896 36 36996 39 37074 40 37145 41 37162 42 37180 43 37257 44 37309 45 37374 47 37454 48 37534 49 37609 50 37660 51 37746 52 37768 53 37784 54 37868 56 37962 57 37978 58 38024 59 38114 60 38147 61 38243 62 38314 63 38384 65 38413 69 38438 72 38460 74 38521 75 38561 76 38592 77 38687 78 38739 80 38756
52 2 40888 3 40900 5 40984 6 41083 7 41170 8 41247 10 41272 11 41359 12 41365 13 41442 14 41503 16 41580 17 41611 19 41661 20 41709 21 41738 22 41783 24 41855 26 41937 27 41963 28 41996 29 42008 30 42110 31 42138 33 42218 36 42239 39 42258 41 42312 42 42415 43 42474 44 42500 45 42592 47 42617 48 42699 49 42787 50 42864 52 42915 56 42934 57 42939 58 43007 59 43030 60 43047 61 43053 66 43091 67 43128 69 43169 70 43180 71 43225 72 43285 74 43330 76 43395 80 43441
68 1 72314 3 72322 4 72385 5 72479 6 72567 7 72594 8 72633 9 72660 10 72756 11 72821 12 72859 13 72897 14 72950 15 73000 17 73015 18 73071 19 73169 20 73188 21 73277 23 73294 24 73352 26 73390 28 73442 30 73530 31 73577 32 73651 33 73706 34 73779 35 73855 36 73905 37 73913 38 73958 39 74012 40 74060 41 74150 42 74211 43 74264 45 74284 46 74333 47 74393 48 74453 49 74483 50 74504 51 74566 52 74596 53 74645 54 74664 55 74762 56 74798 58 74855 59 74918 61 74979 62 75041 63 75073 64 75126 65 75175 66 75261 67 75297 68 75394 69 75415 72 75469 74 75483 75 75544 76 75564 77 75616 78 75700 79 75796 80 75817
75 1 77305 2 77325 3 77374 4 77478 5 77502 7 77517 8 77583 9 77621 10 77649 11 77654 12 77679 13 77701 14 77764 15 77868 16 77908 17 77934 18 77973 19 78070 20 78108 21 78171 22 78242 23 78306 24 78356 25 78425 26 78507 27 78517 28 78620 29 78670 30 78734 31 78788 32 78870 33 78954 34 79046 35 79141 36 79225 37 79297 38 79307 39 79353 40 79433 41 79508 42 79556 43 79650 44 79731 45 79831 46 79863 47 79913 48 79964 49 80053 50 80140 51 80217 52 80237 54 80283 55 80353 56 80370 59 80462 60 80472 61 80533 62 80594 63 80646 64 80686 65 80786 66 80809 67 80819 68 80903 69 80966 70 80981 71 81031 72 81079 73 81181 74 81220 75 81273 76 81348 78 81446 79 81483 80 81508
11 11 65556 14 65639 15 65714 27 65796 35 65855 37 65936 38 65979 54 65984 69 65998 73 66048 76 66074
72 1 100913 2 100998 3 101072 4 101123 6 101166 7 101211 8 101249 9 101303 10 101352 11 101399 12 101410 13 101487 14 101568 16 101618 17 101661 19 101687 20 101708 21 101717 22 101810 23 101877 24 101921 25 101938 26 102036 28 102060 29 102095 30 102184 31 102254 32 102259 33 102293 34 102381 35 102461 36 102521 37 102556 38 102653 39 102665 41 102758 42 102838 43 102936 44 103035 45 103130 46 103158 47 103261 49 103339 50 103404 51 103499 52 103554 53 103583 54 103618 55 103708 57 103797 58 103873 59 103898 61 103988 62 104004 63 104066 64 104136 65 104173 66 104261 67 104306 68 104334 69 104378 70 104414 71 104471 72 104506 73 104552 74 104653 75 104685 76 104764 77 104795 78 104894 79 104993 80 105000
27 79 93352 78 93392 76 93453 74 93553 68 93652 67 93741 65 93823 64 93848 63 93950 60 94048 57 94074 54 94157 51 94242 49 94280 47 94304 43 94388 41 94467 40 94480 39 94563 22 94607 20 94634 18 94644 13 94657 11 94731 5 94801 3 94877 2 94894
5 24 41737 39 41763 42 41819 52 41876 54 41903
48 80 90620 78 90637 76 90670 75 90746 74 90843 72 90891 71 90968 70 91047 69 91112 68 91189 66 91198 65 91207 64 91229 62 91264 61 91323 60 91329 59 91399 58 91501 57 91523 56 91610 54 91678 53 91724 52 91738 49 91804 48 91883 47 91960 46 91970 44 91981 42 92019 39 92083 36 92166 32 92230 31 92331 30 92399 29 92473 28 92499 27 92572 24 92577 23 92625 21 92726 19 92781 17 92823 15 92854 14 92886 13 92920 9 92982 5 93027 1 93108
7 80 43605 72 43704 66 43774 41 43858 40 43885 28 43918 18 43957
29 80 42249 72 42316 69 42330 67 42380 66 42452 64 42496 63 42535 62 42631 61 42682 59 42733 56 42756 53 42851 51 42894 49 42901 42 42947 39 43012 37 43024 34 43112 32 43155 29 43254 25 43349 22 43359 20 43451 18 43525 17 43611 16 43663 10 43704 7 43756 4 43838
23 5 83747 6 83761 7 83790 9 83825 20 83866 22 83939 25 84037 26 84103 27 84184 33 84198 40 84252 43 84296 44 84331 48 84417 51 84489 53 84563 55 84572 58 84582 64 84625 67 84681 73 84716 78 84794 80 84887
57 1 38459 2 38552 3 38603 4 38638 5 38702 6 38744 8 38847 9 38891 10 38936 11 39001 12 39018 13 39077 16 39131 18 39171 19 39215 20 39272 21 39339 22 39397 23 39482 25 39510 26 39538 27 39624 28 39701 29 39770 31 39836 33 39907 34 39938 35 39989 37 40066 38 40120 41 40190 42 40258 43 40270 44 40319 46 40348 47 40357 48 40420 49 40513 51 40521 54 40621 56 40676 57 40774 59 40779 60 40805 62 40860 63 40896 64 40954 68 40967 69 41037 70 41087 72 41160 73 41200 74 41209 76 41281 78 41305 79 41314 80 41325
66 1 81375 2 81406 4 81432 5 81488 6 81523 7 81607 8 81685 9 81724 10 81822 11 81852 14 81931 16 82000 17 82026 18 82080 19 82164 20 82207 21 82235 22 82243 23 82347 24 82394 26 82489 27 82528 28 82629 29 82704 30 82800 31 82826 32 82925 33 83020 35 83098 36 83145 37 83224 38 83270 39 83335 41 83385 42 83454 44 83557 45 83635 48 83738 49 83796 50 83853 51 83860 52 83910 53 83990 54 84061 55 84077 56 84163 57 84224 58 84256 59 84318 60 84346 61 84373 62 84470 63 84523 64 84595 65 84696 66 84702 67 84784 68 84811 69 84859 71 84877 72 84882 73 84968 76 85010 77 85082 78 85140 79 85210
49 80 109397 79 109473 78 109491 76 109563 75 109622 73 109724 71 109771 70 109789 69 109868 68 109875 67 109947 66 110030 65 110060 64 110090 62 110148 61 110243 60 110294 58 110306 57 110364 56 110432 54 110462 52 110510 51 110601 49 110632 48 110700 46 110798 43 110897 42 110962 41 111041 40 111117 39 111167 37 111214 34 111261 32 111285 31 111348 27 111392 25 111473 24 111481 22 111563 20 111654 17 111720 14 111735 12 111748 9 111802 6 111870 5 111905 4 111912 3 111985 2 112048
35 77 100686 71 100733 70 100758 68 100839 64 100883 62 100963 57 101014 55 101040 53 101046 52 101112 49 101122 46 101151 45 101234 43 101270 42 101369 39 101412 38 101462 37 101563 33 101662 32 101674 31 101768 30 101865 29 101925 28 101940 27 101959 26 102035 24 102042 20 102144 19 102176 18 102186 16 102247 12 102301 10 102323 3 102392 1 102421
4 71 62396 68 62414 17 62468 11 62480
12 66 64003 64 64071 63 64132 62 64176 59 64252 53 64345 51 64394 44 64489 35 64522 16 64585 15 64606 13 64655
43 80 21755 78 21817 76 21823 72 21835 71 21913 70 21919 68 22008 65 22019 62 22055 61 22061 58 22074 55 22091 51 22145 48 22235 46 22273 43 22367 42 22429 41 22471 40 22478 39 22520 37 22531 36 22619 35 22704 34 22767 32 22871 28 22973 26 23004 25 23025 24 23036 23 23063 22 23158 21 23207 19 23233 16 23336 15 23427 13 23488 12 23540 11 23574 10 23631 9 23708 8 23736 6 23794 4 23895
38 80 56478 79 56519 78 56568 76 56590 71 56615 70 56704 65 56764 64 56860 62 56921 58 57022 57 57104 56 57186 55 57257 54 57352 52 57403 51 57445 49 57462 43 57515 41 57583 40 57592 38 57614 37 57658 36 57702 35 57737 34 57809 31 57903 30 57956 27 57985 23 58050 22 58116 21 58193 20 58262 15 58324 12 58396 11 58461 10 58482 8 58515 6 58552
54 1 8318 2 8406 3 8424 5 8431 8 8457 9 8515 10 8573 11 8649 12 8678 14 8701 15 8772 16 8798 17 8843 19 8892 20 8993 21 9041 23 9105 25 9178 27 9202 28 9235 30 9281 31 9340 34 9416 36 9459 38 9486 39 9560 40 9589 41 9652 42 9737 43 9764 44 9784 50 9839 51 9859 53 9941 56 9960 57 10027 58 10066 59 10107 61 10200 62 10285 64 10301 65 10373 67 10386 68 10413 69 10490 70 10592 71 10694 72 10795 73 10833 75 10856 77 10879 78 10884 79 10972 80 11045
36 1 54899 2 54955 3 54994 4 55062 6 55104 7 55206 8 55216 9 55285 11 55298 12 55376 14 55459 19 55534 26 55551 30 55562 32 55567 33 55617 34 55659 37 55752 38 55788 39 55856 42 55866 44 55917 46 56007 48 56102 49 56121 50 56216 51 56295 53 56379 54 56440 55 56461 57 56490 61 56507 65 56601 70 56675 74 56733 78 56799
43 80 18234 79 18244 78 18317 77 18416 73 18436 71 18534 70 18610 69 18637 67 18698 66 18722 65 18810 64 18864 62 18920 59 18947 58 18966 57 19064 56 19141 53 19168 52 19208 49 19253 43 19262 42 19268 40 19342 39 19361 38 19415 36 19495 30 19537 29 19559 27 19636 23 19648 22 19682 21 19733 19 19761 18 19808 15 19873 14 19897 11 19919 10 19973 7 20071 6 20156 5 20253 4 20269 2 20331
47 80 53702 79 53778 78 53786 77 53874 76 53913 75 53930 74 54012 69 54054 68 54143 67 54246 66 54290 65 54379 64 54447 63 54542 62 54594 61 54693 59 54797 55 54881 54 54983 52 55072 51 55089 50 55145 47 55182 45 55241 44 55330 35 55420 30 55501 29 55541 28 55605 27 55613 26 55622 25 55689 23 55758 22 55768 21 55785 20 55795 18 55852 17 55885 12 55944 10 55987 8 55997 7 56027 6 56072 5 56109 4 56183 3 56243 2 56271
71 80 57659 79 57726 78 57826 77 57917 76 57970 75 58072 74 58154 73 58244 72 58347 71 58412 69 58484 68 58553 67 58646 66 58691 65 58707 64 58742 63 58776 62 58805 61 58887 60 58966 59 59044 58 59111 57 59117 56 59201 55 59251 54 59299 53 59382 52 59469 51 59568 50 59603 47 59689 46 59738 45 59768 44 59822 43 59918 42 59950 41 60013 40 60039 39 60129 38 60229 37 60235 36 60307 35 60321 33 60409 32 60460 31 60526 30 60547 29 60642 28 60685 27 60772 26 60851 24 60867 22 60929 21 61023 20 61090 19 61188 18 61207 17 61260 16 61363 15 61462 14 61536 13 61591 12 61680 9 61758 8 61767 7 61795 6 61852 5 61903 4 61918 2 61946 1 62000
66 80 30080 77 30178 76 30183 75 30274 74 30348 73 30365 72 30376 70 30407 69 30477 68 30527 67 30568 66 30639 65 30711 61 30803 59 30835 57 30919 56 30963 55 31043 54 31104 53 31122 52 31144 51 31209 50 31302 49 31389 48 31395 47 31437 46 31509 44 31580 43 31638 42 31696 41 31760 40 31827 39 31832 38 31924 37 32008 36 32095 35 32113 34 32183 33 32262 31 32350 30 32366 28 32425 27 32463 23 32552 22 32573 21 32633 20 32682 19 32781 18 32844 17 32931 16 32975 15 33036 14 33136 13 33144 12 33219 11 33228 10 33239 9 33308 8 33336 7 33394 6 33481 5 33540 4 33610 3 33708 2 33811 1 33864
59 79 22037 78 22083 77 22173 74 22238 73 22312 71 22400 70 22456 69 22533 68 22541 66 22560 62 22576 61 22587 60 22679 57 22780 56 22821 53 22916 51 23009 50 23055 49 23138 48 23144 47 23210 46 23286 45 23319 43 23333 42 23341 41 23414 40 23481 39 23527 35 23611 34 23616 33 23720 32 23758 31 23779 30 23872 29 23926 28 24020 27 24122 26 24186 25 24207 24 24271 23 24366 22 24378 20 24468 19 24481 18 24489 17 24535 16 24559 15 24612 14 24665 12 24671 11 24705 10 24738 9 24784 8 24863 7 24870 5 24910 3 24915 2 24960 1 24972
30 2 55502 8 55533 9 55553 10 55618 16 55696 18 55759 24 55791 25 55858 26 55915 32 56018 35 56054 36 56118 41 56204 42 56225 47 56245 49 56332 53 56384 54 56391 60 56474 62 56506 69 56522 70 56586 71 56689 72 56776 73 56802 75 56823 76 56858 78 56899 79 56916 80 56976
41 80 61088 76 61146 75 61204 73 61210 70 61266 68 61348 67 61431 66 61445 65 61538 63 61641 62 61681 58 61754 54 61779 50 61828 49 61915 48 61944 46 62008 45 62067 44 62167 43 62251 42 62321 41 62372 39 62429 38 62518 37 62598 33 62618 32 62631 31 62646 30 62692 28 62740 27 62831 26 62859 21 62915 19 62991 17 63045 16 63142 11 63207 9 63286 8 63388 7 63403 6 63456
25 5 97568 8 97598 10 97654 11 97687 13 97780 15 97794 21 97895 23 97966 27 98017 33 98070 42 98124 50 98223 52 98238 55 98257 56 98299 58 98354 61 98361 68 98457 69 98540 70 98624 72 98673 73 98722 76 98755 78 98788 79 98793
49 2 27208 4 27293 5 27323 6 27423 7 27498 8 27599 9 27651 10 27729 12 27748 15 27769 16 27787 17 27870 19 27902 20 27911 21 27970 22 28018 23 28114 24 28141 25 28234 26 28284 32 28314 33 28356 34 28395 36 28466 37 28518 39 28530 40 28563 41 28602 43 28702 45 28744 47 28773 51 28868 53 28914 54 28966 56 29068 58 29163 60 29175 62 29260 63 29362 64 29394 66 29449 67 29492 70 29512 74 29546 75 29638 76 29680 77 29737 79 29832 80 29910
7 69 102292 64 102378 48 102398 44 102453 35 102536 13 102638 4 102681
13 4 88312 5 88342 10 88431 32 88456 33 88550 37 88653 40 88706 55 88808 57 88828 60 88886 64 88911 68 88946 69 89002
