100 51
100
50 53 1292 49 1297 48 1301 47 1306 46 1310 45 1312 44 1320 43 1327 42 1331 41 1339 40 1343 39 1349 38 1350 37 1357 36 1367 35 1369 34 1378 33 1379 32 1385 31 1390 30 1394 29 1395 28 1398 27 1402 26 1405 25 1407 24 1412 23 1421 22 1429 21 1432 20 1435 19 1438 18 1440 17 1450 16 1457 15 1465 14 1469 13 1473 12 1476 11 1478 10 1486 9 1489 8 1497 7 1502 6 1512 5 1516 4 1521 3 1531 2 1541 1 1548
17 16 420 85 433 86 442 87 450 88 453 89 463 90 471 91 479 92 483 93 491 94 495 95 497 96 504 97 514 98 518 99 523 100 526
35 34 889 67 899 68 904 69 910 70 920 71 927 72 932 73 936 74 938 75 943 76 950 77 957 78 964 79 972 80 977 81 984 82 985 83 990 84 997 85 1000 86 1002 87 1004 88 1014 89 1020 90 1022 91 1027 92 1032 93 1040 94 1041 95 1045 96 1049 97 1056 98 1061 99 1069 100 1072
30 73 754 29 761 28 771 27 772 26 776 25 778 24 785 23 795 22 805 21 814 20 817 19 827 18 829 17 837 16 843 15 853 14 855 13 859 12 862 11 871 10 877 9 881 8 890 7 895 6 898 5 907 4 917 3 926 2 929 1 938
49 48 1278 53 1292 54 1294 55 1304 56 1311 57 1314 58 1317 59 1321 60 1327 61 1336 62 1346 63 1351 64 1352 65 1354 66 1360 67 1367 68 1369 69 1370 70 1377 71 1380 72 1385 73 1386 74 1388 75 1389 76 1395 77 1399 78 1400 79 1406 80 1416 81 1420 82 1430 83 1436 84 1438 85 1439 86 1446 87 1451 88 1453 89 1456 90 1459 91 1467 92 1468 93 1471 94 1479 95 1487 96 1489 97 1495 98 1497 99 1507 100 1510
8 7 178 94 187 95 194 96 201 97 202 98 206 99 210 100 217
4 99 49 3 59 2 68 1 70
19 18 474 83 487 84 491 85 497 86 502 87 510 88 514 89 521 90 527 91 533 92 539 93 542 94 544 95 546 96 553 97 556 98 564 99 573 100 576
7 6 150 95 157 96 163 97 165 98 169 99 172 100 178
37 36 956 65 962 66 967 67 972 68 973 69 979 70 982 71 985 72 995 73 1000 74 1005 75 1009 76 1013 77 1014 78 1021 79 1022 80 1023 81 1029 82 1033 83 1036 84 1044 85 1050 86 1051 87 1058 88 1063 89 1073 90 1074 91 1077 92 1082 93 1091 94 1097 95 1104 96 1111 97 1114 98 1118 99 1121 100 1124
38 65 971 37 976 36 980 35 988 34 994 33 1002 32 1011 31 1019 30 1025 29 1027 28 1033 27 1043 26 1048 25 1057 24 1063 23 1065 22 1069 21 1075 20 1083 19 1088 18 1093 17 1096 16 1100 15 1104 14 1113 13 1116 12 1121 11 1128 10 1131 9 1139 8 1148 7 1154 6 1160 5 1168 4 1173 3 1178 2 1184 1 1192
4 3 63 98 72 99 81 100 82
29 28 742 73 751 74 760 75 770 76 777 77 784 78 793 79 798 80 799 81 804 82 807 83 808 84 810 85 811 86 817 87 819 88 823 89 829 90 836 91 846 92 852 93 862 94 867 95 869 96 871 97 878 98 880 99 885 100 893
17 86 402 16 415 15 416 14 424 13 425 12 428 11 431 10 432 9 439 8 446 7 456 6 460 5 469 4 475 3 480 2 485 1 488
14 13 319 88 325 89 333 90 341 91 349 92 351 93 356 94 365 95 372 96 374 97 378 98 382 99 383 100 388
29 74 721 28 733 27 736 26 744 25 746 24 754 23 759 22 767 21 776 20 781 19 787 18 790 17 795 16 798 15 799 14 803 13 808 12 810 11 820 10 826 9 828 8 834 7 841 6 845 5 847 4 848 3 853 2 857 1 858
21 82 502 20 509 19 517 18 520 17 529 16 537 15 546 14 548 13 550 12 558 11 567 10 575 9 580 8 590 7 591 6 593 5 602 4 605 3 609 2 617 1 621
30 29 762 72 776 73 784 74 791 75 800 76 803 77 812 78 818 79 822 80 831 81 839 82 849 83 858 84 862 85 870 86 879 87 884 88 886 89 893 90 895 91 897 92 906 93 916 94 922 95 929 96 934 97 935 98 938 99 948 100 949
23 22 572 79 579 80 581 81 587 82 590 83 594 84 604 85 614 86 624 87 627 88 629 89 630 90 636 91 638 92 642 93 647 94 653 95 660 96 668 97 676 98 683 99 690 100 696
20 83 489 19 494 18 501 17 511 16 512 15 518 14 528 13 538 12 547 11 552 10 558 9 567 8 577 7 579 6 585 5 592 4 596 3 606 2 613 1 619
47 46 1233 55 1238 56 1245 57 1255 58 1260 59 1268 60 1278 61 1282 62 1288 63 1296 64 1299 65 1302 66 1310 67 1316 68 1318 69 1324 70 1329 71 1330 72 1337 73 1343 74 1347 75 1352 76 1354 77 1364 78 1368 79 1372 80 1382 81 1388 82 1389 83 1391 84 1394 85 1400 86 1407 87 1410 88 1419 89 1424 90 1427 91 1433 92 1443 93 1448 94 1451 95 1455 96 1459 97 1462 98 1466 99 1467 100 1468
21 20 518 81 529 82 532 83 537 84 542 85 551 86 553 87 562 88 572 89 580 90 582 91 583 92 590 93 596 94 599 95 608 96 611 97 619 98 620 99 627 100 630
13 12 296 89 304 90 306 91 310 92 313 93 316 94 318 95 328 96 335 97 344 98 345 99 348 100 352
5 4 89 97 103 98 108 99 110 100 112
51 50 1336 51 1342 52 1351 53 1355 54 1362 55 1370 56 1375 57 1381 58 1383 59 1385 60 1389 61 1398 62 1407 63 1411 64 1414 65 1421 66 1430 67 1436 68 1439 69 1444 70 1453 71 1462 72 1472 73 1476 74 1481 75 1485 76 1487 77 1493 78 1501 79 1502 80 1504 81 1514 82 1516 83 1521 84 1528 85 1538 86 1545 87 1550 88 1556 89 1566 90 1572 91 1577 92 1581 93 1587 94 1594 95 1601 96 1603 97 1604 98 1605 99 1610 100 1612
49 54 1266 48 1278 47 1287 46 1294 45 1299 44 1300 43 1307 42 1310 41 1312 40 1315 39 1320 38 1325 37 1326 36 1331 35 1335 34 1340 33 1341 32 1348 31 1357 30 1367 29 1370 28 1373 27 1380 26 1387 25 1396 24 1400 23 1409 22 1419 21 1423 20 1433 19 1442 18 1443 17 1444 16 1449 15 1452 14 1458 13 1464 12 1465 11 1466 10 1469 9 1479 8 1486 7 1492 6 1502 5 1508 4 1513 3 1518 2 1526 1 1535
38 37 979 64 992 65 1002 66 1011 67 1017 68 1022 69 1027 70 1036 71 1038 72 1048 73 1053 74 1060 75 1070 76 1079 77 1089 78 1095 79 1104 80 1107 81 1110 82 1113 83 1118 84 1125 85 1135 86 1141 87 1147 88 1156 89 1161 90 1166 91 1170 92 1176 93 1183 94 1188 95 1194 96 1196 97 1204 98 1208 99 1212 100 1217
5 98 80 4 88 3 93 2 94 1 104
48 47 1252 54 1266 55 1268 56 1269 57 1277 58 1283 59 1292 60 1302 61 1304 62 1306 63 1311 64 1316 65 1319 66 1323 67 1326 68 1333 69 1342 70 1344 71 1347 72 1355 73 1360 74 1370 75 1374 76 1381 77 1383 78 1387 79 1390 80 1394 81 1401 82 1407 83 1412 84 1413 85 1418 86 1425 87 1429 88 1437 89 1438 90 1447 91 1452 92 1461 93 1464 94 1470 95 1471 96 1476 97 1483 98 1493 99 1502 100 1509
12 91 256 11 267 10 272 9 275 8 280 7 283 6 292 5 296 4 300 3 310 2 312 1 315
16 87 361 15 374 14 375 13 378 12 380 11 386 10 390 9 392 8 402 7 406 6 411 5 415 4 421 3 426 2 428 1 434
42 61 1075 41 1080 40 1082 39 1084 38 1085 37 1088 36 1095 35 1104 34 1112 33 1120 32 1122 31 1128 30 1137 29 1143 28 1150 27 1151 26 1158 25 1160 24 1169 23 1170 22 1174 21 1180 20 1187 19 1192 18 1196 17 1205 16 1207 15 1212 14 1220 13 1223 12 1228 11 1232 10 1238 9 1242 8 1246 7 1251 6 1261 5 1263 4 1273 3 1282 2 1287 1 1292
43 60 1096 42 1106 41 1111 40 1117 39 1119 38 1125 37 1134 36 1142 35 1145 34 1150 33 1157 32 1160 31 1170 30 1174 29 1182 28 1192 27 1201 26 1205 25 1213 24 1216 23 1223 22 1232 21 1237 20 1242 19 1252 18 1261 17 1268 16 1275 15 1281 14 1288 13 1295 12 1305 11 1307 10 1312 9 1317 8 1323 7 1326 6 1331 5 1335 4 1337 3 1338 2 1344 1 1354
23 80 565 22 570 21 573 20 580 19 581 18 583 17 587 16 597 15 598 14 601 13 607 12 612 11 621 10 630 9 638 8 641 7 647 6 656 5 658 4 660 3 667 2 668 1 676
7 96 136 6 142 5 144 4 148 3 152 2 157 1 165
27 26 675 75 686 76 691 77 693 78 699 79 704 80 708 81 713 82 722 83 732 84 734 85 742 86 746 87 751 88 758 89 762 90 763 91 773 92 778 93 788 94 798 95 806 96 813 97 821 98 831 99 841 100 848
3 2 39 99 47 100 51
25 24 618 77 626 78 632 79 638 80 645 81 646 82 652 83 661 84 671 85 677 86 684 87 688 88 691 89 696 90 700 91 701 92 704 93 709 94 712 95 719 96 723 97 726 98 727 99 729 100 733
45 44 1175 57 1182 58 1187 59 1196 60 1203 61 1212 62 1219 63 1225 64 1229 65 1234 66 1235 67 1239 68 1240 69 1244 70 1252 71 1261 72 1268 73 1275 74 1285 75 1289 76 1297 77 1298 78 1302 79 1307 80 1309 81 1314 82 1320 83 1325 84 1327 85 1336 86 1337 87 1345 88 1352 89 1359 90 1361 91 1368 92 1377 93 1379 94 1381 95 1388 96 1392 97 1393 98 1399 99 1400 100 1408
28 27 703 74 717 75 723 76 724 77 726 78 735 79 743 80 750 81 754 82 759 83 762 84 771 85 775 86 781 87 785 88 791 89 793 90 796 91 801 92 810 93 813 94 815 95 823 96 827 97 837 98 843 99 847 100 849
11 92 235 10 242 9 246 8 248 7 256 6 257 5 267 4 276 3 280 2 288 1 295
36 67 907 35 915 34 924 33 929 32 931 31 935 30 941 29 943 28 946 27 954 26 958 25 966 24 976 23 983 22 988 21 998 20 1008 19 1011 18 1012 17 1022 16 1032 15 1034 14 1040 13 1043 12 1049 11 1055 10 1060 9 1068 8 1072 7 1073 6 1075 5 1084 4 1088 3 1092 2 1096 1 1103
24 23 593 78 603 79 607 80 610 81 618 82 623 83 630 84 634 85 643 86 652 87 657 88 662 89 663 90 668 91 673 92 683 93 684 94 689 95 696 96 699 97 705 98 710 99 714 100 723
12 11 267 90 273 91 281 92 284 93 291 94 301 95 308 96 318 97 328 98 336 99 346 100 350
32 31 821 70 827 71 828 72 838 73 847 74 855 75 858 76 867 77 876 78 880 79 888 80 890 81 893 82 898 83 899 84 905 85 906 86 910 87 912 88 918 89 924 90 929 91 937 92 938 93 945 94 951 95 952 96 955 97 961 98 970 99 972 100 973
25 78 605 24 612 23 619 22 622 21 624 20 626 19 635 18 643 17 645 16 655 15 665 14 668 13 671 12 677 11 681 10 684 9 689 8 695 7 698 6 699 5 700 4 707 3 710 2 712 1 713
33 70 830 32 835 31 837 30 847 29 848 28 849 27 854 26 863 25 867 24 868 23 871 22 877 21 879 20 885 19 888 18 890 17 897 16 906 15 916 14 918 13 919 12 927 11 929 10 937 9 941 8 949 7 951 6 961 5 968 4 969 3 972 2 973 1 977
36 35 923 66 937 67 941 68 946 69 950 70 956 71 962 72 965 73 971 74 980 75 988 76 992 77 994 78 996 79 1006 80 1014 81 1020 82 1024 83 1027 84 1028 85 1035 86 1043 87 1053 88 1056 89 1064 90 1066 91 1071 92 1075 93 1080 94 1087 95 1095 96 1105 97 1106 98 1107 99 1114 100 1117
19 84 463 18 474 17 477 16 484 15 486 14 494 13 498 12 501 11 505 10 512 9 513 8 515 7 519 6 529 5 530 4 534 3 537 2 547 1 548
6 97 104 5 118 4 120 3 128 2 134 1 144
32 71 807 31 818 30 826 29 832 28 838 27 847 26 851 25 856 24 866 23 873 22 880 21 887 20 893 19 896 18 898 17 903 16 909 15 910 14 913 13 921 12 927 11 933 10 936 9 942 8 943 7 953 6 959 5 963 4 966 3 973 2 981 1 986
26 25 642 76 653 77 662 78 664 79 671 80 678 81 687 82 693 83 697 84 702 85 707 86 711 87 714 88 723 89 728 90 730 91 738 92 744 93 754 94 761 95 768 96 776 97 780 98 790 99 792 100 793
47 56 1217 46 1229 45 1237 44 1243 43 1250 42 1251 41 1253 40 1263 39 1270 38 1280 37 1285 36 1287 35 1289 34 1297 33 1303 32 1310 31 1316 30 1321 29 1327 28 1333 27 1338 26 1348 25 1356 24 1364 23 1373 22 1378 21 1379 20 1380 19 1387 18 1390 17 1395 16 1398 15 1401 14 1406 13 1409 12 1415 11 1425 10 1435 9 1437 8 1445 7 1453 6 1462 5 1465 4 1473 3 1479 2 1489 1 1490
41 62 1054 40 1061 39 1062 38 1065 37 1070 36 1072 35 1081 34 1086 33 1088 32 1095 31 1098 30 1107 29 1112 28 1117 27 1125 26 1133 25 1135 24 1140 23 1143 22 1149 21 1154 20 1162 19 1164 18 1172 17 1174 16 1183 15 1188 14 1198 13 1203 12 1212 11 1216 10 1225 9 1233 8 1239 7 1246 6 1256 5 1263 4 1273 3 1281 2 1290 1 1291
34 69 847 33 857 32 860 31 866 30 872 29 879 28 882 27 883 26 888 25 894 24 896 23 905 22 915 21 917 20 926 19 934 18 938 17 941 16 950 15 954 14 962 13 963 12 972 11 982 10 983 9 986 8 993 7 1003 6 1007 5 1012 4 1018 3 1027 2 1033 1 1040
37 66 946 36 955 35 964 34 969 33 975 32 982 31 984 30 992 29 1001 28 1002 27 1011 26 1015 25 1022 24 1027 23 1037 22 1046 21 1051 20 1057 19 1061 18 1066 17 1073 16 1083 15 1086 14 1094 13 1097 12 1104 11 1108 10 1112 9 1118 8 1122 7 1124 6 1127 5 1130 4 1134 3 1136 2 1141 1 1144
22 81 538 21 545 20 550 19 551 18 555 17 564 16 567 15 569 14 579 13 585 12 590 11 592 10 602 9 603 8 612 7 619 6 621 5 627 4 633 3 637 2 647 1 650
46 57 1187 45 1195 44 1198 43 1202 42 1210 41 1212 40 1213 39 1218 38 1222 37 1225 36 1228 35 1236 34 1241 33 1246 32 1256 31 1260 30 1270 29 1272 28 1279 27 1289 26 1297 25 1298 24 1308 23 1317 22 1321 21 1322 20 1331 19 1339 18 1345 17 1348 16 1351 15 1361 14 1371 13 1372 12 1377 11 1387 10 1389 9 1395 8 1397 7 1401 6 1404 5 1410 4 1414 3 1424 2 1430 1 1432
35 68 883 34 888 33 891 32 892 31 897 30 902 29 909 28 916 27 922 26 926 25 929 24 938 23 946 22 951 21 957 20 959 19 967 18 973 17 983 16 986 15 990 14 992 13 998 12 1002 11 1007 10 1017 9 1019 8 1022 7 1029 6 1038 5 1040 4 1048 3 1052 2 1054 1 1058
10 93 215 9 220 8 221 7 227 6 229 5 231 4 233 3 239 2 246 1 249
18 85 436 17 444 16 451 15 459 14 467 13 473 12 476 11 478 10 486 9 495 8 497 7 500 6 509 5 512 4 516 3 524 2 525 1 526
10 9 220 92 232 93 242 94 246 95 249 96 250 97 260 98 262 99 267 100 277
11 10 250 91 256 92 259 93 260 94 262 95 270 96 279 97 282 98 286 99 291 100 292
39 38 1010 63 1023 64 1030 65 1038 66 1046 67 1047 68 1050 69 1053 70 1061 71 1068 72 1074 73 1079 74 1088 75 1098 76 1108 77 1111 78 1118 79 1122 80 1128 81 1129 82 1131 83 1139 84 1144 85 1145 86 1146 87 1153 88 1161 89 1170 90 1173 91 1177 92 1178 93 1187 94 1189 95 1192 96 1201 97 1204 98 1209 99 1213 100 1214
28 75 686 27 698 26 706 25 713 24 723 23 724 22 731 21 732 20 738 19 745 18 754 17 759 16 767 15 769 14 776 13 786 12 791 11 793 10 795 9 804 8 814 7 820 6 823 5 832 4 840 3 843 2 846 1 853
18 17 450 84 458 85 459 86 461 87 466 88 468 89 476 90 480 91 484 92 490 93 495 94 501 95 510 96 512 97 516 98 519 99 524 100 529
26 77 627 25 636 24 644 23 649 22 650 21 659 20 668 19 675 18 679 17 683 16 685 15 687 14 690 13 695 12 696 11 704 10 710 9 711 8 720 7 722 6 723 5 724 4 730 3 738 2 740 1 749
48 55 1238 47 1245 46 1249 45 1253 44 1263 43 1272 42 1282 41 1284 40 1285 39 1294 38 1302 37 1304 36 1305 35 1307 34 1310 33 1315 32 1316 31 1322 30 1327 29 1333 28 1338 27 1339 26 1348 25 1356 24 1357 23 1360 22 1364 21 1371 20 1380 19 1383 18 1388 17 1394 16 1397 15 1399 14 1401 13 1408 12 1416 11 1418 10 1422 9 1429 8 1434 7 1438 6 1446 5 1453 4 1455 3 1465 2 1472 1 1478
33 32 835 69 840 70 843 71 849 72 855 73 861 74 862 75 870 76 879 77 889 78 896 79 905 80 911 81 914 82 918 83 926 84 928 85 937 86 940 87 947 88 957 89 967 90 976 91 983 92 989 93 999 94 1007 95 1013 96 1014 97 1022 98 1029 99 1035 100 1039
6 5 123 96 130 97 135 98 143 99 150 100 159
14 89 307 13 316 12 323 11 331 10 339 9 348 8 354 7 363 6 371 5 372 4 377 3 386 2 392 1 398
43 42 1113 59 1122 60 1129 61 1139 62 1142 63 1144 64 1146 65 1151 66 1152 67 1157 68 1166 69 1176 70 1181 71 1184 72 1191 73 1199 74 1205 75 1211 76 1218 77 1223 78 1227 79 1236 80 1242 81 1248 82 1255 83 1265 84 1274 85 1280 86 1285 87 1289 88 1298 89 1299 90 1304 91 1312 92 1320 93 1326 94 1328 95 1334 96 1340 97 1341 98 1342 99 1343 100 1346
39 64 1000 38 1006 37 1008 36 1010 35 1017 34 1023 33 1026 32 1028 31 1029 30 1038 29 1040 28 1045 27 1055 26 1065 25 1075 24 1080 23 1088 22 1090 21 1093 20 1101 19 1111 18 1118 17 1120 16 1128 15 1131 14 1139 13 1142 12 1147 11 1157 10 1159 9 1162 8 1171 7 1178 6 1180 5 1186 4 1193 3 1197 2 1202 1 1205
44 59 1126 43 1135 42 1144 41 1153 40 1154 39 1158 38 1168 37 1173 36 1180 35 1184 34 1185 33 1190 32 1193 31 1201 30 1206 29 1214 28 1215 27 1216 26 1223 25 1230 24 1231 23 1239 22 1243 21 1251 20 1261 19 1271 18 1273 17 1277 16 1285 15 1292 14 1296 13 1299 12 1304 11 1307 10 1313 9 1322 8 1326 7 1334 6 1342 5 1344 4 1350 3 1355 2 1357 1 1365
44 43 1138 58 1151 59 1155 60 1157 61 1159 62 1169 63 1172 64 1180 65 1182 66 1187 67 1193 68 1196 69 1199 70 1207 71 1215 72 1223 73 1227 74 1235 75 1245 76 1255 77 1264 78 1268 79 1276 80 1285 81 1289 82 1297 83 1307 84 1311 85 1314 86 1315 87 1323 88 1330 89 1339 90 1342 91 1346 92 1354 93 1361 94 1366 95 1370 96 1372 97 1375 98 1379 99 1382 100 1387
27 76 661 26 672 25 679 24 684 23 689 22 695 21 697 20 702 19 707 18 717 17 720 16 721 15 728 14 737 13 738 12 743 11 749 10 752 9 759 8 760 7 764 6 765 5 774 4 784 3 789 2 791 1 792
31 72 778 30 784 29 791 28 794 27 799 26 804 25 807 24 817 23 820 22 824 21 830 20 840 19 844 18 853 17 863 16 870 15 873 14 882 13 890 12 897 11 901 10 905 9 908 8 916 7 919 6 929 5 932 4 935 3 936 2 943 1 949
22 21 552 80 558 81 565 82 574 83 577 84 580 85 586 86 592 87 596 88 606 89 614 90 624 91 625 92 633 93 636 94 644 95 646 96 656 97 661 98 663 99 671 100 679
45 58 1160 44 1172 43 1178 42 1181 41 1190 40 1198 39 1201 38 1207 37 1213 36 1217 35 1219 34 1228 33 1236 32 1242 31 1243 30 1246 29 1250 28 1254 27 1256 26 1261 25 1265 24 1269 23 1273 22 1281 21 1283 20 1285 19 1289 18 1293 17 1303 16 1307 15 1309 14 1310 13 1311 12 1319 11 1322 10 1327 9 1334 8 1344 7 1345 6 1349 5 1353 4 1359 3 1369 2 1374 1 1382
50 49 1302 52 1311 53 1315 54 1325 55 1330 56 1337 57 1344 58 1350 59 1354 60 1360 61 1365 62 1369 63 1373 64 1381 65 1387 66 1394 67 1396 68 1397 69 1404 70 1411 71 1416 72 1419 73 1423 74 1430 75 1432 76 1441 77 1451 78 1452 79 1459 80 1469 81 1476 82 1486 83 1491 84 1496 85 1497 86 1505 87 1506 88 1512 89 1521 90 1531 91 1541 92 1549 93 1553 94 1557 95 1558 96 1562 97 1569 98 1572 99 1581 100 1590
41 40 1068 61 1074 62 1075 63 1080 64 1085 65 1094 66 1099 67 1101 68 1104 69 1109 70 1112 71 1119 72 1122 73 1127 74 1137 75 1138 76 1144 77 1146 78 1156 79 1162 80 1169 81 1172 82 1180 83 1187 84 1193 85 1199 86 1205 87 1213 88 1216 89 1218 90 1227 91 1233 92 1235 93 1236 94 1241 95 1245 96 1251 97 1252 98 1258 99 1261 100 1267
24 79 584 23 590 22 597 21 607 20 614 19 624 18 630 17 639 16 640 15 644 14 645 13 647 12 654 11 657 10 666 9 675 8 679 7 685 6 692 5 702 4 707 3 709 2 718 1 728
15 88 328 14 340 13 344 12 353 11 357 10 358 9 362 8 371 7 381 6 386 5 394 4 396 3 400 2 409 1 411
16 15 379 86 393 87 396 88 406 89 411 90 413 91 415 92 423 93 431 94 440 95 443 96 447 97 457 98 464 99 467 100 476
9 94 188 8 195 7 197 6 206 5 208 4 214 3 218 2 228 1 229
40 39 1046 62 1054 63 1058 64 1059 65 1067 66 1071 67 1080 68 1083 69 1088 70 1096 71 1100 72 1102 73 1111 74 1116 75 1118 76 1126 77 1132 78 1133 79 1138 80 1140 81 1143 82 1150 83 1160 84 1166 85 1175 86 1182 87 1186 88 1195 89 1201 90 1211 91 1215 92 1218 93 1227 94 1231 95 1239 96 1246 97 1252 98 1257 99 1259 100 1260
20 19 495 82 501 83 510 84 515 85 523 86 532 87 535 88 536 89 542 90 547 91 550 92 553 93 554 94 564 95 571 96 577 97 579 98 588 99 593 100 599
2 1 1 51 1000000000
34 33 866 68 876 69 877 70 885 71 893 72 896 73 906 74 907 75 915 76 921 77 929 78 938 79 948 80 952 81 953 82 962 83 965 84 970 85 979 86 981 87 985 88 989 89 998 90 1007 91 1008 92 1014 93 1023 94 1025 95 1026 96 1028 97 1038 98 1044 99 1051 100 1057
42 41 1085 60 1094 61 1095 62 1104 63 1108 64 1112 65 1117 66 1120 67 1124 68 1130 69 1136 70 1142 71 1147 72 1154 73 1159 74 1163 75 1173 76 1174 77 1181 78 1190 79 1197 80 1203 81 1207 82 1210 83 1214 84 1223 85 1229 86 1234 87 1243 88 1246 89 1252 90 1253 91 1255 92 1264 93 1269 94 1279 95 1286 96 1294 97 1299 98 1308 99 1312 100 1318
46 45 1204 56 1211 57 1219 58 1224 59 1228 60 1229 61 1239 62 1242 63 1250 64 1257 65 1264 66 1271 67 1273 68 1280 69 1288 70 1292 71 1300 72 1301 73 1308 74 1313 75 1318 76 1328 77 1332 78 1334 79 1344 80 1346 81 1348 82 1349 83 1354 84 1359 85 1363 86 1364 87 1371 88 1378 89 1384 90 1394 91 1400 92 1406 93 1411 94 1418 95 1423 96 1432 97 1437 98 1445 99 1451 100 1452
13 90 278 12 288 11 295 10 296 9 298 8 307 7 308 6 312 5 315 4 321 3 331 2 338 1 341
15 14 345 87 354 88 364 89 373 90 382 91 390 92 393 93 394 94 401 95 404 96 406 97 407 98 416 99 425 100 432
51 52 1317 50 1327 49 1330 48 1332 47 1342 46 1345 45 1350 44 1360 43 1365 42 1366 41 1371 40 1372 39 1382 38 1388 37 1396 36 1401 35 1411 34 1414 33 1419 32 1427 31 1429 30 1437 29 1438 28 1446 27 1455 26 1458 25 1468 24 1471 23 1480 22 1481 21 1488 20 1496 19 1505 18 1509 17 1511 16 1517 15 1524 14 1534 13 1536 12 1543 11 1547 10 1555 9 1557 8 1559 7 1562 6 1570 5 1576 4 1580 3 1588 2 1589 1 1590
2 1 4 100 17
9 8 200 93 207 94 212 95 215 96 222 97 227 98 228 99 232 100 234
31 30 791 71 802 72 811 73 814 74 815 75 822 76 832 77 842 78 851 79 857 80 867 81 872 82 875 83 879 84 883 85 888 86 898 87 901 88 905 89 913 90 920 91 921 92 930 93 940 94 949 95 954 96 961 97 966 98 968 99 973 100 975
3 100 26 2 39 1 42
8 95 161 7 174 6 177 5 179 4 186 3 190 2 197 1 203
40 63 1028 39 1038 38 1045 37 1046 36 1047 35 1054 34 1062 33 1067 32 1072 31 1078 30 1085 29 1086 28 1096 27 1104 26 1108 25 1111 24 1117 23 1119 22 1121 21 1126 20 1127 19 1134 18 1135 17 1136 16 1137 15 1145 14 1152 13 1153 12 1155 11 1157 10 1164 9 1165 8 1174 7 1176 6 1178 5 1185 4 1193 3 1200 2 1202 1 1207
