60 56
69
47 59 31892 58 31928 57 31938 56 31997 55 32066 53 32155 52 32217 51 32275 47 32292 46 32302 45 32370 44 32439 42 32476 40 32567 39 32638 38 32664 37 32684 36 32727 35 32753 34 32806 33 32862 32 32946 30 32998 29 33035 28 33084 27 33096 26 33145 24 33224 23 33290 22 33361 21 33442 20 33480 19 33565 18 33606 17 33630 16 33655 14 33745 13 33784 12 33808 10 33842 9 33874 7 33887 6 33910 4 33916 3 33988 2 34023 1 34055
33 1 45970 2 46015 3 46072 4 46097 7 46197 8 46217 10 46285 11 46389 14 46407 18 46415 19 46421 20 46454 21 46556 23 46587 24 46646 25 46664 29 46758 33 46785 34 46866 36 46959 37 46998 38 47080 39 47108 41 47161 43 47250 44 47281 46 47354 49 47370 51 47444 52 47512 55 47545 56 47563 57 47657
55 2 36202 3 36228 4 36301 5 36376 6 36422 7 36509 8 36516 9 36604 10 36643 11 36723 12 36771 13 36836 14 36910 15 37002 16 37083 17 37108 18 37176 19 37229 20 37280 21 37351 22 37395 23 37408 24 37486 25 37507 26 37585 27 37620 28 37656 29 37669 30 37741 31 37823 32 37828 33 37885 34 37983 36 38084 37 38102 38 38167 39 38182 40 38223 41 38277 42 38375 43 38434 44 38479 45 38519 49 38606 50 38653 51 38670 52 38744 53 38787 54 38837 55 38882 56 38972 57 39014 58 39051 59 39079 60 39175
34 1 60625 3 60710 5 60738 7 60789 9 60874 10 60916 12 61002 13 61093 14 61159 15 61257 17 61315 20 61370 21 61445 22 61510 23 61596 24 61670 25 61692 26 61701 28 61771 32 61827 35 61872 38 61933 40 61959 41 62018 45 62042 47 62061 48 62079 49 62136 50 62202 51 62228 53 62297 54 62382 58 62411 59 62440
43 60 51773 59 51853 58 51922 57 52020 56 52095 55 52114 53 52175 52 52206 51 52303 50 52339 49 52362 48 52419 47 52480 45 52554 44 52608 41 52674 40 52726 39 52820 38 52828 37 52861 36 52947 35 53017 33 53106 30 53124 28 53205 27 53286 26 53309 25 53387 23 53396 22 53417 21 53444 17 53497 16 53541 15 53626 13 53703 12 53760 11 53804 8 53822 7 53872 4 53880 3 53903 2 53925 1 54003
45 59 98660 58 98667 57 98752 56 98821 54 98893 53 98997 52 99015 51 99099 50 99185 48 99242 47 99290 46 99331 45 99411 43 99466 42 99487 41 99565 39 99606 38 99675 37 99748 36 99821 35 99876 32 99957 31 100014 30 100061 29 100099 28 100130 27 100156 26 100247 25 100350 24 100384 22 100468 20 100572 19 100628 18 100690 16 100784 15 100822 14 100874 13 100896 12 100998 11 101087 10 101145 9 101197 8 101206 2 101286 1 101376
8 4 55022 11 55125 18 55153 20 55188 30 55225 36 55320 43 55353 50 55435
36 4 75509 5 75604 6 75645 7 75686 10 75758 13 75764 17 75770 18 75829 19 75848 20 75912 21 75951 23 76003 26 76025 27 76116 29 76216 30 76285 32 76362 33 76444 34 76474 36 76560 38 76626 40 76631 42 76669 44 76686 45 76746 46 76810 47 76877 48 76915 49 76971 52 77001 53 77047 54 77098 56 77107 58 77133 59 77181 60 77244
19 1 85343 3 85391 4 85473 22 85485 25 85589 29 85684 30 85743 33 85809 35 85909 38 85970 41 86011 44 86036 49 86116 50 86147 52 86213 54 86258 56 86322 58 86382 59 86459
8 57 114801 49 114849 40 114927 39 114962 24 115018 17 115071 11 115126 10 115140
7 56 65405 51 65489 50 65521 49 65575 26 65618 24 65680 11 65771
34 60 82616 58 82688 57 82702 56 82711 52 82724 50 82747 48 82804 47 82839 45 82916 44 83015 43 83113 42 83129 41 83188 39 83209 38 83259 36 83280 33 83297 32 83316 29 83419 27 83467 26 83547 25 83605 24 83635 23 83660 22 83723 21 83743 16 83760 12 83781 11 83883 10 83964 9 83997 8 84075 5 84105 3 84132
51 1 77729 3 77738 4 77816 6 77848 8 77863 9 77947 11 78036 12 78095 13 78132 14 78198 15 78235 16 78241 17 78292 18 78349 19 78359 20 78405 21 78443 22 78497 23 78536 24 78634 25 78714 26 78772 27 78822 28 78843 29 78873 30 78879 31 78940 32 79008 33 79017 36 79065 37 79118 38 79180 39 79283 40 79332 41 79368 42 79443 43 79517 44 79614 46 79688 47 79696 48 79778 49 79825 50 79889 51 79899 53 79994 54 80029 55 80093 57 80175 58 80209 59 80234 60 80256
31 59 19209 57 19306 55 19370 52 19438 51 19457 50 19495 49 19536 48 19626 47 19692 45 19792 43 19804 41 19816 38 19920 37 19971 35 19991 32 20018 28 20104 26 20111 24 20123 22 20132 21 20221 20 20276 19 20356 18 20443 15 20529 13 20618 11 20640 10 20730 5 20735 4 20745 2 20774
19 1 53343 4 53413 6 53435 14 53513 21 53533 23 53575 26 53663 29 53676 32 53706 34 53737 40 53837 44 53902 45 53932 47 53970 49 54017 56 54092 57 54130 58 54148 60 54239
18 11 46337 13 46399 14 46462 17 46512 19 46523 20 46534 21 46600 23 46687 25 46733 31 46753 34 46833 36 46853 41 46864 44 46901 46 46909 51 46987 52 46995 53 47002
2 29 58901 56 58985
54 1 62762 2 62832 3 62866 4 62912 6 63003 8 63032 9 63070 10 63137 11 63144 12 63164 13 63263 14 63359 15 63413 16 63446 17 63510 18 63540 19 63620 20 63692 22 63704 24 63775 25 63853 26 63949 27 63969 28 64026 30 64076 31 64102 32 64134 33 64200 34 64299 35 64377 36 64434 37 64531 38 64598 39 64697 40 64709 41 64714 42 64765 43 64793 44 64855 45 64879 46 64950 47 64964 48 65011 49 65035 50 65120 51 65167 53 65258 54 65332 55 65394 56 65490 57 65522 58 65531 59 65590 60 65649
11 7 49299 19 49362 24 49420 28 49517 37 49524 38 49602 41 49692 47 49712 50 49785 54 49875 57 49966
50 2 56987 3 57029 4 57073 6 57154 7 57192 8 57243 9 57285 10 57377 11 57421 12 57429 13 57466 14 57500 15 57522 16 57534 17 57578 18 57659 19 57702 20 57726 21 57787 24 57879 26 57948 28 58022 29 58045 30 58135 31 58229 32 58316 33 58399 34 58404 36 58493 38 58509 39 58520 40 58576 41 58654 42 58717 43 58788 44 58891 45 58902 46 58946 47 58981 48 59061 49 59162 50 59256 52 59286 53 59377 54 59414 55 59468 57 59493 58 59539 59 59635 60 59698
13 4 72329 5 72394 9 72453 11 72493 20 72588 23 72677 25 72728 27 72811 28 72874 42 72889 54 72964 55 73039 60 73083
43 60 56127 58 56167 56 56199 55 56243 54 56305 51 56388 49 56457 46 56555 43 56572 42 56618 41 56665 39 56751 38 56763 37 56865 36 56933 35 57030 34 57128 33 57201 32 57297 30 57388 29 57486 28 57511 27 57536 25 57574 23 57594 22 57670 21 57684 20 57729 18 57781 17 57871 16 57915 14 57937 13 57954 11 58004 10 58100 9 58130 8 58211 7 58259 6 58324 5 58342 4 58404 3 58424 1 58470
24 59 34032 57 34074 54 34087 53 34134 51 34191 50 34229 46 34285 45 34294 44 34346 43 34365 34 34448 31 34546 30 34641 28 34652 25 34740 22 34784 15 34819 14 34893 12 34900 11 34968 10 35052 6 35153 5 35184 4 35235
30 60 21023 59 21070 58 21090 57 21171 55 21272 52 21342 49 21435 44 21499 41 21550 38 21616 37 21707 34 21738 33 21804 31 21887 29 21910 28 21945 27 22005 26 22038 24 22072 23 22093 22 22184 20 22224 16 22326 14 22425 13 22436 9 22505 7 22604 5 22695 2 22704 1 22784
22 58 120082 56 120159 55 120227 54 120323 49 120336 47 120422 46 120489 41 120552 38 120621 35 120638 34 120687 31 120773 28 120817 26 120915 23 120986 21 121015 20 121112 17 121149 15 121224 13 121288 10 121363 8 121378
34 60 52550 59 52642 54 52667 53 52687 52 52710 50 52759 49 52857 48 52883 47 52929 46 52953 45 52998 44 53015 43 53082 41 53156 40 53189 38 53222 30 53271 28 53341 27 53385 26 53455 25 53517 23 53606 22 53637 19 53677 18 53725 17 53783 16 53854 14 53876 13 53941 10 53954 9 54044 8 54130 6 54178 3 54240
32 1 49100 2 49152 5 49243 7 49254 8 49288 9 49364 11 49378 12 49436 14 49521 16 49583 17 49619 21 49634 24 49641 26 49670 27 49732 28 49830 29 49902 30 49995 32 50009 33 50017 35 50065 37 50133 41 50147 42 50155 43 50244 49 50261 50 50278 51 50315 53 50357 54 50432 56 50519 58 50623
6 1 90937 38 90966 39 91058 40 91098 45 91142 58 91208
35 60 19587 59 19669 57 19678 56 19779 54 19794 53 19799 52 19849 51 19952 50 19963 48 20015 46 20101 45 20197 40 20220 38 20272 37 20343 36 20358 35 20371 34 20468 33 20532 32 20591 29 20615 26 20636 25 20737 23 20818 19 20825 18 20910 17 20989 16 21051 14 21110 12 21206 11 21252 9 21335 8 21379 4 21455 1 21522
19 6 35405 8 35441 11 35515 14 35594 19 35607 20 35700 26 35736 27 35811 28 35818 31 35866 32 35937 34 35980 35 36007 39 36034 43 36096 47 36200 51 36294 53 36379 55 36455
41 2 90230 3 90298 4 90305 5 90329 6 90347 7 90446 8 90480 9 90573 10 90599 11 90632 12 90681 13 90782 14 90816 15 90919 16 91014 17 91104 18 91145 20 91153 22 91190 23 91246 24 91336 30 91425 31 91472 34 91517 35 91603 37 91689 38 91723 40 91748 42 91809 43 91905 46 91919 47 92004 48 92092 49 92105 51 92166 54 92205 55 92227 56 92254 57 92357 59 92396 60 92494
11 53 94144 49 94196 26 94276 23 94335 21 94358 20 94392 19 94447 15 94527 9 94553 6 94657 2 94727
22 1 61316 6 61339 10 61362 12 61452 13 61493 17 61507 18 61527 19 61585 23 61617 25 61624 33 61685 36 61701 38 61801 40 61890 41 61945 43 62016 44 62079 49 62146 51 62197 52 62280 55 62351 59 62436
43 1 72839 2 72932 3 73018 4 73082 5 73110 7 73177 8 73229 9 73331 10 73422 11 73449 16 73529 17 73620 18 73643 19 73674 20 73704 21 73808 22 73841 23 73878 24 73889 28 73910 31 73969 32 74065 33 74125 35 74158 36 74238 37 74324 38 74407 39 74485 40 74568 41 74592 43 74612 44 74689 45 74739 48 74799 49 74810 50 74888 51 74947 52 75000 55 75062 56 75083 57 75093 59 75166 60 75220
47 59 25924 58 25947 57 26051 56 26071 55 26144 53 26213 52 26310 51 26320 50 26380 48 26390 46 26402 45 26407 44 26464 43 26556 42 26583 40 26594 39 26666 38 26725 36 26736 34 26787 32 26883 31 26942 30 27045 29 27061 26 27163 25 27171 23 27182 22 27260 21 27274 19 27305 18 27402 17 27484 16 27582 15 27613 14 27691 13 27774 12 27834 11 27880 10 27947 9 28049 8 28079 7 28156 6 28178 4 28275 3 28346 2 28375 1 28453
59 1 89191 3 89265 4 89338 5 89396 6 89473 7 89554 8 89587 9 89636 10 89692 11 89740 12 89777 13 89873 14 89976 15 90021 16 90092 17 90165 18 90217 19 90222 20 90324 21 90371 22 90405 23 90436 24 90505 25 90580 26 90586 27 90668 28 90718 29 90724 30 90744 31 90834 32 90858 33 90934 34 90960 35 91006 36 91084 37 91187 38 91285 39 91303 40 91322 41 91341 42 91383 43 91402 44 91492 45 91498 46 91597 47 91628 48 91722 49 91826 50 91893 51 91940 52 92026 53 92057 54 92158 55 92250 56 92339 57 92360 58 92436 59 92472 60 92495
33 60 36021 59 36053 58 36098 55 36133 51 36163 49 36196 46 36203 44 36305 43 36377 41 36474 39 36546 38 36622 35 36692 34 36740 32 36757 31 36848 30 36863 29 36927 27 36936 26 37037 24 37113 22 37121 21 37177 20 37224 15 37295 14 37350 13 37444 11 37489 10 37587 9 37649 5 37681 4 37728 3 37742
13 4 20107 6 20201 9 20281 25 20354 27 20387 28 20448 32 20487 33 20545 41 20599 45 20646 48 20745 52 20786 58 20852
12 7 32629 21 32696 23 32750 27 32815 33 32897 34 32999 45 33066 49 33163 51 33208 54 33256 55 33313 57 33351
43 2 101062 4 101148 5 101217 8 101272 9 101360 11 101439 12 101531 13 101598 14 101641 15 101667 17 101750 18 101766 20 101773 21 101831 22 101883 23 101931 24 101992 25 102036 28 102087 29 102127 30 102145 33 102183 34 102252 35 102345 36 102438 37 102459 38 102472 39 102490 41 102527 42 102592 43 102678 44 102712 46 102796 47 102844 50 102894 53 102951 54 103028 55 103035 56 103065 57 103100 58 103185 59 103280 60 103382
29 60 43610 58 43653 54 43720 53 43764 51 43847 50 43853 48 43933 42 44021 41 44060 38 44164 37 44242 36 44279 35 44363 34 44428 33 44525 32 44582 31 44642 30 44651 29 44714 26 44750 24 44839 20 44886 18 44984 16 45054 13 45085 10 45133 9 45229 6 45298 5 45333
8 1 40154 2 40214 20 40283 24 40333 40 40342 48 40413 51 40427 54 40511
52 1 37851 2 37912 3 38007 5 38025 6 38129 7 38166 8 38181 9 38255 10 38347 11 38360 12 38411 15 38468 16 38491 17 38539 18 38593 19 38657 20 38708 21 38808 22 38845 23 38887 24 38988 26 39021 27 39077 28 39101 29 39150 30 39215 31 39301 32 39404 33 39497 34 39503 35 39580 36 39655 37 39699 38 39794 40 39842 41 39927 42 40010 43 40025 44 40074 45 40146 46 40178 47 40233 49 40310 50 40390 51 40443 52 40499 53 40564 54 40657 55 40735 56 40770 58 40819 59 40834
10 58 41011 55 41047 50 41061 47 41141 44 41239 35 41244 23 41255 12 41276 9 41310 1 41359
38 60 118441 59 118477 58 118506 57 118514 56 118526 54 118544 53 118634 52 118712 51 118763 50 118773 49 118819 47 118913 46 119009 45 119019 43 119100 42 119180 40 119186 37 119282 36 119380 35 119424 34 119493 33 119532 28 119626 26 119706 25 119721 24 119771 23 119832 21 119844 19 119860 17 119875 16 119976 15 120040 13 120079 12 120152 8 120201 6 120296 3 120396 2 120414
17 56 80946 48 80959 45 80981 44 81027 41 81130 40 81197 37 81230 34 81255 32 81264 25 81349 21 81355 18 81382 17 81402 16 81506 15 81537 8 81633 6 81716
52 1 75281 2 75344 4 75417 5 75436 6 75446 7 75510 8 75517 9 75596 10 75676 11 75731 12 75826 13 75835 15 75899 17 75912 18 75993 19 76026 20 76123 21 76188 22 76262 23 76295 24 76325 25 76381 26 76434 27 76533 28 76540 29 76575 30 76615 31 76682 33 76743 34 76757 35 76854 36 76871 38 76895 39 76904 40 76992 41 77027 42 77099 43 77171 44 77271 46 77352 47 77413 48 77469 49 77510 50 77610 51 77630 52 77710 53 77751 54 77825 55 77830 58 77920 59 77937 60 78035
21 58 29016 57 29091 55 29175 54 29254 53 29345 51 29376 50 29443 44 29511 36 29593 35 29645 34 29709 28 29750 27 29762 23 29845 19 29878 17 29887 16 29910 15 30001 14 30082 10 30127 5 30184
41 59 77630 57 77722 56 77757 52 77843 51 77885 50 77958 49 77976 48 78036 47 78129 46 78148 45 78200 41 78289 40 78353 39 78440 38 78454 37 78544 36 78575 35 78586 34 78594 33 78635 31 78703 30 78722 27 78778 26 78791 25 78821 22 78894 21 78979 20 79066 19 79157 16 79237 15 79299 14 79373 13 79464 12 79498 11 79525 9 79598 8 79666 6 79677 3 79712 2 79741 1 79829
9 2 104412 6 104487 26 104545 29 104587 32 104683 38 104769 41 104815 44 104915 52 104994
34 59 47582 58 47685 56 47786 55 47792 51 47896 50 47981 49 48082 45 48150 43 48208 41 48264 40 48341 39 48392 37 48409 36 48479 32 48532 29 48634 28 48673 27 48755 25 48787 21 48804 20 48835 18 48864 16 48942 13 48986 12 49090 9 49118 8 49155 7 49186 6 49257 5 49321 4 49344 3 49379 2 49402 1 49409
25 1 33142 3 33183 6 33222 8 33306 9 33394 11 33489 12 33527 14 33611 16 33635 18 33727 21 33793 23 33800 32 33835 34 33904 36 33937 37 34019 39 34075 40 34176 43 34244 47 34333 49 34359 50 34386 53 34395 56 34442 57 34477
9 1 99276 4 99294 5 99346 10 99448 13 99521 22 99538 32 99549 34 99566 45 99619
4 1 66811 7 66840 16 66895 60 66920
26 1 48550 3 48604 4 48633 12 48735 14 48741 15 48755 18 48820 22 48835 23 48929 24 48953 25 49056 27 49076 29 49122 31 49147 33 49177 34 49250 39 49346 42 49441 43 49483 44 49528 46 49607 48 49615 50 49643 51 49671 52 49726 58 49732
7 11 58882 13 58940 19 58990 30 59035 33 59130 44 59234 52 59322
46 60 98361 58 98414 57 98436 56 98505 55 98517 52 98611 51 98686 48 98723 46 98818 45 98875 44 98939 43 98996 42 99099 41 99117 40 99193 39 99272 38 99361 37 99430 36 99530 35 99592 34 99657 33 99664 30 99693 29 99714 27 99813 26 99898 25 99907 24 100004 22 100066 21 100126 20 100133 18 100196 17 100277 16 100332 15 100357 14 100385 13 100462 12 100487 11 100572 10 100587 9 100660 8 100668 6 100724 4 100744 2 100754 1 100835
55 1 46534 2 46542 3 46629 4 46635 5 46728 6 46781 7 46798 8 46820 9 46837 10 46850 11 46931 12 46963 13 47027 14 47045 15 47052 16 47089 17 47126 18 47156 19 47253 20 47337 21 47426 22 47431 23 47506 25 47601 26 47668 27 47690 28 47779 29 47812 30 47841 33 47921 34 47945 35 47999 36 48006 37 48065 38 48123 40 48144 42 48210 43 48299 44 48351 45 48430 46 48487 47 48574 48 48655 49 48756 50 48837 51 48885 52 48907 53 48990 54 48997 55 49093 56 49164 57 49188 58 49199 59 49242 60 49298
12 57 22139 54 22213 52 22267 50 22347 44 22424 41 22485 34 22559 30 22573 25 22585 21 22664 15 22752 9 22820
32 60 36698 59 36742 58 36786 56 36847 55 36892 54 36967 50 36982 48 37013 47 37115 44 37142 43 37226 41 37261 39 37272 37 37277 35 37287 30 37307 28 37379 26 37429 25 37440 24 37483 23 37538 21 37617 19 37658 18 37735 17 37748 16 37759 15 37837 10 37940 8 38033 5 38075 2 38148 1 38244
36 60 76126 58 76169 57 76189 55 76261 52 76269 50 76277 49 76327 48 76356 47 76372 45 76463 44 76502 43 76576 42 76666 41 76747 40 76834 37 76886 36 76969 35 76992 34 77083 33 77091 32 77131 30 77145 29 77222 28 77253 26 77262 25 77288 24 77335 23 77367 17 77454 15 77465 13 77527 10 77582 8 77608 7 77692 5 77770 1 77777
14 58 65398 57 65470 55 65531 51 65604 47 65681 46 65771 44 65821 37 65921 32 65969 30 66041 26 66097 24 66125 2 66221 1 66313
58 1 49245 2 49345 3 49360 4 49369 5 49471 6 49548 7 49602 8 49632 9 49715 10 49809 12 49896 13 49984 14 50052 15 50077 17 50156 18 50209 19 50303 20 50340 21 50380 22 50395 23 50487 24 50557 25 50646 26 50702 27 50774 28 50849 29 50866 30 50966 31 51069 32 51145 33 51222 34 51245 35 51309 36 51367 37 51440 38 51462 39 51476 40 51559 41 51579 42 51653 43 51666 44 51754 45 51852 46 51893 47 51961 48 51986 49 52016 50 52023 51 52033 52 52076 53 52121 54 52155 55 52183 56 52200 57 52212 58 52299 59 52388 60 52472
36 60 66636 59 66713 58 66765 57 66772 56 66852 55 66913 53 66950 52 67054 50 67146 45 67243 44 67277 43 67338 42 67364 41 67466 39 67500 38 67512 37 67564 33 67643 31 67728 30 67832 29 67900 28 67990 27 68050 26 68098 24 68163 23 68251 21 68311 20 68319 16 68329 15 68341 13 68404 12 68471 10 68560 7 68649 2 68659 1 68680
46 1 68252 2 68304 3 68388 4 68473 5 68553 6 68598 7 68621 8 68663 9 68693 11 68793 12 68820 15 68904 17 68993 18 69029 19 69128 20 69141 21 69212 22 69226 24 69290 25 69357 26 69459 27 69491 28 69505 29 69563 32 69572 34 69602 36 69658 37 69709 39 69722 41 69751 42 69809 43 69898 44 69919 45 69984 47 70061 49 70130 50 70171 52 70190 53 70209 54 70251 55 70296 56 70323 57 70390 58 70483 59 70556 60 70590
41 1 70711 2 70716 3 70789 4 70835 5 70892 6 70916 8 71019 9 71062 11 71073 14 71112 15 71125 16 71151 17 71175 19 71278 21 71350 22 71419 23 71427 25 71483 26 71507 29 71519 32 71529 33 71567 34 71595 36 71686 37 71766 39 71820 40 71856 43 71926 46 71993 47 72018 48 72040 49 72079 50 72178 51 72275 52 72372 53 72412 54 72472 55 72575 57 72655 58 72699 59 72771
49 60 46008 59 46059 58 46071 57 46093 56 46128 55 46161 54 46176 53 46225 52 46290 51 46348 50 46398 49 46490 48 46535 47 46611 46 46665 45 46735 44 46832 43 46860 42 46890 40 46916 39 46986 38 47014 36 47093 35 47118 34 47156 30 47190 26 47210 25 47254 24 47282 23 47339 22 47391 21 47434 20 47498 19 47550 18 47645 17 47683 16 47735 15 47837 14 47941 13 47982 10 48019 9 48097 8 48144 7 48160 6 48166 5 48194 4 48283 3 48353 2 48387
33 60 62764 59 62787 58 62820 56 62838 55 62902 54 62950 53 62996 51 63100 49 63121 44 63155 43 63166 42 63203 41 63273 40 63342 39 63388 38 63443 37 63528 36 63604 33 63609 30 63707 29 63792 27 63845 23 63924 20 64013 19 64026 17 64118 15 64190 14 64275 12 64280 7 64318 5 64333 4 64344 3 64374
60 60 52049 59 52134 58 52219 57 52232 56 52288 55 52380 54 52404 53 52419 52 52449 51 52460 50 52509 49 52578 48 52606 47 52649 46 52660 45 52666 44 52701 43 52731 42 52738 41 52781 40 52870 39 52966 38 53036 37 53106 36 53210 35 53224 34 53233 33 53279 32 53334 31 53363 30 53376 29 53439 28 53520 27 53531 26 53622 25 53663 24 53720 23 53813 22 53823 21 53879 20 53915 19 53974 18 54026 17 54055 16 54131 15 54180 14 54185 13 54203 12 54304 11 54315 10 54372 9 54463 8 54510 7 54533 6 54595 5 54665 4 54768 3 54826 2 54910 1 54996
