63
0 120 4 219 124 322 545 435 959 245 760 793 621 214 409 555 504 368 762 672 86 482 370 58 503 775 817 798 754 897 317 574 34 497 270 862 910 63 122 703 338 939 157 75 753 704 70 192 708 326 424 250 813 766 365 428 938 959 201 202 934 329 686 
120 0 238 339 281 150 454 820 326 808 4 316 761 867 263 139 88 293 93 501 583 346 946 199 689 235 594 462 157 514 534 172 108 70 374 961 433 816 729 898 206 449 443 782 34 876 173 236 511 178 629 121 201 209 33 985 820 208 570 534 543 2 901 
4 238 0 369 606 702 18 455 614 957 998 80 250 158 451 267 285 191 699 886 72 589 3 945 943 208 363 799 183 777 704 255 496 928 485 812 148 581 34 520 190 773 152 189 458 309 785 941 241 828 813 324 820 157 241 492 277 54 364 163 256 703 668 
219 339 369 0 367 596 568 548 184 11 469 116 995 231 986 659 942 284 547 535 616 836 825 565 178 762 279 203 421 373 973 44 488 968 10 464 250 625 215 428 555 426 897 784 859 507 827 564 945 634 778 115 744 203 231 84 463 853 117 571 531 105 706 
124 281 606 367 0 988 75 702 991 420 927 571 177 544 388 577 158 387 232 495 49 493 695 869 178 269 417 682 112 576 587 5 598 860 764 49 513 359 116 296 200 195 61 624 780 389 533 602 313 103 375 371 915 648 580 800 184 68 370 814 551 325 347 
322 150 702 596 988 0 81 415 410 199 484 166 899 695 38 461 775 956 177 361 539 236 589 188 936 689 17 207 810 877 695 502 912 975 342 645 694 931 897 28 391 59 394 953 928 784 671 860 472 556 825 277 645 128 584 376 720 716 18 223 337 756 271 
545 454 18 568 75 81 0 103 529 247 216 508 125 919 225 660 800 705 464 680 343 249 391 752 930 446 368 899 436 235 581 232 117 138 661 773 166 276 702 222 976 841 585 267 135 280 786 303 463 640 84 668 621 843 845 756 117 850 808 614 721 971 532 
435 820 455 548 702 415 103 0 881 616 779 937 187 812 386 613 362 636 54 804 68 323 375 258 711 33 509 345 750 816 212 138 756 333 636 351 822 386 143 338 210 534 603 539 308 369 929 82 291 221 821 429 70 362 953 268 406 993 94 43 280 559 892 
959 326 614 184 991 410 529 881 0 822 902 204 310 405 943 395 945 855 874 19 712 864 495 507 635 640 40 772 720 221 450 7 158 400 675 651 321 677 124 61 310 907 610 684 20 582 410 790 966 892 292 43 354 12 622 477 125 273 909 658 968 143 398 
245 808 957 11 420 199 247 616 822 0 89 520 190 571 147 254 447 664 111 783 854 562 56 552 697 672 692 182 212 651 409 912 787 82 105 914 419 462 575 424 361 121 517 962 125 911 447 101 258 800 74 518 577 705 931 337 767 194 299 961 529 901 747 
760 4 998 469 927 484 216 779 902 89 0 914 694 779 797 403 968 529 548 585 245 842 279 799 648 281 344 207 719 945 897 615 444 252 246 442 14 455 889 62 513 759 515 27 943 135 537 886 264 207 929 593 367 799 441 733 153 28 462 59 141 29 101 
793 316 80 116 571 166 508 937 204 520 914 0 63 276 681 270 578 862 953 815 634 783 706 1 57 446 88 887 549 106 854 401 227 504 246 147 860 989 269 250 286 536 496 788 741 346 736 598 96 938 198 512 218 916 992 318 954 819 91 987 466 742 100 
621 761 250 995 177 899 125 187 310 190 694 63 0 971 908 633 452 618 665 456 884 988 655 623 308 637 420 381 427 152 987 73 717 490 744 438 629 409 805 381 112 554 603 877 836 978 697 938 702 156 23 810 520 782 76 821 941 904 760 561 28 184 881 
214 867 158 231 544 695 919 812 405 571 779 276 971 0 300 55 338 532 831 397 46 840 153 636 886 816 667 220 87 296 803 298 138 201 256 588 567 599 255 387 425 313 520 82 274 52 856 768 724 295 528 840 827 429 861 663 857 852 722 676 291 48 816 
409 263 451 986 388 38 225 386 943 147 797 681 908 300 0 554 20 856 957 265 106 414 750 154 615 523 344 394 329 413 180 432 393 136 916 270 179 83 932 707 919 348 105 894 911 937 769 804 338 36 25 497 991 851 836 265 463 720 571 37 584 516 917 
555 139 267 659 577 461 660 613 395 254 403 270 633 55 554 0 636 169 547 337 761 357 453 498 801 102 834 332 827 599 585 657 394 704 180 527 990 641 382 747 259 540 130 196 348 604 557 911 984 953 411 82 156 446 330 393 491 16 727 372 698 331 259 
504 88 285 942 158 775 800 362 945 447 968 578 452 338 20 636 0 676 688 808 115 484 220 303 621 417 191 994 865 663 931 281 370 212 100 726 4 399 62 356 648 155 839 848 338 647 992 413 862 228 65 420 63 867 426 53 318 487 631 551 932 871 654 
368 293 191 284 387 956 705 636 855 664 529 862 618 532 856 169 676 0 834 431 72 617 545 990 487 852 828 480 24 423 362 866 33 460 481 940 917 918 387 632 604 616 794 368 298 664 515 225 173 653 812 855 947 190 547 424 499 665 428 38 944 337 902 
762 93 699 547 232 177 464 54 874 111 548 953 665 831 957 547 688 834 0 401 858 121 495 681 549 659 633 824 574 558 258 805 895 893 767 530 372 328 91 400 496 486 946 753 540 404 552 679 562 190 388 926 903 257 747 910 135 712 163 31 608 792 5 
672 501 886 535 495 361 680 804 19 783 585 815 456 397 265 337 808 431 401 0 804 27 433 769 524 728 344 876 462 579 189 33 814 671 739 426 895 228 108 321 312 404 417 854 96 888 519 57 34 493 619 424 679 146 919 558 774 952 633 700 80 262 996 
86 583 72 616 49 539 343 68 712 854 245 634 884 46 106 761 115 72 858 804 0 180 834 901 106 100 324 994 730 778 322 48 416 765 347 225 538 476 7 968 108 730 887 405 498 752 738 208 393 422 933 813 624 836 431 198 706 456 742 618 212 414 609 
482 346 589 836 493 236 249 323 864 562 842 783 988 840 414 357 484 617 121 27 180 0 976 333 753 412 764 239 656 511 723 93 968 24 664 833 545 765 113 86 232 339 703 803 526 614 479 506 201 64 558 227 463 716 783 515 421 680 329 112 914 503 404 
370 946 3 825 695 589 391 375 495 56 279 706 655 153 750 453 220 545 495 433 834 976 0 172 11 827 482 106 710 93 739 439 647 258 605 278 856 781 616 238 871 350 977 962 737 79 515 571 700 182 945 661 643 325 609 712 557 175 124 10 597 853 609 
58 199 945 565 869 188 752 258 507 552 799 1 623 636 154 498 303 990 681 769 901 333 172 0 449 512 291 398 811 509 724 433 399 833 796 740 120 627 22 673 379 850 588 841 404 316 714 888 842 138 86 557 757 137 65 700 373 1000 679 162 179 245 622 
503 689 943 178 178 936 930 711 635 697 648 57 308 886 615 801 621 487 549 524 106 753 11 449 0 708 254 277 742 417 919 99 762 211 82 458 210 450 877 482 795 748 460 108 718 452 73 835 639 443 738 613 304 180 176 905 46 172 831 226 667 279 94 
775 235 208 762 269 689 446 33 640 672 281 446 637 816 523 102 417 852 659 728 100 412 827 512 708 0 702 403 535 88 439 999 406 631 771 85 643 226 654 372 181 201 778 378 719 334 179 687 940 609 405 959 509 926 529 191 300 894 558 944 505 70 37 
817 594 363 279 417 17 368 509 40 692 344 88 420 667 344 834 191 828 633 344 324 764 482 291 254 702 0 549 547 231 888 491 987 570 788 487 821 897 629 974 867 218 858 993 130 303 741 713 355 98 861 74 160 86 370 272 433 967 823 92 915 260 618 
798 462 799 203 682 207 899 345 772 182 207 887 381 220 394 332 994 480 824 876 994 239 106 398 277 403 549 0 310 140 684 352 646 153 435 630 9 674 711 133 24 644 98 987 51 302 674 729 218 240 950 419 164 86 985 697 503 755 315 823 231 422 527 
754 157 183 421 112 810 436 750 720 212 719 549 427 87 329 827 865 24 574 462 730 656 710 811 742 535 547 310 0 14 568 658 605 599 958 384 402 819 224 577 848 294 107 892 746 466 666 623 282 564 291 683 594 887 296 514 9 446 333 101 823 272 117 
897 514 777 373 576 877 235 816 221 651 945 106 152 296 413 599 663 423 558 579 778 511 93 509 417 88 231 140 14 0 522 710 935 184 692 145 59 679 230 425 892 404 622 170 233 598 98 396 242 211 896 530 949 626 843 972 503 86 401 62 452 295 635 
317 534 704 973 587 695 581 212 450 409 897 854 987 803 180 585 931 362 258 189 322 723 739 724 919 439 888 684 568 522 0 571 615 941 748 57 321 115 104 715 89 858 941 570 21 339 154 120 468 374 851 796 768 289 595 847 93 349 497 501 708 246 590 
574 172 255 44 5 502 232 138 7 912 615 401 73 298 432 657 281 866 805 33 48 93 439 433 99 999 491 352 658 710 571 0 524 191 377 152 524 405 896 906 621 272 774 253 335 646 352 986 796 834 122 125 658 555 722 828 295 390 373 519 161 21 253 
34 108 496 488 598 912 117 756 158 787 444 227 717 138 393 394 370 33 895 814 416 968 647 399 762 406 987 646 605 935 615 524 0 680 420 797 525 960 196 437 30 542 61 904 849 913 617 755 241 490 285 513 685 751 650 851 1 802 990 649 801 550 828 
497 70 928 968 860 975 138 333 400 82 252 504 490 201 136 704 212 460 893 671 765 24 258 833 211 631 570 153 599 184 941 191 680 0 201 742 904 626 142 314 681 989 871 165 126 967 528 169 229 338 822 752 267 960 253 185 213 571 525 844 980 626 199 
270 374 485 10 764 342 661 636 675 105 246 246 744 256 916 180 100 481 767 739 347 664 605 796 82 771 788 435 958 692 748 377 420 201 0 664 624 55 886 277 965 25 515 560 276 84 489 587 971 290 764 211 465 183 148 770 619 714 382 635 450 484 772 
862 961 812 464 49 645 773 351 651 914 442 147 438 588 270 527 726 940 530 426 225 833 278 740 458 85 487 630 384 145 57 152 797 742 664 0 609 29 908 452 385 731 161 542 565 266 15 783 972 158 929 403 226 596 993 311 845 835 602 865 321 552 951 
910 433 148 250 513 694 166 822 321 419 14 860 629 567 179 990 4 917 372 895 538 545 856 120 210 643 821 9 402 59 321 524 525 904 624 609 0 806 938 851 720 119 296 817 559 894 777 812 229 465 453 916 511 390 147 196 236 52 651 723 57 945 328 
63 816 581 625 359 931 276 386 677 462 455 989 409 599 83 641 399 918 328 228 476 765 781 627 450 226 897 674 819 679 115 405 960 626 55 29 806 0 508 813 930 572 777 593 8 889 262 874 417 543 418 316 91 44 763 109 775 926 725 941 359 575 710 
122 729 34 215 116 897 702 143 124 575 889 269 805 255 932 382 62 387 91 108 7 113 616 22 877 654 629 711 224 230 104 896 196 142 886 908 938 508 0 984 201 72 274 478 522 309 604 797 130 832 706 79 50 170 979 807 848 631 108 935 687 781 431 
703 898 520 428 296 28 222 338 61 424 62 250 381 387 707 747 356 632 400 321 968 86 238 673 482 372 974 133 577 425 715 906 437 314 277 452 851 813 984 0 416 425 114 208 251 291 635 474 416 948 339 378 268 975 829 200 303 79 546 453 360 573 358 
338 206 190 555 200 391 976 210 310 361 513 286 112 425 919 259 648 604 496 312 108 232 871 379 795 181 867 24 848 892 89 621 30 681 965 385 720 930 201 416 0 753 647 922 481 365 184 405 973 617 530 191 285 581 902 365 599 715 43 713 944 364 454 
939 449 773 426 195 59 841 534 907 121 759 536 554 313 348 540 155 616 486 404 730 339 350 850 748 201 218 644 294 404 858 272 542 989 25 731 119 572 72 425 753 0 314 318 321 844 221 306 839 906 794 919 787 786 474 654 871 849 44 996 75 599 682 
157 443 152 897 61 394 585 603 610 517 515 496 603 520 105 130 839 794 946 417 887 703 977 588 460 778 858 98 107 622 941 774 61 871 515 161 296 777 274 114 647 314 0 847 765 870 338 626 113 639 250 17 768 79 629 598 950 699 826 839 384 700 510 
75 782 189 784 624 953 267 539 684 962 27 788 877 82 894 196 848 368 753 854 405 803 962 841 108 378 993 987 892 170 570 253 904 165 560 542 817 593 478 208 922 318 847 0 208 738 882 671 352 512 729 483 616 514 534 332 350 384 647 547 769 801 246 
753 34 458 859 780 928 135 308 20 125 943 741 836 274 911 348 338 298 540 96 498 526 737 404 718 719 130 51 746 233 21 335 849 126 276 565 559 8 522 251 481 321 765 208 0 637 332 324 200 88 880 20 914 994 17 314 243 95 472 716 858 6 418 
704 876 309 507 389 784 280 369 582 911 135 346 978 52 937 604 647 664 404 888 752 614 79 316 452 334 303 302 466 598 339 646 913 967 84 266 894 889 309 291 365 844 870 738 637 0 375 642 679 991 594 12 405 485 763 241 903 970 366 170 282 301 973 
70 173 785 827 533 671 786 929 410 447 537 736 697 856 769 557 992 515 552 519 738 479 515 714 73 179 741 674 666 98 154 352 617 528 489 15 777 262 604 635 184 221 338 882 332 375 0 893 935 766 419 298 650 849 556 551 502 849 284 904 302 335 752 
192 236 941 564 602 860 303 82 790 101 886 598 938 768 804 911 413 225 679 57 208 506 571 888 835 687 713 729 623 396 120 986 755 169 587 783 812 874 797 474 405 306 626 671 324 642 893 0 419 665 668 927 477 990 83 933 176 899 62 846 983 921 978 
708 511 241 945 313 472 463 291 966 258 264 96 702 724 338 984 862 173 562 34 393 201 700 842 639 940 355 218 282 242 468 796 241 229 971 972 229 417 130 416 973 839 113 352 200 679 935 419 0 858 247 494 249 985 427 551 486 743 153 261 368 457 475 
326 178 828 634 103 556 640 221 892 800 207 938 156 295 36 953 228 653 190 493 422 64 182 138 443 609 98 240 564 211 374 834 490 338 290 158 465 543 832 948 617 906 639 512 88 991 766 665 858 0 706 227 138 908 554 586 82 138 9 115 626 489 604 
424 629 813 778 375 825 84 821 292 74 929 198 23 528 25 411 65 812 388 619 933 558 945 86 738 405 861 950 291 896 851 122 285 822 764 929 453 418 706 339 530 794 250 729 880 594 419 668 247 706 0 769 736 523 618 58 325 368 167 714 514 644 280 
250 121 324 115 371 277 668 429 43 518 593 512 810 840 497 82 420 855 926 424 813 227 661 557 613 959 74 419 683 530 796 125 513 752 211 403 916 316 79 378 191 919 17 483 20 12 298 927 494 227 769 0 222 208 98 481 947 705 291 699 859 230 971 
813 201 820 744 915 645 621 70 354 577 367 218 520 827 991 156 63 947 903 679 624 463 643 757 304 509 160 164 594 949 768 658 685 267 465 226 511 91 50 268 285 787 768 616 914 405 650 477 249 138 736 222 0 537 73 577 969 208 693 279 737 667 703 
766 209 157 203 648 128 843 362 12 705 799 916 782 429 851 446 867 190 257 146 836 716 325 137 180 926 86 86 887 626 289 555 751 960 183 596 390 44 170 975 581 786 79 514 994 485 849 990 985 908 523 208 537 0 979 894 764 874 924 376 434 935 751 
365 33 241 231 580 584 845 953 622 931 441 992 76 861 836 330 426 547 747 919 431 783 609 65 176 529 370 985 296 843 595 722 650 253 148 993 147 763 979 829 902 474 629 534 17 763 556 83 427 554 618 98 73 979 0 56 249 487 988 947 849 395 950 
428 985 492 84 800 376 756 268 477 337 733 318 821 663 265 393 53 424 910 558 198 515 712 700 905 191 272 697 514 972 847 828 851 185 770 311 196 109 807 200 365 654 598 332 314 241 551 933 551 586 58 481 577 894 56 0 339 85 635 929 489 884 849 
938 820 277 463 184 720 117 406 125 767 153 954 941 857 463 491 318 499 135 774 706 421 557 373 46 300 433 503 9 503 93 295 1 213 619 845 236 775 848 303 599 871 950 350 243 903 502 176 486 82 325 947 969 764 249 339 0 886 710 162 71 29 988 
959 208 54 853 68 716 850 993 273 194 28 819 904 852 720 16 487 665 712 952 456 680 175 1000 172 894 967 755 446 86 349 390 802 571 714 835 52 926 631 79 715 849 699 384 95 970 849 899 743 138 368 705 208 874 487 85 886 0 313 371 975 464 79 
201 570 364 117 370 18 808 94 909 299 462 91 760 722 571 727 631 428 163 633 742 329 124 679 831 558 823 315 333 401 497 373 990 525 382 602 651 725 108 546 43 44 826 647 472 366 284 62 153 9 167 291 693 924 988 635 710 313 0 402 406 407 853 
202 534 163 571 814 223 614 43 658 961 59 987 561 676 37 372 551 38 31 700 618 112 10 162 226 944 92 823 101 62 501 519 649 844 635 865 723 941 935 453 713 996 839 547 716 170 904 846 261 115 714 699 279 376 947 929 162 371 402 0 76 395 535 
934 543 256 531 551 337 721 280 968 529 141 466 28 291 584 698 932 944 608 80 212 914 597 179 667 505 915 231 823 452 708 161 801 980 450 321 57 359 687 360 944 75 384 769 858 282 302 983 368 626 514 859 737 434 849 489 71 975 406 76 0 696 856 
329 2 703 105 325 756 971 559 143 901 29 742 184 48 516 331 871 337 792 262 414 503 853 245 279 70 260 422 272 295 246 21 550 626 484 552 945 575 781 573 364 599 700 801 6 301 335 921 457 489 644 230 667 935 395 884 29 464 407 395 696 0 826 
686 901 668 706 347 271 532 892 398 747 101 100 881 816 917 259 654 902 5 996 609 404 609 622 94 37 618 527 117 635 590 253 828 199 772 951 328 710 431 358 454 682 510 246 418 973 752 978 475 604 280 971 703 751 950 849 988 79 853 535 856 826 0 
0 1 1 1 0 0 1 0 1 1 1 1 0 0 0 0 1 1 0 0 0 1 1 0 1 1 0 1 0 0 1 0 0 0 0 1 1 1 1 1 1 1 0 1 1 1 0 0 1 1 0 0 1 0 1 0 1 0 0 1 0 0 1 