23
0 475 404 502 704 781 316 36 605 292 59 466 220 85 656 856 343 306 472 917 724 411 85 
475 0 809 253 37 348 885 861 438 251 422 369 651 430 636 759 813 456 538 616 308 241 409 
404 809 0 725 656 180 961 36 324 895 468 514 878 674 415 583 145 976 471 154 314 614 817 
502 253 725 0 484 136 466 145 331 663 822 857 156 177 748 276 345 248 39 901 690 81 665 
704 37 656 484 0 15 619 582 771 192 895 812 642 488 782 748 192 379 906 527 875 728 299 
781 348 180 136 15 0 594 109 345 354 423 574 914 680 738 996 359 96 401 278 923 237 388 
316 885 961 466 619 594 0 81 529 514 538 225 196 416 970 503 579 372 376 789 915 682 574 
36 861 36 145 582 109 81 0 528 930 229 23 980 496 971 207 827 96 433 62 998 385 705 
605 438 324 331 771 345 529 528 0 866 821 395 656 276 866 182 367 413 83 969 6 188 105 
292 251 895 663 192 354 514 930 866 0 63 637 273 804 119 695 407 489 522 101 938 325 951 
59 422 468 822 895 423 538 229 821 63 0 274 794 856 421 504 286 726 335 427 433 974 362 
466 369 514 857 812 574 225 23 395 637 274 0 587 710 483 176 325 418 484 357 466 65 181 
220 651 878 156 642 914 196 980 656 273 794 587 0 998 551 458 895 822 591 418 299 842 580 
85 430 674 177 488 680 416 496 276 804 856 710 998 0 282 644 881 254 624 46 475 823 868 
656 636 415 748 782 738 970 971 866 119 421 483 551 282 0 222 978 669 701 268 906 237 479 
856 759 583 276 748 996 503 207 182 695 504 176 458 644 222 0 353 808 608 25 416 230 491 
343 813 145 345 192 359 579 827 367 407 286 325 895 881 978 353 0 513 252 554 605 337 573 
306 456 976 248 379 96 372 96 413 489 726 418 822 254 669 808 513 0 765 703 163 925 441 
472 538 471 39 906 401 376 433 83 522 335 484 591 624 701 608 252 765 0 715 559 546 516 
917 616 154 901 527 278 789 62 969 101 427 357 418 46 268 25 554 703 715 0 733 895 549 
724 308 314 690 875 923 915 998 6 938 433 466 299 475 906 416 605 163 559 733 0 604 846 
411 241 614 81 728 237 682 385 188 325 974 65 842 823 237 230 337 925 546 895 604 0 427 
85 409 817 665 299 388 574 705 105 951 362 181 580 868 479 491 573 441 516 549 846 427 0 
0 0 0 0 0 0 0 0 0 0 0 0 0 0 0 0 0 0 0 0 0 1 0 