61
0 185 950 672 795 335 806 986 15 169 37 323 60 433 754 924 293 498 359 281 339 69 26 235 15 14 774 30 26 44 804 679 234 226 17 249 535 573 891 935 652 189 140 21 383 701 811 96 107 966 771 121 588 289 721 230 379 633 184 349 376 
185 0 555 133 6 304 858 173 942 206 184 456 375 202 41 753 35 99 997 342 321 615 15 659 195 290 185 849 672 364 309 672 9 182 101 415 969 910 970 742 741 621 621 647 407 36 962 937 45 479 59 918 830 833 105 197 750 549 655 782 791 
950 555 0 4 600 900 698 756 618 196 678 483 94 249 648 676 729 560 895 356 329 457 245 375 517 562 115 106 337 761 46 549 991 845 586 166 204 235 618 987 929 478 509 781 399 422 684 343 743 247 469 189 661 780 346 216 892 751 935 108 450 
672 133 4 0 933 362 551 872 314 821 542 960 744 488 345 752 714 107 893 697 195 883 671 289 713 528 393 618 75 574 9 595 416 318 840 827 496 989 894 369 422 24 652 848 201 542 876 691 809 378 234 441 701 296 789 384 915 231 653 998 218 
795 6 600 933 0 673 339 927 939 552 631 491 437 236 995 944 352 491 846 987 79 531 203 245 125 497 546 722 280 990 904 434 764 507 482 742 783 899 370 81 157 196 139 104 945 427 351 450 241 281 300 637 557 719 530 801 474 902 903 273 472 
335 304 900 362 673 0 45 300 238 122 50 220 931 50 26 844 139 359 70 350 969 414 903 534 130 179 222 21 202 516 888 636 636 122 299 703 470 23 561 339 984 807 317 38 787 4 342 80 75 288 264 578 32 439 18 196 618 210 904 841 221 
806 858 698 551 339 45 0 541 334 882 920 787 658 675 326 879 649 463 250 589 534 932 671 328 653 975 753 140 129 464 877 821 144 67 936 330 685 422 378 919 871 203 712 643 215 874 497 192 440 190 7 191 691 728 87 413 278 7 928 563 285 
986 173 756 872 927 300 541 0 979 729 560 666 955 502 489 687 254 495 640 825 115 963 315 473 685 278 316 76 117 614 289 543 81 679 350 54 228 246 659 618 420 454 863 988 747 120 589 800 654 537 399 41 710 512 881 199 820 606 806 719 920 
15 942 618 314 939 238 334 979 0 822 511 612 471 229 935 331 272 241 983 276 415 560 138 526 406 986 486 678 768 608 591 878 661 92 872 425 319 58 425 543 352 774 442 184 208 663 667 977 348 342 544 676 917 193 997 715 974 687 990 739 570 
169 206 196 821 552 122 882 729 822 0 952 318 210 216 324 274 451 551 851 134 740 244 1000 615 313 432 45 746 375 246 865 803 500 210 142 254 4 573 201 862 171 863 956 382 429 203 721 525 841 213 843 101 518 506 424 521 816 107 583 77 423 
37 184 678 542 631 50 920 560 511 952 0 330 17 674 694 903 835 928 857 401 895 817 923 276 146 289 440 28 686 514 424 329 535 694 98 125 360 599 278 29 623 269 534 547 899 525 472 937 340 240 755 735 528 524 713 268 188 249 665 674 512 
323 456 483 960 491 220 787 666 612 318 330 0 588 297 253 64 486 719 168 510 247 47 819 651 632 638 419 498 176 312 577 370 614 193 929 250 605 23 125 891 175 41 704 385 541 821 665 212 254 634 778 970 810 240 928 296 180 181 47 694 901 
60 375 94 744 437 931 658 955 471 210 17 588 0 957 419 272 676 684 416 601 633 100 962 201 681 22 256 379 626 622 574 398 976 113 177 225 591 737 636 325 630 124 110 259 428 418 386 40 259 754 708 510 137 958 722 208 87 577 50 460 546 
433 202 249 488 236 50 675 502 229 216 674 297 957 0 592 318 685 833 441 665 150 844 183 48 649 403 942 866 852 936 969 729 303 394 947 394 300 597 377 176 142 414 188 382 485 457 891 562 775 212 919 622 13 777 992 99 316 622 628 149 26 
754 41 648 345 995 26 326 489 935 324 694 253 419 592 0 58 153 29 336 319 820 141 681 448 901 923 372 388 857 126 199 968 941 300 10 700 862 502 470 549 340 554 518 114 689 373 222 881 774 192 50 475 948 695 757 76 841 389 409 436 98 
924 753 676 752 944 844 879 687 331 274 903 64 272 318 58 0 735 242 143 433 853 373 89 604 841 569 274 171 2 584 408 150 530 774 944 905 454 999 502 921 879 20 822 272 830 904 690 943 238 141 499 320 871 488 373 490 252 749 20 195 863 
293 35 729 714 352 139 649 254 272 451 835 486 676 685 153 735 0 987 736 548 189 906 240 885 379 378 249 343 595 355 979 37 330 649 984 939 246 315 3 824 332 620 750 886 424 838 806 884 385 338 36 938 498 730 214 316 859 21 763 837 823 
498 99 560 107 491 359 463 495 241 551 928 719 684 833 29 242 987 0 34 793 742 799 576 855 148 945 73 78 431 543 675 621 168 128 56 605 480 643 391 946 891 184 253 765 68 114 404 297 38 620 724 465 761 978 759 545 148 99 615 600 892 
359 997 895 893 846 70 250 640 983 851 857 168 416 441 336 143 736 34 0 136 197 589 732 210 13 343 988 542 39 808 492 549 369 246 274 693 643 307 599 124 480 146 233 435 411 996 32 53 32 896 225 75 373 462 988 595 710 900 179 811 316 
281 342 356 697 987 350 589 825 276 134 401 510 601 665 319 433 548 793 136 0 667 343 477 865 460 336 471 494 452 187 547 748 943 60 564 888 857 410 727 306 749 714 650 30 250 361 286 539 108 591 13 396 272 561 428 416 667 919 653 355 592 
339 321 329 195 79 969 534 115 415 740 895 247 633 150 820 853 189 742 197 667 0 487 183 365 914 914 591 683 476 407 620 309 394 906 479 636 165 293 366 281 752 527 534 596 74 779 440 591 578 955 772 265 793 196 403 557 72 229 567 432 906 
69 615 457 883 531 414 932 963 560 244 817 47 100 844 141 373 906 799 589 343 487 0 664 811 802 518 616 510 299 625 240 993 110 571 53 591 370 229 144 130 847 356 641 689 900 323 31 654 944 382 206 372 912 905 335 955 440 262 924 16 768 
26 15 245 671 203 903 671 315 138 1000 923 819 962 183 681 89 240 576 732 477 183 664 0 249 676 406 589 257 5 228 316 593 321 692 533 621 440 592 582 652 721 463 534 762 813 716 39 932 94 285 765 220 176 601 433 859 88 919 671 455 981 
235 659 375 289 245 534 328 473 526 615 276 651 201 48 448 604 885 855 210 865 365 811 249 0 318 170 728 490 900 888 441 79 998 269 456 12 435 726 83 782 133 871 148 127 614 213 440 983 195 324 481 979 927 702 763 348 561 811 898 345 104 
15 195 517 713 125 130 653 685 406 313 146 632 681 649 901 841 379 148 13 460 914 802 676 318 0 42 342 554 752 562 610 666 254 310 171 610 990 607 419 138 331 108 422 222 59 111 345 871 903 416 731 234 486 257 70 97 233 14 299 123 28 
14 290 562 528 497 179 975 278 986 432 289 638 22 403 923 569 378 945 343 336 914 518 406 170 42 0 702 197 459 680 467 803 561 478 584 315 345 405 667 119 35 779 105 881 296 395 939 865 538 449 667 914 474 794 717 744 313 327 570 499 186 
774 185 115 393 546 222 753 316 486 45 440 419 256 942 372 274 249 73 988 471 591 616 589 728 342 702 0 552 768 709 664 620 282 107 483 382 995 939 830 271 260 726 807 33 789 622 921 637 340 803 716 874 951 559 913 478 690 2 654 788 174 
30 849 106 618 722 21 140 76 678 746 28 498 379 866 388 171 343 78 542 494 683 510 257 490 554 197 552 0 575 714 262 322 770 800 386 90 740 281 777 167 717 970 523 871 412 810 60 718 815 582 135 409 81 981 640 224 398 687 384 39 36 
26 672 337 75 280 202 129 117 768 375 686 176 626 852 857 2 595 431 39 452 476 299 5 900 752 459 768 575 0 272 84 463 981 63 120 838 836 327 871 60 896 365 649 485 598 399 562 380 729 344 818 674 98 838 296 976 578 126 413 104 683 
44 364 761 574 990 516 464 614 608 246 514 312 622 936 126 584 355 543 808 187 407 625 228 888 562 680 709 714 272 0 663 589 608 124 554 865 19 992 174 451 813 508 592 275 317 498 646 811 48 27 792 745 219 855 73 263 390 639 825 26 504 
804 309 46 9 904 888 877 289 591 865 424 577 574 969 199 408 979 675 492 547 620 240 316 441 610 467 664 262 84 663 0 59 979 112 797 281 68 479 301 428 292 745 940 999 262 340 447 381 277 305 585 896 231 311 409 45 539 681 550 880 655 
679 672 549 595 434 636 821 543 878 803 329 370 398 729 968 150 37 621 549 748 309 993 593 79 666 803 620 322 463 589 59 0 454 763 662 78 814 214 240 918 399 243 816 416 310 596 22 6 864 345 471 781 368 994 224 481 494 498 818 354 20 
234 9 991 416 764 636 144 81 661 500 535 614 976 303 941 530 330 168 369 943 394 110 321 998 254 561 282 770 981 608 979 454 0 183 803 504 5 797 940 582 684 181 492 932 640 296 282 549 30 578 429 466 944 871 944 414 156 417 604 876 848 
226 182 845 318 507 122 67 679 92 210 694 193 113 394 300 774 649 128 246 60 906 571 692 269 310 478 107 800 63 124 112 763 183 0 631 777 903 80 654 114 273 64 909 296 880 541 163 230 453 795 801 403 959 117 321 277 304 755 276 928 197 
17 101 586 840 482 299 936 350 872 142 98 929 177 947 10 944 984 56 274 564 479 53 533 456 171 584 483 386 120 554 797 662 803 631 0 649 140 331 270 504 846 975 838 985 969 722 880 96 797 85 126 30 763 352 342 36 988 212 178 111 903 
249 415 166 827 742 703 330 54 425 254 125 250 225 394 700 905 939 605 693 888 636 591 621 12 610 315 382 90 838 865 281 78 504 777 649 0 828 195 550 201 507 917 658 585 404 28 173 67 922 73 191 778 737 259 644 548 618 240 625 727 457 
535 969 204 496 783 470 685 228 319 4 360 605 591 300 862 454 246 480 643 857 165 370 440 435 990 345 995 740 836 19 68 814 5 903 140 828 0 972 112 979 193 5 881 41 543 830 661 678 716 127 821 320 523 35 144 113 578 789 481 366 476 
573 910 235 989 899 23 422 246 58 573 599 23 737 597 502 999 315 643 307 410 293 229 592 726 607 405 939 281 327 992 479 214 797 80 331 195 972 0 358 327 639 156 908 628 941 848 235 350 788 284 505 624 93 90 916 497 130 543 146 603 50 
891 970 618 894 370 561 378 659 425 201 278 125 636 377 470 502 3 391 599 727 366 144 582 83 419 667 830 777 871 174 301 240 940 654 270 550 112 358 0 95 687 283 691 358 435 964 664 455 143 844 937 914 579 169 430 532 536 656 317 876 7 
935 742 987 369 81 339 919 618 543 862 29 891 325 176 549 921 824 946 124 306 281 130 652 782 138 119 271 167 60 451 428 918 582 114 504 201 979 327 95 0 864 59 338 176 546 371 930 56 300 621 225 898 34 401 130 724 80 239 396 593 973 
652 741 929 422 157 984 871 420 352 171 623 175 630 142 340 879 332 891 480 749 752 847 721 133 331 35 260 717 896 813 292 399 684 273 846 507 193 639 687 864 0 702 60 472 208 361 219 797 514 360 813 107 454 578 360 347 374 604 772 708 33 
189 621 478 24 196 807 203 454 774 863 269 41 124 414 554 20 620 184 146 714 527 356 463 871 108 779 726 970 365 508 745 243 181 64 975 917 5 156 283 59 702 0 20 726 100 421 730 213 632 596 303 223 705 568 583 717 568 530 42 319 456 
140 621 509 652 139 317 712 863 442 956 534 704 110 188 518 822 750 253 233 650 534 641 534 148 422 105 807 523 649 592 940 816 492 909 838 658 881 908 691 338 60 20 0 986 602 393 666 575 930 430 185 625 424 918 717 753 376 112 235 44 59 
21 647 781 848 104 38 643 988 184 382 547 385 259 382 114 272 886 765 435 30 596 689 762 127 222 881 33 871 485 275 999 416 932 296 985 585 41 628 358 176 472 726 986 0 383 405 606 705 63 491 561 620 958 616 749 921 950 465 712 617 366 
383 407 399 201 945 787 215 747 208 429 899 541 428 485 689 830 424 68 411 250 74 900 813 614 59 296 789 412 598 317 262 310 640 880 969 404 543 941 435 546 208 100 602 383 0 811 737 36 29 457 20 816 168 463 240 957 598 767 83 658 865 
701 36 422 542 427 4 874 120 663 203 525 821 418 457 373 904 838 114 996 361 779 323 716 213 111 395 622 810 399 498 340 596 296 541 722 28 830 848 964 371 361 421 393 405 811 0 552 535 936 248 977 965 243 812 128 310 587 929 294 910 872 
811 962 684 876 351 342 497 589 667 721 472 665 386 891 222 690 806 404 32 286 440 31 39 440 345 939 921 60 562 646 447 22 282 163 880 173 661 235 664 930 219 730 666 606 737 552 0 935 935 776 457 838 949 361 157 276 93 98 171 107 670 
96 937 343 691 450 80 192 800 977 525 937 212 40 562 881 943 884 297 53 539 591 654 932 983 871 865 637 718 380 811 381 6 549 230 96 67 678 350 455 56 797 213 575 705 36 535 935 0 294 689 341 848 133 129 309 207 867 274 258 384 482 
107 45 743 809 241 75 440 654 348 841 340 254 259 775 774 238 385 38 32 108 578 944 94 195 903 538 340 815 729 48 277 864 30 453 797 922 716 788 143 300 514 632 930 63 29 936 935 294 0 769 779 926 375 722 756 695 859 396 743 462 524 
966 479 247 378 281 288 190 537 342 213 240 634 754 212 192 141 338 620 896 591 955 382 285 324 416 449 803 582 344 27 305 345 578 795 85 73 127 284 844 621 360 596 430 491 457 248 776 689 769 0 211 951 518 765 570 261 437 14 202 943 334 
771 59 469 234 300 264 7 399 544 843 755 778 708 919 50 499 36 724 225 13 772 206 765 481 731 667 716 135 818 792 585 471 429 801 126 191 821 505 937 225 813 303 185 561 20 977 457 341 779 211 0 480 55 985 238 437 924 232 430 365 337 
121 918 189 441 637 578 191 41 676 101 735 970 510 622 475 320 938 465 75 396 265 372 220 979 234 914 874 409 674 745 896 781 466 403 30 778 320 624 914 898 107 223 625 620 816 965 838 848 926 951 480 0 725 861 484 415 941 16 478 694 831 
588 830 661 701 557 32 691 710 917 518 528 810 137 13 948 871 498 761 373 272 793 912 176 927 486 474 951 81 98 219 231 368 944 959 763 737 523 93 579 34 454 705 424 958 168 243 949 133 375 518 55 725 0 812 467 138 852 417 502 841 387 
289 833 780 296 719 439 728 512 193 506 524 240 958 777 695 488 730 978 462 561 196 905 601 702 257 794 559 981 838 855 311 994 871 117 352 259 35 90 169 401 578 568 918 616 463 812 361 129 722 765 985 861 812 0 76 155 141 257 317 983 128 
721 105 346 789 530 18 87 881 997 424 713 928 722 992 757 373 214 759 988 428 403 335 433 763 70 717 913 640 296 73 409 224 944 321 342 644 144 916 430 130 360 583 717 749 240 128 157 309 756 570 238 484 467 76 0 215 146 918 795 620 74 
230 197 216 384 801 196 413 199 715 521 268 296 208 99 76 490 316 545 595 416 557 955 859 348 97 744 478 224 976 263 45 481 414 277 36 548 113 497 532 724 347 717 753 921 957 310 276 207 695 261 437 415 138 155 215 0 886 301 694 115 187 
379 750 892 915 474 618 278 820 974 816 188 180 87 316 841 252 859 148 710 667 72 440 88 561 233 313 690 398 578 390 539 494 156 304 988 618 578 130 536 80 374 568 376 950 598 587 93 867 859 437 924 941 852 141 146 886 0 89 50 86 456 
633 549 751 231 902 210 7 606 687 107 249 181 577 622 389 749 21 99 900 919 229 262 919 811 14 327 2 687 126 639 681 498 417 755 212 240 789 543 656 239 604 530 112 465 767 929 98 274 396 14 232 16 417 257 918 301 89 0 836 394 830 
184 655 935 653 903 904 928 806 990 583 665 47 50 628 409 20 763 615 179 653 567 924 671 898 299 570 654 384 413 825 550 818 604 276 178 625 481 146 317 396 772 42 235 712 83 294 171 258 743 202 430 478 502 317 795 694 50 836 0 224 484 
349 782 108 998 273 841 563 719 739 77 674 694 460 149 436 195 837 600 811 355 432 16 455 345 123 499 788 39 104 26 880 354 876 928 111 727 366 603 876 593 708 319 44 617 658 910 107 384 462 943 365 694 841 983 620 115 86 394 224 0 593 
376 791 450 218 472 221 285 920 570 423 512 901 546 26 98 863 823 892 316 592 906 768 981 104 28 186 174 36 683 504 655 20 848 197 903 457 476 50 7 973 33 456 59 366 865 872 670 482 524 334 337 831 387 128 74 187 456 830 484 593 0 
0 1 0 0 0 0 1 0 1 0 0 0 1 0 0 0 0 0 0 1 1 0 1 1 1 0 0 0 0 0 0 1 0 0 0 0 0 0 1 0 0 0 0 0 0 0 0 0 0 1 0 0 0 1 0 0 0 0 0 0 0 