65
0 511 752 942 169 728 178 511 965 314 241 73 918 320 100 688 403 752 217 535 374 466 992 7 537 445 370 695 958 280 410 185 712 886 57 827 456 750 588 921 998 271 477 965 263 975 652 907 225 652 398 565 697 726 371 639 71 388 459 980 368 303 493 52 218 
511 0 922 19 744 616 718 629 963 571 864 583 676 9 183 704 327 533 385 783 791 903 913 973 304 348 929 920 22 65 243 595 142 510 233 77 758 359 52 772 867 222 662 785 198 493 507 452 793 931 853 254 506 832 113 591 838 917 678 172 791 269 80 979 653 
752 922 0 951 510 61 891 158 1000 629 570 6 814 195 976 320 839 730 356 40 36 86 956 93 235 157 777 840 820 524 709 466 118 551 986 920 521 189 115 255 638 954 712 493 44 819 910 357 399 13 267 498 993 943 342 59 20 744 362 694 121 175 652 409 994 
942 19 951 0 856 745 811 113 72 357 655 868 638 634 769 658 552 350 740 736 418 981 956 858 883 815 866 35 567 538 574 925 218 948 114 667 80 736 34 211 710 495 128 424 718 381 435 538 181 103 869 725 701 158 83 846 350 483 421 677 978 950 87 152 632 
169 744 510 856 0 379 865 430 52 970 16 819 496 362 213 864 367 702 609 144 381 427 411 572 259 659 561 250 181 402 393 168 474 950 361 302 291 179 210 900 238 661 197 18 211 744 211 577 900 49 923 513 719 32 295 809 131 549 90 441 604 587 217 563 690 
728 616 61 745 379 0 589 34 452 956 37 964 25 747 223 34 968 28 379 192 778 774 576 526 264 655 84 720 296 995 96 384 866 237 2 94 740 402 624 263 258 280 93 207 78 327 278 999 906 510 959 988 514 585 141 81 590 536 199 148 223 171 770 174 52 
178 718 891 811 865 589 0 88 565 990 408 527 515 720 954 809 941 284 663 369 647 582 148 612 129 200 655 70 305 767 265 602 448 308 106 617 247 206 605 558 147 640 103 123 424 592 351 975 629 807 712 902 357 285 89 678 487 192 902 107 331 282 639 982 356 
511 629 158 113 430 34 88 0 194 790 936 403 242 207 435 575 539 191 388 216 582 841 105 657 652 482 597 636 628 199 442 584 95 784 715 188 834 642 696 899 65 449 366 319 58 620 900 624 951 863 660 461 909 389 414 979 962 562 765 916 147 30 32 924 806 
965 963 1000 72 52 452 565 194 0 658 52 545 150 780 657 508 447 584 792 278 448 682 525 26 907 141 419 430 307 544 7 1 144 866 359 832 391 209 964 965 987 709 419 776 473 139 664 64 130 25 734 767 219 312 271 465 200 874 284 98 26 430 883 582 874 
314 571 629 357 970 956 990 790 658 0 639 971 223 927 444 144 118 64 950 255 957 561 383 411 905 172 929 356 477 197 503 491 578 392 739 17 143 831 748 928 37 89 451 835 130 337 518 870 745 232 221 142 868 685 752 481 821 893 781 461 299 220 331 927 955 
241 864 570 655 16 37 408 936 52 639 0 807 241 519 947 4 780 921 130 995 204 824 798 219 294 831 164 449 193 800 992 637 68 346 53 883 397 493 330 145 947 714 139 538 714 832 594 341 385 531 81 62 123 453 674 185 713 106 644 440 363 93 514 719 726 
73 583 6 868 819 964 527 403 545 971 807 0 372 298 993 917 538 869 841 580 375 628 443 318 137 871 155 998 318 563 27 767 877 408 865 794 164 409 695 56 23 324 752 705 812 703 345 811 321 419 197 540 826 870 143 44 758 268 273 636 730 699 892 18 891 
918 676 814 638 496 25 515 242 150 223 241 372 0 856 903 634 865 635 469 426 734 14 73 557 813 872 321 879 208 685 113 211 372 268 28 710 160 981 40 892 109 70 924 90 933 73 958 408 461 451 784 455 508 880 532 414 410 859 572 246 205 575 508 58 710 
320 9 195 634 362 747 720 207 780 927 519 298 856 0 178 251 961 946 905 314 935 686 706 655 522 79 320 707 370 593 939 427 952 773 918 496 988 529 172 15 366 961 201 315 623 925 910 733 271 861 640 470 518 584 93 886 183 47 60 841 850 293 136 951 557 
100 183 976 769 213 223 954 435 657 444 947 993 903 178 0 91 832 849 567 989 773 830 23 762 878 484 527 496 724 159 942 791 490 400 965 814 168 679 270 195 960 67 259 983 28 673 734 170 26 988 16 497 76 466 327 538 124 978 469 290 837 980 105 762 460 
688 704 320 658 864 34 809 575 508 144 4 917 634 251 91 0 508 184 281 322 366 307 522 889 107 84 478 560 678 779 856 607 827 781 652 948 634 717 858 660 779 225 567 416 413 718 941 261 718 658 777 399 541 147 668 919 699 891 980 624 816 813 137 387 797 
403 327 839 552 367 968 941 539 447 118 780 538 865 961 832 508 0 885 942 711 312 959 931 411 883 650 975 584 440 568 636 304 465 448 987 697 66 972 913 328 598 324 85 70 700 788 139 879 842 929 747 138 746 150 608 502 300 677 555 414 809 268 294 706 704 
752 533 730 350 702 28 284 191 584 64 921 869 635 946 849 184 885 0 196 487 966 67 291 177 592 572 104 778 698 713 481 131 301 423 91 339 456 445 712 380 266 58 317 736 935 33 263 504 284 903 119 742 409 938 940 21 395 407 33 435 263 999 501 524 572 
217 385 356 740 609 379 663 388 792 950 130 841 469 905 567 281 942 196 0 516 129 877 345 183 396 379 235 201 660 341 127 391 822 997 562 45 12 108 683 335 85 649 621 903 987 822 472 472 281 865 318 614 379 414 938 2 283 378 147 786 872 581 925 929 45 
535 783 40 736 144 192 369 216 278 255 995 580 426 314 989 322 711 487 516 0 641 763 632 252 832 898 184 221 903 359 876 925 96 985 809 85 846 863 725 753 891 821 209 778 788 940 888 200 58 214 457 859 447 815 678 790 52 617 673 167 265 900 160 880 805 
374 791 36 418 381 778 647 582 448 957 204 375 734 935 773 366 312 966 129 641 0 417 454 4 297 237 370 743 142 35 375 620 665 759 596 966 765 836 551 19 567 351 714 156 796 855 257 75 860 738 600 965 888 334 614 957 190 174 591 419 890 72 339 870 701 
466 903 86 981 427 774 582 841 682 561 824 628 14 686 830 307 959 67 877 763 417 0 948 15 573 86 584 553 109 293 705 788 460 983 82 657 422 452 572 61 370 673 256 265 692 637 110 940 430 750 876 203 921 232 58 268 501 796 204 569 539 57 913 462 389 
992 913 956 956 411 576 148 105 525 383 798 443 73 706 23 522 931 291 345 632 454 948 0 422 220 859 14 447 302 420 365 879 656 146 784 892 182 488 999 225 848 336 494 233 840 489 307 59 397 473 550 431 717 813 207 814 644 114 986 890 32 573 297 618 960 
7 973 93 858 572 526 612 657 26 411 219 318 557 655 762 889 411 177 183 252 4 15 422 0 764 637 346 234 822 933 712 838 374 636 321 251 832 627 430 813 904 210 131 559 435 758 749 184 941 799 468 69 429 591 391 547 389 483 536 811 42 612 496 152 217 
537 304 235 883 259 264 129 652 907 905 294 137 813 522 878 107 883 592 396 832 297 573 220 764 0 724 751 448 464 176 857 61 265 414 9 588 439 463 708 119 122 244 507 923 915 750 87 750 60 382 134 161 766 998 755 549 30 462 422 793 570 746 675 697 726 
445 348 157 815 659 655 200 482 141 172 831 871 872 79 484 84 650 572 379 898 237 86 859 637 724 0 886 62 654 447 321 63 186 706 439 976 307 970 355 990 855 577 222 956 236 126 629 554 239 245 883 872 851 347 208 613 235 223 178 425 308 602 909 78 572 
370 929 777 866 561 84 655 597 419 929 164 155 321 320 527 478 975 104 235 184 370 584 14 346 751 886 0 8 832 482 137 553 67 773 99 510 718 959 690 770 621 853 887 559 347 278 390 10 511 788 140 457 671 374 807 559 385 905 918 607 197 274 534 636 623 
695 920 840 35 250 720 70 636 430 356 449 998 879 707 496 560 584 778 201 221 743 553 447 234 448 62 8 0 498 675 193 416 239 881 864 669 500 611 935 544 461 382 791 680 708 830 895 573 325 112 489 480 587 318 348 636 243 820 207 838 620 728 725 687 34 
958 22 820 567 181 296 305 628 307 477 193 318 208 370 724 678 440 698 660 903 142 109 302 822 464 654 832 498 0 870 85 46 233 980 602 490 879 999 934 821 274 676 768 920 837 883 81 508 60 319 344 581 918 520 270 606 984 355 970 733 719 422 629 603 683 
280 65 524 538 402 995 767 199 544 197 800 563 685 593 159 779 568 713 341 359 35 293 420 933 176 447 482 675 870 0 20 52 531 634 621 702 116 775 4 75 578 608 488 537 357 148 922 971 792 469 364 844 901 823 608 560 582 816 2 208 769 370 206 47 339 
410 243 709 574 393 96 265 442 7 503 992 27 113 939 942 856 636 481 127 876 375 705 365 712 857 321 137 193 85 20 0 467 826 372 828 891 90 579 238 476 994 576 497 568 581 871 355 709 283 964 771 766 491 892 91 982 783 47 551 705 470 611 916 758 399 
185 595 466 925 168 384 602 584 1 491 637 767 211 427 791 607 304 131 391 925 620 788 879 838 61 63 553 416 46 52 467 0 236 295 695 165 809 422 421 173 432 974 925 201 953 685 90 413 680 345 827 962 127 944 16 636 888 534 990 193 35 592 532 326 603 
712 142 118 218 474 866 448 95 144 578 68 877 372 952 490 827 465 301 822 96 665 460 656 374 265 186 67 239 233 531 826 236 0 934 647 415 61 479 562 500 855 411 717 143 389 527 703 91 60 829 414 931 192 655 861 139 990 882 416 213 876 24 450 798 798 
886 510 551 948 950 237 308 784 866 392 346 408 268 773 400 781 448 423 997 985 759 983 146 636 414 706 773 881 980 634 372 295 934 0 241 599 975 395 586 161 155 110 12 330 220 621 951 283 860 186 509 324 261 781 565 595 571 126 337 68 819 955 197 816 206 
57 233 986 114 361 2 106 715 359 739 53 865 28 918 965 652 987 91 562 809 596 82 784 321 9 439 99 864 602 621 828 695 647 241 0 159 790 796 936 636 748 618 16 979 557 44 697 352 358 203 464 153 746 747 769 353 843 442 915 584 218 917 753 361 426 
827 77 920 667 302 94 617 188 832 17 883 794 710 496 814 948 697 339 45 85 966 657 892 251 588 976 510 669 490 702 891 165 415 599 159 0 575 148 42 232 871 341 376 798 475 670 759 404 27 293 552 476 477 849 77 982 261 226 133 487 762 856 169 423 829 
456 758 521 80 291 740 247 834 391 143 397 164 160 988 168 634 66 456 12 846 765 422 182 832 439 307 718 500 879 116 90 809 61 975 790 575 0 212 447 353 310 422 819 297 848 187 973 398 416 403 261 492 338 182 459 361 762 168 85 735 835 355 110 322 59 
750 359 189 736 179 402 206 642 209 831 493 409 981 529 679 717 972 445 108 863 836 452 488 627 463 970 959 611 999 775 579 422 479 395 796 148 212 0 785 202 428 558 843 832 948 249 30 876 793 141 423 550 38 262 207 814 334 928 987 575 396 352 774 321 602 
588 52 115 34 210 624 605 696 964 748 330 695 40 172 270 858 913 712 683 725 551 572 999 430 708 355 690 935 934 4 238 421 562 586 936 42 447 785 0 831 830 40 2 977 793 517 287 750 749 401 508 256 179 614 607 557 952 995 35 978 774 261 24 637 789 
921 772 255 211 900 263 558 899 965 928 145 56 892 15 195 660 328 380 335 753 19 61 225 813 119 990 770 544 821 75 476 173 500 161 636 232 353 202 831 0 665 294 184 224 947 259 998 283 444 9 299 675 467 632 941 484 303 661 838 277 453 702 292 630 962 
998 867 638 710 238 258 147 65 987 37 947 23 109 366 960 779 598 266 85 891 567 370 848 904 122 855 621 461 274 578 994 432 855 155 748 871 310 428 830 665 0 536 669 502 962 233 196 117 765 96 835 278 138 459 478 295 610 653 950 930 919 674 556 58 955 
271 222 954 495 661 280 640 449 709 89 714 324 70 961 67 225 324 58 649 821 351 673 336 210 244 577 853 382 676 608 576 974 411 110 618 341 422 558 40 294 536 0 360 144 935 824 121 932 265 872 514 578 491 792 211 229 958 171 170 523 900 84 34 803 401 
477 662 712 128 197 93 103 366 419 451 139 752 924 201 259 567 85 317 621 209 714 256 494 131 507 222 887 791 768 488 497 925 717 12 16 376 819 843 2 184 669 360 0 591 72 996 759 255 200 914 931 39 889 960 968 178 985 455 621 909 771 92 543 140 784 
965 785 493 424 18 207 123 319 776 835 538 705 90 315 983 416 70 736 903 778 156 265 233 559 923 956 559 680 920 537 568 201 143 330 979 798 297 832 977 224 502 144 591 0 246 748 450 212 106 255 993 892 897 91 203 231 642 68 374 579 223 18 501 857 716 
263 198 44 718 211 78 424 58 473 130 714 812 933 623 28 413 700 935 987 788 796 692 840 435 915 236 347 708 837 357 581 953 389 220 557 475 848 948 793 947 962 935 72 246 0 394 980 491 228 411 24 937 738 166 914 360 651 380 430 248 83 714 88 22 72 
975 493 819 381 744 327 592 620 139 337 832 703 73 925 673 718 788 33 822 940 855 637 489 758 750 126 278 830 883 148 871 685 527 621 44 670 187 249 517 259 233 824 996 748 394 0 805 32 926 234 463 689 753 580 687 554 205 480 434 708 917 12 305 935 472 
652 507 910 435 211 278 351 900 664 518 594 345 958 910 734 941 139 263 472 888 257 110 307 749 87 629 390 895 81 922 355 90 703 951 697 759 973 30 287 998 196 121 759 450 980 805 0 181 567 534 921 739 196 207 630 593 848 606 489 32 940 427 778 261 256 
907 452 357 538 577 999 975 624 64 870 341 811 408 733 170 261 879 504 472 200 75 940 59 184 750 554 10 573 508 971 709 413 91 283 352 404 398 876 750 283 117 932 255 212 491 32 181 0 130 247 976 757 677 198 963 513 861 618 954 924 123 661 229 661 939 
225 793 399 181 900 906 629 951 130 745 385 321 461 271 26 718 842 284 281 58 860 430 397 941 60 239 511 325 60 792 283 680 60 860 358 27 416 793 749 444 765 265 200 106 228 926 567 130 0 29 693 995 142 40 417 435 802 437 872 843 502 239 349 460 143 
652 931 13 103 49 510 807 863 25 232 531 419 451 861 988 658 929 903 865 214 738 750 473 799 382 245 788 112 319 469 964 345 829 186 203 293 403 141 401 9 96 872 914 255 411 234 534 247 29 0 161 289 503 613 432 514 258 948 26 595 842 837 619 831 62 
398 853 267 869 923 959 712 660 734 221 81 197 784 640 16 777 747 119 318 457 600 876 550 468 134 883 140 489 344 364 771 827 414 509 464 552 261 423 508 299 835 514 931 993 24 463 921 976 693 161 0 581 824 589 27 863 486 975 451 944 89 78 814 139 586 
565 254 498 725 513 988 902 461 767 142 62 540 455 470 497 399 138 742 614 859 965 203 431 69 161 872 457 480 581 844 766 962 931 324 153 476 492 550 256 675 278 578 39 892 937 689 739 757 995 289 581 0 268 793 688 174 290 652 372 831 126 498 497 652 865 
697 506 993 701 719 514 357 909 219 868 123 826 508 518 76 541 746 409 379 447 888 921 717 429 766 851 671 587 918 901 491 127 192 261 746 477 338 38 179 467 138 491 889 897 738 753 196 677 142 503 824 268 0 587 90 289 75 89 429 26 393 994 262 306 329 
726 832 943 158 32 585 285 389 312 685 453 870 880 584 466 147 150 938 414 815 334 232 813 591 998 347 374 318 520 823 892 944 655 781 747 849 182 262 614 632 459 792 960 91 166 580 207 198 40 613 589 793 587 0 81 318 744 524 110 984 928 926 676 241 543 
371 113 342 83 295 141 89 414 271 752 674 143 532 93 327 668 608 940 938 678 614 58 207 391 755 208 807 348 270 608 91 16 861 565 769 77 459 207 607 941 478 211 968 203 914 687 630 963 417 432 27 688 90 81 0 641 384 231 645 429 269 52 87 86 640 
639 591 59 846 809 81 678 979 465 481 185 44 414 886 538 919 502 21 2 790 957 268 814 547 549 613 559 636 606 560 982 636 139 595 353 982 361 814 557 484 295 229 178 231 360 554 593 513 435 514 863 174 289 318 641 0 661 442 191 764 967 928 960 54 496 
71 838 20 350 131 590 487 962 200 821 713 758 410 183 124 699 300 395 283 52 190 501 644 389 30 235 385 243 984 582 783 888 990 571 843 261 762 334 952 303 610 958 985 642 651 205 848 861 802 258 486 290 75 744 384 661 0 165 181 708 224 781 478 936 449 
388 917 744 483 549 536 192 562 874 893 106 268 859 47 978 891 677 407 378 617 174 796 114 483 462 223 905 820 355 816 47 534 882 126 442 226 168 928 995 661 653 171 455 68 380 480 606 618 437 948 975 652 89 524 231 442 165 0 198 373 231 795 104 892 331 
459 678 362 421 90 199 902 765 284 781 644 273 572 60 469 980 555 33 147 673 591 204 986 536 422 178 918 207 970 2 551 990 416 337 915 133 85 987 35 838 950 170 621 374 430 434 489 954 872 26 451 372 429 110 645 191 181 198 0 728 453 696 806 170 997 
980 172 694 677 441 148 107 916 98 461 440 636 246 841 290 624 414 435 786 167 419 569 890 811 793 425 607 838 733 208 705 193 213 68 584 487 735 575 978 277 930 523 909 579 248 708 32 924 843 595 944 831 26 984 429 764 708 373 728 0 968 436 96 676 548 
368 791 121 978 604 223 331 147 26 299 363 730 205 850 837 816 809 263 872 265 890 539 32 42 570 308 197 620 719 769 470 35 876 819 218 762 835 396 774 453 919 900 771 223 83 917 940 123 502 842 89 126 393 928 269 967 224 231 453 968 0 812 196 407 37 
303 269 175 950 587 171 282 30 430 220 93 699 575 293 980 813 268 999 581 900 72 57 573 612 746 602 274 728 422 370 611 592 24 955 917 856 355 352 261 702 674 84 92 18 714 12 427 661 239 837 78 498 994 926 52 928 781 795 696 436 812 0 817 990 56 
493 80 652 87 217 770 639 32 883 331 514 892 508 136 105 137 294 501 925 160 339 913 297 496 675 909 534 725 629 206 916 532 450 197 753 169 110 774 24 292 556 34 543 501 88 305 778 229 349 619 814 497 262 676 87 960 478 104 806 96 196 817 0 873 921 
52 979 409 152 563 174 982 924 582 927 719 18 58 951 762 387 706 524 929 880 870 462 618 152 697 78 636 687 603 47 758 326 798 816 361 423 322 321 637 630 58 803 140 857 22 935 261 661 460 831 139 652 306 241 86 54 936 892 170 676 407 990 873 0 979 
218 653 994 632 690 52 356 806 874 955 726 891 710 557 460 797 704 572 45 805 701 389 960 217 726 572 623 34 683 339 399 603 798 206 426 829 59 602 789 962 955 401 784 716 72 472 256 939 143 62 586 865 329 543 640 496 449 331 997 548 37 56 921 979 0 
0 0 1 0 0 0 0 0 1 0 1 0 0 0 0 0 0 1 1 1 0 0 1 1 0 1 1 1 1 1 0 1 0 1 1 1 0 1 1 0 1 0 1 1 0 1 1 0 0 1 1 1 0 0 1 1 0 0 1 1 1 0 0 0 0 