100
0 3
86 88
27 76
31 42
37 63
8 51
7 85
5 32
91 94
77 84
69 95
71 79
16 43
46 59
82 87
48 55
87 90
77 99
49 94
82 82
14 26
50 51
59 59
77 91
77 93
55 64
68 86
95 98
99 99
67 76
8 79
49 93
50 78
95 98
33 33
70 99
77 94
19 30
91 98
58 94
68 77
9 66
28 91
16 38
54 98
17 30
26 39
57 78
28 39
60 89
74 76
7 12
10 81
80 87
61 78
74 86
34 88
81 83
9 15
6 24
67 74
57 67
36 89
31 52
65 89
90 93
47 62
76 93
55 87
41 72
59 95
66 69
47 68
11 15
54 84
8 92
83 94
92 94
70 92
49 82
15 34
94 96
12 98
30 33
10 88
55 86
10 70
1 31
90 95
32 62
90 93
35 66
7 86
76 80
92 95
12 90
40 52
80 91
10 66
92 96
