93
14 60
12 88
11 49
34 72
41 92
0 57
35 66
18 72
19 68
14 46
7 70
27 88
38 85
12 44
16 61
7 60
0 39
37 71
20 62
34 71
7 77
32 85
34 83
24 87
6 48
1 90
36 72
38 73
20 74
40 75
43 74
16 54
6 57
12 54
1 92
24 86
24 63
30 87
28 87
15 51
31 72
20 56
11 78
12 91
32 65
0 47
16 54
36 76
45 87
41 88
3 36
41 83
45 91
25 81
39 80
12 91
5 81
2 72
38 92
18 92
10 75
18 65
3 70
14 80
0 80
2 88
30 92
23 87
12 73
32 65
20 83
4 75
36 80
23 54
36 86
22 56
12 49
19 72
1 55
6 71
40 79
6 92
33 69
36 80
34 85
45 88
35 69
43 78
9 64
22 53
16 66
31 72
39 91
