100
0 35
43 80
13 82
15 56
18 71
4 66
3 89
2 54
45 86
38 80
34 94
35 77
8 60
23 66
41 81
24 63
43 82
38 99
24 95
41 74
7 48
25 58
29 62
38 89
38 91
27 68
34 86
47 92
49 86
33 76
4 85
24 94
25 82
47 93
16 49
35 99
38 92
9 50
45 95
29 94
34 76
4 76
14 93
8 57
27 98
8 50
13 55
28 80
14 55
30 90
37 72
3 39
5 87
40 83
30 79
37 84
17 90
40 76
4 41
3 48
33 73
28 70
18 92
15 64
32 89
45 85
23 69
38 92
27 88
20 78
29 95
33 69
23 73
5 41
27 86
4 95
41 91
46 84
35 91
24 85
7 53
47 87
6 99
15 50
5 91
27 87
5 79
0 53
45 89
16 71
45 85
17 74
3 90
38 76
46 89
6 93
20 62
40 88
5 76
46 90
