15
12 7
200
13 30 6 30
15 38 15 38
5 22 13 34
7 9 2 14
9 16 14 21
14 4 13 38
6 8 2 34
14 11 12 23
13 16 5 27
5 38 15 39
3 24 4 27
9 12 13 37
12 18 4 18
5 29 4 29
2 16 10 25
8 10 6 25
15 30 14 37
5 37 10 38
10 19 15 22
2 19 12 36
11 18 10 37
14 27 6 27
5 14 1 34
15 11 8 11
2 1 1 25
2 12 7 19
6 24 15 25
8 9 14 19
6 32 15 38
13 21 6 37
6 14 14 34
13 28 8 39
12 13 1 38
13 6 14 30
1 27 15 33
2 10 9 23
1 33 5 34
13 14 7 30
11 4 8 5
8 2 6 30
9 25 6 39
15 7 9 7
4 36 8 38
11 14 12 31
9 27 15 37
11 39 15 39
10 27 1 27
13 37 8 38
15 33 10 35
2 31 13 36
10 31 12 37
14 19 14 23
2 17 11 26
4 32 3 37
8 25 6 39
11 4 14 8
9 27 1 27
2 35 5 35
11 10 13 25
3 28 15 36
8 2 5 22
12 35 5 36
9 30 2 30
7 19 1 31
10 33 11 34
14 6 7 35
14 26 6 38
6 11 7 26
12 17 15 35
10 37 11 37
15 15 10 16
4 5 13 35
12 34 4 36
14 34 14 38
10 28 1 33
5 23 5 31
10 10 2 14
7 11 11 18
14 5 4 36
13 8 15 19
15 8 7 29
6 36 4 37
7 18 2 32
6 3 2 7
1 9 7 39
15 38 9 38
7 3 12 7
13 3 4 3
14 8 6 12
2 33 1 38
8 18 10 32
11 18 14 26
10 33 13 39
4 20 10 21
12 25 15 27
6 7 6 20
9 2 6 17
13 35 13 38
3 22 7 33
3 19 2 37
5 20 10 38
6 10 6 11
12 25 6 28
8 7 5 31
5 36 2 37
10 34 5 34
11 1 3 19
5 5 15 35
8 21 4 26
13 4 1 5
8 11 2 22
13 30 11 37
1 29 5 31
13 9 2 11
5 23 3 37
5 17 14 17
2 6 6 29
4 23 3 38
14 9 4 27
10 35 9 38
3 17 4 29
12 4 14 31
2 8 10 22
2 25 2 36
6 17 3 18
6 34 1 37
12 18 8 29
1 20 9 26
8 32 4 33
3 11 5 22
3 16 7 30
7 2 3 39
3 14 13 32
3 31 3 32
1 14 8 35
12 35 11 36
4 21 15 28
14 5 15 12
10 39 4 39
9 8 3 14
11 32 15 33
15 33 14 37
6 28 8 37
4 11 12 29
3 7 6 29
1 27 11 35
8 7 8 15
9 29 13 33
11 21 5 32
3 4 12 5
10 27 9 35
10 6 13 36
6 7 11 35
13 25 3 26
11 24 6 35
4 16 4 25
4 7 15 9
5 13 4 34
7 34 8 37
13 5 8 14
8 36 6 36
11 11 1 15
3 11 13 27
15 6 1 16
14 13 5 19
4 37 12 37
7 6 15 13
6 37 1 38
10 23 1 24
6 24 2 29
12 23 10 30
15 0 8 38
12 15 14 16
1 36 14 38
4 38 5 38
8 17 3 19
5 14 13 28
11 8 3 21
6 13 5 28
2 7 5 32
6 26 10 37
13 38 3 38
7 38 10 39
3 25 15 37
8 9 14 28
13 12 1 15
10 27 1 30
15 0 10 27
10 15 12 15
3 15 1 21
7 13 13 25
2 29 5 31
10 5 13 35
15 32 6 33
7 9 14 22
12 38 5 38
15 27 8 35
10 4 1 32
12 22 10 35
11 0 5 16
