100
64 97
2000
55 59 10 93
3 46 25 80
59 10 51 95
51 85 51 92
9 70 22 90
47 36 50 46
60 71 6 95
67 68 66 85
41 36 95 59
19 96 18 96
96 10 90 30
20 33 9 66
58 96 60 96
7 59 75 71
47 93 43 94
81 81 6 98
4 42 24 42
83 16 12 56
60 80 51 82
96 66 51 99
25 1 15 80
83 8 12 60
23 19 89 93
53 90 53 93
41 39 17 69
65 24 95 52
28 38 66 48
52 99 76 99
11 47 25 66
87 89 58 96
46 42 70 61
73 74 88 96
6 40 80 44
69 63 21 72
89 3 9 92
44 26 98 60
73 48 17 49
64 31 73 61
84 58 55 86
11 90 6 99
10 10 8 45
29 2 9 90
38 98 91 99
8 17 44 39
27 70 6 82
91 94 82 94
9 66 50 70
23 71 18 73
22 66 87 85
17 38 40 55
76 46 64 60
67 20 56 32
46 30 96 76
80 62 74 96
3 62 1 94
45 28 47 50
71 76 90 79
32 94 60 97
14 70 16 89
23 56 89 90
61 97 81 97
71 47 3 68
56 49 91 95
97 48 31 67
40 58 80 66
10 19 80 30
71 97 78 97
63 27 14 66
62 90 42 92
43 84 85 89
64 27 44 54
83 92 21 97
74 84 9 87
18 88 73 95
72 55 17 78
57 8 14 52
94 83 53 85
2 40 1 78
33 0 24 26
88 1 84 59
73 77 19 77
55 6 77 69
53 73 40 86
56 52 88 69
64 98 73 99
92 4 98 44
76 74 30 87
81 91 99 98
94 11 40 20
56 0 95 39
53 82 94 89
96 89 47 96
32 10 52 45
86 95 83 95
12 55 5 57
13 54 61 96
56 11 90 33
86 26 94 95
24 15 63 51
94 25 17 70
21 46 29 99
91 56 30 56
72 50 28 86
17 61 78 71
31 56 79 90
42 67 2 90
22 5 72 63
50 42 39 43
6 84 31 96
48 57 77 62
90 71 18 81
12 57 72 91
52 73 3 84
58 31 16 50
12 87 85 87
48 0 67 51
25 54 76 75
29 96 25 97
11 28 33 80
96 64 78 71
8 44 48 63
96 54 93 76
68 0 4 68
55 34 68 57
72 37 70 51
40 96 40 98
87 34 69 70
53 81 48 98
48 0 91 23
54 97 56 97
70 81 70 90
18 56 25 80
97 65 7 88
19 8 50 64
78 3 63 50
47 84 45 99
76 25 96 38
62 49 91 95
6 71 64 82
71 56 36 91
9 24 71 93
37 8 51 71
50 52 90 61
27 25 49 36
56 54 17 88
83 26 50 83
74 11 5 30
27 99 9 99
77 48 37 71
99 99 99 99
81 98 63 98
24 33 51 33
8 74 96 97
11 67 46 82
78 46 52 87
83 27 70 79
25 26 65 47
41 11 17 51
51 61 37 67
51 14 58 75
12 23 64 36
75 43 59 91
29 19 4 86
21 58 56 70
35 97 7 99
33 2 89 28
54 60 3 77
6 48 91 57
5 91 43 94
36 47 32 93
48 78 96 80
3 88 22 96
49 50 4 52
77 53 67 75
86 18 93 62
67 94 84 94
80 19 43 22
89 1 71 80
61 70 5 78
75 87 33 89
64 29 84 42
10 75 64 91
55 60 78 93
97 87 86 94
90 0 62 84
59 52 48 54
6 45 45 96
65 5 70 67
38 27 67 35
98 3 57 55
76 9 65 70
41 39 60 84
46 79 89 81
6 76 97 81
24 54 70 85
86 67 28 90
83 90 60 90
43 0 90 14
70 94 5 96
27 38 83 60
14 52 100 77
23 72 18 78
67 50 75 52
30 73 16 90
72 13 59 73
78 55 68 84
68 43 85 52
65 49 45 90
22 66 61 77
34 69 73 69
94 87 90 93
76 1 57 55
34 46 49 57
71 85 61 91
6 86 31 89
50 12 52 31
51 22 28 33
98 20 91 86
72 22 86 57
84 6 87 14
57 89 7 91
20 31 4 36
32 54 9 93
57 45 22 67
44 68 45 68
6 7 62 21
74 10 75 40
95 19 59 76
86 93 95 98
57 63 95 77
98 81 24 81
45 43 89 94
100 8 46 57
80 36 42 74
85 12 5 52
36 48 36 76
23 61 66 76
48 76 96 84
66 1 20 84
56 77 100 98
76 96 52 98
78 41 49 42
93 88 65 89
15 76 99 86
31 49 63 50
91 92 34 93
5 51 79 67
16 93 15 96
86 38 75 90
88 83 69 91
97 0 83 60
23 65 40 96
28 61 16 66
15 59 100 67
91 69 24 83
31 17 11 24
4 89 15 99
33 48 47 59
2 11 24 16
34 52 66 60
89 57 44 81
85 54 47 60
10 93 16 94
92 48 77 57
59 59 62 77
67 50 96 83
23 88 94 95
4 51 100 62
50 44 58 80
96 77 95 93
53 66 54 77
73 64 16 92
39 8 95 9
78 30 92 67
80 96 38 97
74 51 76 86
3 85 55 87
78 57 26 98
22 30 78 85
28 19 45 70
92 47 81 97
87 52 74 82
3 4 39 66
66 20 44 97
97 92 23 95
92 49 88 54
24 28 65 50
98 42 96 53
20 41 78 99
46 12 45 17
28 82 21 84
84 2 68 5
40 29 37 96
34 34 90 70
75 7 35 66
3 41 15 77
86 3 30 30
42 27 75 32
2 1 45 87
18 17 25 73
99 11 64 12
30 20 8 92
99 13 42 53
48 99 62 99
8 0 72 43
94 46 94 54
76 35 12 89
38 61 7 74
95 6 57 23
41 42 81 42
28 96 81 97
21 75 9 79
64 50 29 76
53 40 99 97
10 58 61 94
96 7 20 28
11 32 59 65
60 61 11 95
1 6 89 19
91 7 45 18
90 23 14 29
4 8 50 41
74 46 73 89
31 6 83 21
85 60 5 77
12 64 66 91
65 94 37 94
11 8 72 62
77 40 28 44
64 78 70 88
43 76 64 85
61 84 31 95
14 11 14 11
58 66 77 68
76 16 39 95
17 66 5 74
78 72 63 98
84 1 49 55
1 30 93 59
89 43 10 54
53 60 98 82
88 8 39 48
95 24 46 24
28 49 75 71
99 45 99 76
45 57 38 60
40 86 55 93
98 63 84 83
15 30 56 98
26 57 12 87
94 77 50 93
44 99 25 99
9 35 5 52
65 51 53 88
60 27 85 54
58 1 29 47
69 99 77 99
30 7 19 94
52 31 79 64
50 36 14 68
30 68 39 95
91 15 76 56
67 38 58 70
17 88 33 91
43 94 39 94
90 78 46 85
54 48 2 78
13 54 14 83
45 24 49 67
6 8 49 40
78 4 87 56
11 34 3 46
24 95 9 99
28 18 46 51
94 88 28 91
82 27 11 88
93 32 71 38
22 16 83 71
14 12 25 93
55 25 55 89
55 34 42 57
100 0 34 74
75 14 3 87
90 4 5 6
73 75 30 89
88 50 49 95
7 51 62 56
47 23 23 88
38 94 85 99
95 24 90 41
6 91 14 94
53 11 11 78
39 87 42 95
83 49 84 89
96 11 31 55
70 66 52 76
32 8 70 90
34 17 58 92
4 85 86 87
68 49 56 67
5 53 9 68
19 78 88 83
26 83 99 90
89 71 3 76
53 63 21 81
70 32 44 35
96 63 82 66
17 96 85 99
42 9 25 21
43 28 27 52
53 62 77 73
50 29 51 32
78 95 50 95
91 50 21 55
13 94 5 95
63 10 52 82
79 44 71 46
32 18 29 53
37 41 11 57
83 9 84 26
39 95 58 99
16 77 24 94
98 49 100 87
54 20 29 80
1 97 17 98
97 92 87 92
50 18 88 68
3 55 4 84
26 3 36 87
98 45 54 92
98 0 45 39
17 36 100 86
55 60 25 69
82 22 59 86
68 90 35 94
5 90 29 91
87 10 63 22
22 14 75 58
71 21 63 31
67 43 65 82
42 76 42 93
65 5 64 79
77 58 16 98
66 12 89 99
30 61 8 97
6 70 14 98
81 88 11 97
97 2 35 99
22 40 7 80
54 66 88 66
71 21 35 34
50 95 29 97
17 52 28 52
1 27 64 78
99 78 90 82
86 51 37 95
13 97 46 97
92 56 80 92
50 84 36 85
100 92 8 93
72 28 69 67
91 23 80 54
7 68 36 71
94 4 14 36
91 44 77 62
54 53 54 90
24 50 100 90
43 29 98 89
72 88 68 90
93 24 83 96
92 39 27 52
65 54 18 96
89 33 3 91
48 59 86 84
9 25 49 35
89 11 88 65
56 82 48 84
55 22 57 57
49 73 77 78
25 67 21 99
99 62 19 80
14 7 17 32
29 16 42 18
31 20 77 52
20 13 24 91
60 37 51 48
82 52 41 81
83 89 4 95
70 85 9 88
27 53 54 93
18 33 80 53
44 12 81 87
15 32 99 63
22 13 77 69
2 62 14 65
31 39 64 62
8 5 44 65
92 81 66 95
15 86 100 96
87 23 29 46
54 44 64 61
91 24 11 64
28 89 29 90
44 16 14 90
79 77 87 90
50 2 85 52
69 87 80 88
100 62 65 92
4 7 100 43
45 67 94 91
88 21 57 36
80 93 78 94
6 10 88 58
71 52 11 93
34 50 36 57
9 18 45 22
92 27 78 30
100 68 30 80
16 47 9 84
79 21 96 35
67 61 85 72
60 95 3 98
75 90 24 94
19 54 42 78
3 64 56 68
100 78 88 94
54 58 35 61
63 27 20 53
3 40 9 50
56 20 89 52
63 24 39 71
20 10 40 44
78 29 83 93
25 76 1 85
52 47 25 79
40 16 20 99
9 9 76 95
29 45 57 50
78 70 15 77
85 3 39 45
18 85 95 87
87 66 66 98
70 8 7 63
97 66 75 66
38 82 93 96
82 12 61 51
5 47 23 90
68 27 52 46
80 45 19 98
30 81 43 88
72 36 48 54
7 35 82 42
3 24 57 57
51 92 20 93
41 79 76 96
8 53 8 59
80 75 71 77
32 78 57 97
33 29 54 89
23 56 50 83
72 50 51 97
4 80 15 86
88 86 25 95
26 26 48 97
92 92 54 96
4 41 97 78
35 86 71 92
84 40 3 77
74 28 50 94
45 0 92 3
57 95 59 98
25 70 27 83
45 65 63 97
87 82 17 86
65 7 83 24
9 72 79 95
93 79 17 86
6 0 61 66
65 32 8 50
92 84 15 99
30 14 79 31
59 39 32 66
23 94 14 94
1 16 30 82
71 73 3 93
56 57 97 91
39 23 39 74
96 46 98 74
94 12 74 85
28 75 26 78
12 50 26 59
45 12 21 66
11 33 50 34
95 73 37 79
12 98 61 98
89 8 71 97
40 81 9 95
36 82 42 90
46 81 21 89
11 75 32 79
70 33 89 70
55 78 84 99
28 89 18 97
6 99 47 99
32 97 34 97
56 77 89 95
46 92 40 97
49 99 59 99
65 99 38 99
3 27 4 39
34 27 97 86
64 26 53 99
89 85 87 88
96 3 42 63
39 94 62 99
94 52 7 80
70 8 5 28
36 2 28 24
88 47 21 63
65 70 29 89
90 25 96 94
96 32 38 81
61 94 7 99
62 81 1 94
16 90 88 93
87 12 49 78
56 84 54 88
92 92 28 94
70 46 78 47
29 60 78 61
58 5 32 34
54 9 75 16
94 23 74 89
19 92 27 96
11 75 98 94
10 28 18 40
23 29 39 79
1 11 27 74
81 39 34 98
51 33 81 41
52 42 37 61
30 4 83 61
33 59 95 88
69 88 83 91
2 7 74 66
49 35 15 41
90 11 49 59
20 30 83 95
94 28 43 91
49 37 5 44
11 76 25 99
100 62 19 76
14 64 67 94
45 9 37 78
52 36 53 77
8 51 58 65
83 18 45 23
39 6 43 54
41 68 8 82
18 17 36 83
27 36 91 93
93 37 48 65
42 33 58 91
47 27 100 78
42 98 85 99
95 53 12 72
28 78 3 99
21 92 58 97
66 11 9 79
30 47 72 55
44 20 20 78
49 61 15 75
48 6 96 82
46 44 91 77
83 51 7 62
88 8 24 78
15 28 71 92
26 97 95 97
49 19 29 78
13 35 24 47
39 32 97 83
53 76 22 78
27 33 58 98
83 59 87 84
12 77 18 80
83 69 65 81
55 51 18 66
17 9 61 80
9 18 100 25
10 70 12 75
87 73 30 97
52 17 13 52
58 1 79 92
36 74 97 97
69 40 56 92
23 16 75 54
10 56 3 83
42 72 34 78
99 21 40 67
23 30 84 38
7 93 73 99
54 46 69 60
5 11 54 78
77 69 29 75
52 91 93 96
11 59 20 93
6 26 40 73
7 23 93 45
74 98 8 99
37 50 23 75
86 92 58 94
6 55 99 90
3 19 49 89
7 30 71 92
59 43 25 75
100 97 50 97
31 14 79 45
19 73 65 94
41 11 59 68
21 40 77 74
89 88 35 93
57 13 50 48
17 25 25 89
77 30 78 34
8 89 72 95
66 33 65 66
9 99 81 99
16 63 67 90
93 97 8 97
18 63 84 85
46 28 13 96
99 77 14 86
91 23 63 85
79 71 58 77
35 86 90 97
67 44 89 47
57 97 11 99
81 59 64 98
22 10 99 30
9 69 8 92
26 67 15 70
89 56 43 89
72 5 92 90
32 77 75 79
80 89 77 91
70 10 46 17
27 30 31 31
32 13 27 31
17 24 80 99
61 84 80 85
82 93 30 95
55 31 74 36
19 28 30 48
40 48 49 90
50 47 99 80
76 93 48 97
23 50 1 71
93 76 97 86
34 84 87 89
60 56 45 96
88 20 80 51
82 35 56 51
91 25 29 48
33 70 66 84
64 50 9 92
15 82 85 84
5 18 85 76
53 74 64 81
61 21 29 59
17 57 16 82
54 27 88 46
77 82 88 83
17 82 23 84
92 77 98 97
79 32 86 60
27 86 22 93
67 40 64 95
99 28 39 51
53 18 83 68
64 43 34 63
15 56 53 81
18 62 54 78
49 69 88 80
53 70 20 89
96 38 66 68
18 87 2 88
9 65 56 82
33 42 41 97
50 33 97 98
24 65 36 92
15 71 31 81
88 79 76 88
92 25 1 59
92 2 44 77
53 36 92 97
9 47 59 57
74 24 41 69
71 42 91 53
86 82 95 85
70 44 23 62
60 65 27 83
76 65 68 79
20 1 15 2
94 1 49 18
92 95 63 95
54 74 30 75
77 47 94 79
22 71 5 85
61 73 89 97
55 96 44 97
57 31 84 73
79 24 91 71
72 60 27 84
100 69 28 99
12 14 87 39
47 43 83 85
15 15 22 26
48 41 2 91
14 1 2 71
32 14 76 14
35 87 89 96
69 61 24 91
23 32 69 93
33 21 29 75
99 10 51 40
7 74 39 95
54 83 9 85
9 43 9 70
65 95 90 97
55 12 20 57
49 52 73 53
50 42 33 75
49 26 87 28
17 93 14 93
44 55 83 88
46 61 11 96
98 53 65 78
83 9 84 44
38 24 74 41
51 17 95 46
57 85 33 87
94 25 53 69
60 94 42 95
61 94 15 99
33 84 34 94
13 67 47 95
43 3 84 99
72 37 31 82
73 60 81 69
90 22 42 82
87 80 44 91
57 46 70 80
24 62 8 72
35 26 4 65
29 43 55 87
30 68 72 69
7 74 9 75
86 63 35 65
15 93 84 94
18 95 36 95
84 10 86 35
75 54 14 65
66 2 77 3
28 53 62 71
25 4 88 5
99 54 47 60
46 15 99 79
14 99 91 99
82 6 59 6
89 45 2 49
32 37 80 40
49 12 58 60
51 77 76 96
77 28 59 94
85 31 61 97
93 89 25 89
46 78 2 82
67 19 53 37
14 9 33 27
61 39 33 39
66 71 21 95
2 42 15 69
48 26 85 47
90 74 41 94
63 6 84 11
32 23 20 36
5 78 45 94
12 7 72 92
11 18 57 73
87 82 24 84
58 88 23 91
20 41 58 56
77 20 60 43
40 30 17 69
7 7 61 91
36 66 77 73
84 99 12 99
80 60 59 74
46 5 67 34
83 52 8 96
88 4 75 4
79 42 26 55
31 61 68 94
49 41 62 68
39 47 99 94
61 15 55 90
51 66 47 94
60 45 37 99
56 92 64 98
71 85 89 88
94 7 91 73
47 34 55 97
90 49 23 97
42 12 15 67
18 65 32 72
15 36 7 57
98 69 49 88
68 11 13 89
21 10 94 62
13 24 98 78
8 40 75 49
69 42 1 81
3 94 32 98
97 17 91 64
90 74 42 76
59 2 72 59
44 41 81 69
9 66 48 80
22 9 38 53
20 23 44 50
67 48 94 82
36 56 78 56
63 95 46 95
63 62 100 62
6 70 93 82
83 92 76 95
18 95 83 96
5 0 35 17
80 23 5 40
44 99 71 99
9 73 49 97
32 27 98 32
55 70 12 78
65 11 66 12
41 91 68 96
70 44 33 92
20 19 91 66
17 67 86 72
75 1 32 54
52 54 29 90
48 14 59 18
65 6 17 83
93 39 44 73
90 54 57 70
72 33 16 90
34 59 54 60
69 21 63 38
41 30 21 63
48 78 92 89
80 41 42 65
35 33 48 34
75 53 94 88
29 69 85 72
57 49 20 65
53 29 99 77
49 68 67 86
29 38 11 68
87 52 67 53
83 20 7 36
68 92 91 95
93 27 41 55
29 88 43 98
51 73 88 77
61 7 22 83
69 74 52 92
47 55 34 80
15 98 37 99
44 50 63 92
73 13 66 71
78 5 96 24
40 49 64 63
92 13 8 17
58 65 93 97
4 40 98 78
63 15 43 92
9 30 86 86
85 32 81 92
14 4 66 55
60 10 53 26
93 77 7 85
90 92 50 98
83 76 27 90
19 72 21 75
6 63 2 71
53 92 46 99
30 66 53 93
5 55 68 73
45 20 69 26
69 40 77 92
94 7 4 51
32 22 52 63
8 5 17 27
11 1 60 61
100 49 73 80
28 38 11 99
64 87 6 95
6 92 67 98
28 53 28 99
8 68 9 86
21 42 98 54
99 71 63 93
83 86 55 90
40 65 76 78
97 49 94 90
21 35 54 35
61 13 8 62
14 66 54 73
85 82 81 94
63 13 31 22
21 89 43 99
10 90 42 95
25 5 74 47
40 58 10 60
50 59 70 74
70 24 38 88
71 64 62 78
61 41 81 62
37 45 93 61
64 22 80 82
61 81 51 93
98 49 46 65
36 44 54 57
59 99 99 99
84 50 4 66
56 71 68 75
38 18 78 78
87 20 50 97
52 28 92 81
38 99 12 99
41 93 14 97
17 1 66 95
63 31 31 73
18 18 88 27
14 48 82 71
20 96 98 97
76 25 31 42
9 1 96 4
72 11 15 12
41 93 57 96
76 23 34 71
29 2 73 79
38 52 5 64
64 11 62 79
45 76 65 95
71 49 28 53
17 77 41 79
85 88 79 89
28 69 67 98
73 42 96 82
63 23 60 80
77 79 69 85
4 12 53 50
88 39 75 77
48 49 86 84
60 50 27 80
55 39 47 57
47 59 70 71
29 32 76 42
73 67 33 86
31 93 23 94
35 68 42 93
20 60 61 63
37 96 87 99
25 29 55 78
53 77 45 77
56 26 93 59
27 92 60 98
36 2 61 44
93 35 76 87
69 20 88 48
41 94 32 98
41 62 39 73
2 21 11 38
48 27 68 48
69 21 42 54
62 50 21 82
52 40 60 81
16 16 6 38
59 63 25 67
36 88 9 93
11 16 98 34
92 36 70 38
89 76 62 87
84 75 21 90
9 86 18 93
64 10 67 35
33 75 19 85
78 82 37 96
7 91 72 93
56 28 84 83
33 29 92 58
12 42 41 53
69 75 13 83
97 42 36 75
64 52 54 82
68 47 63 53
24 74 42 93
92 58 7 68
6 2 93 15
87 41 27 75
44 13 47 19
86 29 94 29
10 68 60 71
38 13 89 43
4 96 53 98
36 53 51 97
70 71 13 71
84 90 87 91
56 6 60 64
81 63 34 69
89 50 57 86
53 34 81 79
96 90 90 92
6 21 43 25
47 62 92 94
9 32 96 51
32 62 31 94
16 13 65 44
73 74 53 94
14 93 69 96
57 90 79 94
1 43 22 69
12 54 58 96
2 38 90 92
10 93 81 97
8 25 9 64
95 69 46 98
50 99 48 99
53 31 82 68
6 79 42 94
4 76 27 98
38 6 72 84
33 7 66 64
57 23 1 51
45 16 21 58
26 86 76 91
56 51 2 68
86 66 73 71
15 9 6 15
20 57 6 70
53 19 84 71
45 4 93 30
70 46 55 48
39 18 76 34
48 88 80 98
90 14 95 76
96 86 89 99
87 44 22 79
29 44 70 63
39 45 49 64
76 44 12 82
19 82 35 84
17 81 96 82
50 13 6 24
58 92 60 97
11 43 13 65
30 96 100 97
85 97 46 98
26 45 44 99
29 94 2 97
59 74 72 92
80 28 16 84
67 62 93 89
96 56 39 70
31 93 88 94
15 89 78 98
40 35 96 97
63 95 94 95
79 10 64 67
79 2 50 78
48 84 50 85
78 14 19 48
14 56 88 79
43 27 51 96
99 52 99 54
51 52 88 84
89 32 71 73
26 52 45 95
83 97 82 97
27 74 41 94
71 3 90 76
66 92 85 97
38 87 74 89
53 62 28 68
8 89 30 92
85 75 55 92
15 92 29 93
46 17 53 89
100 59 27 72
62 42 16 69
52 80 29 95
64 45 20 92
65 27 16 64
100 41 47 60
40 10 22 10
70 54 71 63
9 45 70 81
94 14 92 82
93 25 66 64
9 49 35 58
95 96 45 98
1 99 1 99
15 46 77 82
67 22 71 65
11 89 26 89
8 17 75 67
72 66 70 93
49 48 9 86
40 49 70 78
100 73 11 87
55 45 3 67
38 82 96 98
28 16 46 91
30 41 43 77
55 0 20 32
75 44 40 64
53 36 85 73
89 65 88 66
30 3 96 91
17 23 53 60
92 55 17 71
72 50 87 63
70 73 82 79
13 64 93 67
92 13 21 33
48 54 53 66
71 69 43 79
70 63 11 86
38 37 65 80
28 84 11 94
99 86 10 89
21 62 93 69
23 36 50 96
35 92 43 99
64 44 17 59
97 42 4 95
14 93 56 93
73 63 34 86
84 88 48 91
90 18 32 22
22 61 82 65
93 12 11 55
56 78 82 95
29 30 31 42
73 56 95 78
66 79 90 93
24 83 32 84
43 40 66 61
71 48 67 51
48 21 21 25
49 75 92 86
32 23 55 52
75 60 25 67
50 5 26 17
76 23 81 62
36 62 14 97
60 57 92 62
8 3 51 48
4 89 87 91
3 42 2 84
90 43 30 48
49 87 3 97
55 16 9 20
59 44 60 89
86 51 85 76
64 20 96 41
40 27 100 58
74 37 61 76
95 42 31 53
71 50 96 71
33 17 15 66
34 73 51 80
57 93 13 96
90 7 63 70
34 46 50 47
7 81 89 93
75 96 90 97
7 93 95 95
41 35 88 67
15 62 98 91
84 49 81 52
43 79 72 92
19 56 45 71
99 78 3 93
21 47 7 79
28 95 2 97
66 30 9 70
91 51 78 98
91 84 34 91
63 27 60 89
87 18 85 29
79 55 86 85
35 37 20 78
93 9 36 71
56 15 43 20
81 8 29 72
5 68 56 92
72 17 76 68
90 44 57 80
8 67 86 94
25 11 8 38
38 65 28 79
14 51 49 84
39 24 57 27
64 70 68 96
75 94 84 99
33 98 36 99
82 96 12 98
6 13 89 40
86 70 24 93
1 55 71 82
51 21 28 43
13 62 34 94
60 76 61 93
84 97 88 97
28 50 40 78
2 91 18 94
41 7 83 69
37 93 45 96
36 43 76 92
5 17 53 64
98 61 98 73
65 6 68 70
5 62 8 84
45 94 91 94
91 37 79 77
99 82 94 86
45 65 94 82
100 9 66 91
43 23 2 92
58 45 18 72
8 96 20 98
74 73 42 77
5 95 99 99
23 92 32 96
63 84 45 84
66 15 52 74
31 10 93 40
1 84 72 99
62 37 43 41
37 79 46 79
37 95 46 97
1 44 60 67
8 29 51 65
80 13 29 74
81 49 4 59
92 45 50 53
26 0 8 18
88 66 14 75
22 27 36 37
83 10 70 24
29 49 1 64
25 81 54 93
95 43 83 86
85 2 65 36
91 27 10 75
90 88 98 91
78 57 98 60
80 16 42 74
10 26 47 87
93 0 23 26
60 72 92 72
92 78 14 88
82 83 8 88
15 3 89 54
8 27 77 60
56 36 44 59
66 65 6 93
83 53 72 59
41 91 8 96
84 52 87 90
56 65 26 74
39 69 16 79
94 57 30 58
36 99 36 99
46 97 58 97
4 25 74 91
90 33 20 95
89 51 63 57
2 91 51 96
51 45 50 48
4 42 30 58
2 82 65 95
31 82 47 98
70 99 43 99
39 8 32 15
92 55 7 84
45 9 34 9
43 93 96 99
88 56 62 74
94 17 66 47
35 5 82 42
4 64 32 67
6 1 63 83
37 94 75 94
38 93 91 99
17 75 3 79
78 47 29 64
9 85 66 85
6 77 35 79
37 8 32 53
89 75 46 92
27 52 14 76
72 42 3 59
84 57 56 57
90 40 42 75
4 20 79 41
23 38 43 87
8 22 73 74
70 67 26 94
19 64 55 82
66 84 11 86
61 4 81 54
22 39 32 69
90 7 9 24
98 53 7 67
63 97 26 99
13 94 64 94
32 14 24 26
75 71 24 93
73 83 41 96
54 21 40 25
39 83 48 88
78 12 91 82
56 26 98 74
66 48 34 62
40 41 32 92
86 85 14 94
53 64 41 96
51 42 23 98
80 36 78 70
41 34 24 71
49 5 38 9
59 97 26 98
76 33 80 75
19 30 17 53
42 18 21 83
59 34 52 76
99 6 70 38
97 64 99 68
12 29 32 52
5 87 41 97
31 32 59 89
25 40 32 89
90 16 64 52
8 4 11 20
41 85 84 93
91 73 73 78
23 98 6 99
100 38 96 94
52 29 48 51
91 75 23 78
52 33 89 80
10 39 98 62
9 14 68 58
99 59 67 88
68 10 26 31
23 49 23 61
47 68 15 79
34 21 19 63
93 43 57 68
59 99 28 99
62 90 61 99
30 46 66 89
39 66 95 67
35 96 65 99
79 45 18 85
5 91 11 95
85 25 66 61
34 23 26 67
18 57 89 66
28 85 19 96
38 70 56 74
80 29 83 81
69 5 4 64
88 23 56 84
8 56 53 80
96 24 34 77
54 14 69 87
66 54 39 63
74 26 91 65
85 76 48 81
98 49 8 85
100 83 74 86
51 16 95 48
88 96 6 99
2 10 6 15
54 57 3 90
62 39 22 46
61 41 47 78
3 25 55 30
90 64 48 94
8 87 8 94
36 4 11 17
53 45 94 66
32 25 53 60
29 18 9 83
99 7 83 87
80 35 58 54
39 86 29 86
83 53 47 93
50 94 33 98
58 72 17 97
73 14 95 49
6 70 51 82
76 30 69 68
80 33 21 59
64 92 27 93
88 97 4 99
21 87 69 93
23 94 46 94
84 9 97 96
34 6 86 76
50 44 35 45
16 23 35 87
12 56 19 62
41 7 14 65
24 79 30 93
12 68 44 97
4 19 93 71
60 39 92 73
62 61 25 74
56 61 82 81
63 76 46 92
69 70 49 74
16 45 41 70
49 0 60 76
5 83 80 86
40 83 85 92
36 67 95 74
26 55 30 94
30 77 12 99
8 76 18 92
39 35 42 81
14 49 34 72
92 62 21 87
38 52 22 69
79 27 17 36
10 64 40 88
61 10 87 35
99 15 73 64
15 77 85 99
45 25 95 51
2 48 40 54
26 63 96 85
80 80 77 83
52 0 60 22
34 55 2 60
93 80 3 84
50 75 39 86
38 90 60 91
6 57 28 98
82 34 41 89
11 44 74 58
50 24 26 44
61 17 55 36
48 66 35 94
33 8 85 22
46 56 37 61
8 31 39 81
93 86 30 94
29 13 21 91
63 52 65 98
87 25 5 63
30 68 37 90
35 33 19 80
82 89 20 98
42 42 89 53
55 40 74 56
71 56 47 72
5 48 93 99
89 39 79 44
13 83 15 83
12 84 50 91
16 5 96 60
79 84 62 89
70 19 26 49
57 20 92 69
51 29 12 58
77 44 66 59
79 10 15 89
100 70 1 85
73 73 37 94
20 81 3 88
49 47 74 59
92 29 13 50
32 65 19 92
94 49 17 80
16 49 21 71
19 79 12 91
40 11 7 54
99 83 22 93
9 52 47 59
62 82 79 96
37 76 93 78
17 93 50 98
22 3 57 73
72 73 33 78
59 90 57 92
84 64 94 87
78 59 14 77
36 55 74 62
11 33 8 89
54 41 47 88
2 75 85 93
45 92 30 95
31 34 29 89
74 28 55 49
88 0 82 34
66 2 97 21
61 61 23 96
47 82 53 95
69 70 7 83
7 52 84 64
15 17 54 83
3 4 10 54
82 4 97 4
88 51 59 68
49 33 89 74
70 35 76 97
43 94 64 98
8 46 88 56
27 63 49 96
37 48 23 75
9 4 44 59
18 10 86 82
94 77 45 96
30 43 91 99
53 57 35 79
84 43 51 74
40 52 24 73
74 41 26 81
27 34 47 43
58 60 18 77
75 70 17 93
67 76 34 90
35 66 39 85
49 89 95 92
88 11 76 25
45 92 13 96
1 29 70 83
90 61 10 93
27 43 23 55
54 33 7 78
34 35 35 79
6 6 56 14
60 21 91 40
15 38 42 42
3 27 15 58
82 48 30 64
45 76 69 83
97 36 75 64
1 75 18 88
35 94 84 96
3 14 45 45
81 39 36 45
15 67 24 69
81 34 60 87
80 3 50 65
33 35 69 49
96 2 26 87
3 29 43 42
22 73 2 89
72 84 81 98
25 88 77 95
20 8 97 14
41 7 50 37
35 8 81 60
86 31 33 49
57 61 12 75
82 35 17 70
51 88 28 98
29 32 94 95
13 34 50 63
95 25 42 92
7 57 70 67
46 79 53 85
29 20 84 51
3 84 30 86
14 93 92 97
33 42 34 88
58 56 45 59
68 45 89 63
84 13 57 31
61 66 40 85
33 12 65 52
64 61 75 97
89 67 51 68
47 65 94 99
35 91 20 97
42 4 40 10
37 32 28 75
20 13 86 58
64 18 75 58
1 54 72 88
37 5 49 7
92 45 11 55
6 35 27 96
57 94 38 99
68 97 33 99
23 42 21 76
3 96 50 96
9 5 31 7
51 27 93 89
95 31 62 39
19 59 34 96
12 57 11 76
13 17 86 63
76 76 18 80
11 81 37 91
41 7 51 57
59 82 53 99
92 73 60 82
100 11 21 60
63 87 78 90
39 29 64 57
94 42 84 79
34 85 100 98
6 4 19 60
20 45 64 96
26 22 60 62
63 17 83 55
25 29 46 74
48 95 11 96
98 65 69 74
100 96 16 99
73 93 14 99
26 15 26 69
49 30 55 36
100 78 29 99
68 80 11 86
74 5 32 74
19 75 60 83
19 79 75 97
66 21 100 70
3 21 1 29
18 52 77 80
90 71 81 74
23 88 60 93
82 74 97 94
95 1 84 1
85 74 83 74
70 87 34 92
8 17 18 64
2 43 97 66
91 51 77 82
77 53 67 80
72 45 41 54
70 75 6 87
74 1 58 14
26 42 58 64
32 83 66 90
74 62 26 99
48 50 67 95
76 27 96 91
77 86 61 95
100 31 32 91
45 51 34 87
33 89 8 89
99 27 3 58
17 67 12 87
85 74 18 76
21 13 100 82
61 94 21 95
45 3 5 25
40 98 57 98
48 81 4 87
65 82 46 87
21 18 45 67
10 8 8 9
75 66 20 76
22 90 47 90
73 27 7 69
85 88 89 89
86 24 59 87
19 9 79 25
84 78 51 82
16 13 30 32
56 91 88 98
91 23 29 74
62 42 62 94
85 45 6 71
19 75 73 83
84 95 51 96
12 10 98 67
75 26 91 96
40 48 23 63
31 67 21 84
98 86 30 87
33 70 96 84
79 42 35 54
14 52 73 53
18 80 90 80
44 60 14 65
62 44 35 98
38 26 43 63
71 1 11 10
100 39 63 50
52 86 24 89
97 22 19 31
24 54 72 75
64 7 33 48
14 41 21 79
42 26 78 70
82 29 44 77
43 8 24 39
85 18 8 82
53 70 31 82
59 0 28 4
56 32 98 46
45 52 70 80
4 24 71 26
41 15 7 71
1 5 12 42
82 1 43 46
35 90 12 99
60 90 81 97
26 81 72 90
64 40 56 66
19 0 34 20
62 4 18 77
96 38 71 68
5 51 75 72
30 2 29 10
72 93 93 97
62 72 34 73
36 21 46 50
14 62 42 90
69 43 33 82
31 90 61 95
73 33 40 58
56 52 15 60
48 84 64 90
34 3 74 34
85 63 94 99
50 45 33 70
94 82 48 83
95 21 56 21
63 67 60 77
66 12 66 95
48 36 34 46
97 46 99 72
91 83 43 87
20 11 11 48
76 70 96 86
56 68 44 75
11 20 49 82
43 82 41 87
40 26 82 72
86 52 28 72
94 53 26 91
49 46 43 89
63 59 52 83
69 43 26 53
9 15 9 80
5 89 65 91
1 31 27 71
21 47 96 83
90 94 65 97
97 64 60 66
10 4 28 79
68 36 19 67
8 24 32 76
2 84 26 86
14 32 25 83
5 34 49 70
35 79 69 95
55 8 56 85
79 58 76 81
72 14 52 61
17 71 96 83
17 46 76 68
72 8 73 87
21 92 51 99
40 35 39 67
47 44 92 98
40 80 85 85
83 19 70 54
1 31 72 54
66 82 32 96
73 42 5 71
38 77 77 92
76 36 64 97
31 66 91 82
74 26 87 55
85 71 30 97
86 33 18 45
98 23 73 35
26 18 97 41
7 22 18 99
70 12 20 93
96 95 39 98
65 57 50 63
44 65 5 82
53 55 81 65
93 29 45 73
44 22 61 81
59 37 77 39
10 41 77 77
65 77 89 97
7 33 82 90
10 74 81 83
41 28 97 40
66 84 56 91
52 41 51 64
13 6 73 60
38 56 88 88
95 86 56 97
4 19 30 76
16 47 58 66
49 34 92 43
64 1 77 19
80 63 56 88
66 92 38 92
56 38 99 60
72 23 20 54
64 78 80 98
77 9 51 21
32 5 81 75
67 18 47 58
67 78 9 99
1 34 18 89
23 23 44 31
19 15 24 66
5 76 56 89
92 63 87 98
3 28 67 31
88 0 65 30
59 79 78 93
81 47 75 82
56 97 47 97
90 13 76 75
52 81 24 95
41 87 10 97
34 39 43 72
71 39 97 83
10 59 73 61
55 24 82 36
31 95 19 97
71 99 47 99
38 62 85 83
88 37 76 64
52 27 90 42
95 52 70 55
83 12 41 48
53 33 27 76
79 9 62 62
82 79 74 93
5 90 84 99
80 44 56 56
44 30 80 61
72 85 79 98
47 35 68 95
87 19 15 30
93 78 67 91
76 86 57 87
1 37 100 88
47 17 33 37
56 41 71 49
45 8 79 84
79 27 82 84
54 3 61 35
19 95 11 97
37 79 59 89
82 76 55 78
99 40 8 61
89 3 14 60
90 20 93 90
66 86 46 87
32 84 95 94
65 3 65 39
85 44 8 52
14 84 7 94
34 76 92 77
4 9 46 61
18 45 4 53
1 14 64 98
83 37 64 48
94 98 85 98
69 95 96 97
68 36 56 50
27 62 13 83
18 7 94 38
70 34 62 97
85 14 81 49
51 13 25 81
27 26 18 97
74 70 81 79
24 12 39 68
41 13 12 81
